Client_Num,Card_Category,Annual_Fees,Activation_30_Days,Customer_Acq_Cost,Week_Start_Date,Week_Num,Qtr,current_year,Credit_Limit,Total_Revolving_Bal,Total_Trans_Amt,Total_Trans_Vol,Avg_Utilization_Ratio,Use Chip,Exp Type,Interest_Earned,Delinquent_Acc
708082083,Blue,200,0,87,2023-01-01,Week-1,Q1,2023,3544,1661,15149,111,0.469,Chip ,Travel,4393.21,0
708083283,Blue,445,1,108,2023-01-01,Week-1,Q1,2023,3421,2517,992,21,0.736,Swipe ,Entertainment,69.44,0
708084558,Blue,140,0,106,2023-01-01,Week-1,Q1,2023,8258,1771,1447,23,0.214,Chip ,Bills,202.58,0
708085458,Blue,250,1,150,2023-01-01,Week-1,Q1,2023,1438.3,0,3940,82,0,Online ,Grocery,236.4,0
708086958,Blue,320,1,106,2023-01-01,Week-1,Q1,2023,3128,749,4369,59,0.239,Swipe ,Fuel,1004.87,1
708095133,Blue,100,0,94,2023-01-01,Week-1,Q1,2023,33304,1833,1448,29,0.055,Swipe ,Bills,275.12,0
708098133,Blue,225,1,75,2023-01-01,Week-1,Q1,2023,2834,1418,1598,39,0.5,Swipe ,Bills,159.8,1
708099183,Blue,400,1,75,2023-01-01,Week-1,Q1,2023,5723,1873,2732,63,0.327,Swipe ,Grocery,409.8,0
708100533,Blue,200,1,64,2023-01-01,Week-1,Q1,2023,2679,2277,4943,85,0.85,Chip ,Food,988.6,0
708103608,Platinum,95,1,80,2023-01-01,Week-1,Q1,2023,11898,2517,15798,128,0.212,Chip ,Grocery,3791.52,0
708104658,Blue,455,1,118,2023-01-01,Week-1,Q1,2023,1438.3,890,2928,48,0.619,Swipe ,Fuel,732,0
708108333,Blue,485,0,86,2023-01-01,Week-1,Q1,2023,5590,0,1507,32,0,Swipe ,Entertainment,150.7,0
708112008,Blue,440,1,86,2023-01-01,Week-1,Q1,2023,23510,1049,1661,35,0.045,Swipe ,Grocery,465.08,0
708113208,Blue,300,1,149,2023-01-01,Week-1,Q1,2023,1688,0,4375,69,0,Chip ,Fuel,525,0
708117933,Blue,360,0,70,2023-01-01,Week-1,Q1,2023,1880,0,2469,34,0,Chip ,Bills,419.73,1
708119658,Blue,340,0,44,2023-01-01,Week-1,Q1,2023,12836,1034,2519,53,0.081,Swipe ,Bills,554.18,0
708121908,Blue,405,0,71,2023-01-01,Week-1,Q1,2023,22917,0,2045,45,0,Swipe ,Grocery,265.85,0
708123033,Silver,355,0,78,2023-01-01,Week-1,Q1,2023,11463,0,14511,105,0,Swipe ,Fuel,3047.31,0
708125733,Blue,220,0,69,2023-01-01,Week-1,Q1,2023,1438.3,0,4311,77,0,Swipe ,Entertainment,1207.08,0
708128733,Blue,125,1,105,2023-01-01,Week-1,Q1,2023,1814,0,5014,99,0,Swipe ,Entertainment,1303.64,0
708129933,Blue,350,1,77,2023-01-01,Week-1,Q1,2023,2072,1544,4210,64,0.745,Chip ,Entertainment,884.1,0
708132783,Blue,250,1,92,2023-01-01,Week-1,Q1,2023,16411,1179,3929,71,0.072,Swipe ,Food,785.8,1
708134283,Blue,125,1,101,2023-01-01,Week-1,Q1,2023,3131,629,1483,31,0.201,Swipe ,Food,311.43,0
708136908,Blue,110,1,73,2023-01-01,Week-1,Q1,2023,2616,801,4655,68,0.306,Swipe ,Entertainment,605.15,0
708139833,Blue,460,0,111,2023-01-01,Week-1,Q1,2023,6391,0,2323,44,0,Swipe ,Grocery,441.37,0
708145908,Blue,320,0,78,2023-01-01,Week-1,Q1,2023,4906,2185,3999,71,0.445,Swipe ,Bills,959.76,0
708147108,Blue,320,0,112,2023-01-01,Week-1,Q1,2023,21084,2517,2309,71,0.119,Swipe ,Travel,277.08,0
708148158,Blue,175,0,73,2023-01-01,Week-1,Q1,2023,1827,0,4207,86,0,Swipe ,Fuel,925.54,0
708151008,Blue,440,1,86,2023-01-01,Week-1,Q1,2023,6250,644,2433,41,0.103,Swipe ,Fuel,486.6,0
708152358,Blue,335,1,101,2023-01-01,Week-1,Q1,2023,18512,1664,8019,57,0.09,Swipe ,Food,721.71,0
708153558,Blue,375,0,150,2023-01-01,Week-1,Q1,2023,34516,1802,7936,101,0.052,Swipe ,Fuel,634.88,0
708154833,Blue,250,0,82,2023-01-01,Week-1,Q1,2023,1438.3,811,2336,46,0.564,Chip ,Fuel,630.72,0
708155733,Blue,335,0,88,2023-01-01,Week-1,Q1,2023,14734,1634,1289,23,0.111,Swipe ,Bills,296.47,0
708158133,Blue,110,1,131,2023-01-01,Week-1,Q1,2023,3031,2517,2188,50,0.83,Swipe ,Bills,350.08,1
708160008,Blue,375,1,96,2023-01-01,Week-1,Q1,2023,34516,1058,7412,84,0.031,Swipe ,Bills,1927.12,0
708161133,Blue,150,1,99,2023-01-01,Week-1,Q1,2023,6629,1389,3891,69,0.21,Swipe ,Fuel,466.92,0
708162558,Blue,420,0,88,2023-01-01,Week-1,Q1,2023,3250,1992,1355,36,0.613,Swipe ,Entertainment,189.7,1
708163758,Platinum,470,0,158,2023-01-01,Week-1,Q1,2023,34516,638,13085,139,0.018,Swipe ,Bills,2355.3,0
708170508,Blue,250,0,72,2023-01-01,Week-1,Q1,2023,1438.3,0,1651,42,0,Swipe ,Entertainment,462.28,0
708171858,Blue,100,1,104,2023-01-01,Week-1,Q1,2023,1864,1081,2607,44,0.58,Swipe ,Fuel,312.84,0
708173433,Blue,285,0,40,2023-01-01,Week-1,Q1,2023,5645,2324,2482,57,0.412,Swipe ,Food,496.4,0
708174708,Blue,175,1,69,2023-01-01,Week-1,Q1,2023,5535,1276,1764,38,0.231,Swipe ,Fuel,194.04,0
708176208,Blue,465,1,89,2023-01-01,Week-1,Q1,2023,7268,0,4199,80,0,Swipe ,Food,587.86,0
708177333,Silver,460,1,107,2023-01-01,Week-1,Q1,2023,11261,2485,1158,26,0.221,Swipe ,Bills,243.18,0
708178608,Blue,300,0,111,2023-01-01,Week-1,Q1,2023,2488,0,4226,73,0,Chip ,Grocery,253.56,0
708185208,Blue,110,1,74,2023-01-01,Week-1,Q1,2023,3178,1118,2010,31,0.352,Swipe ,Bills,180.9,0
708186933,Blue,195,1,102,2023-01-01,Week-1,Q1,2023,1819,725,2254,45,0.399,Swipe ,Bills,270.48,0
708190158,Blue,175,0,113,2023-01-01,Week-1,Q1,2023,2920,2426,2750,41,0.831,Swipe ,Food,632.5,0
708193008,Blue,340,0,148,2023-01-01,Week-1,Q1,2023,14480,0,1616,43,0,Online ,Entertainment,387.84,0
708195633,Silver,110,1,70,2023-01-01,Week-1,Q1,2023,34516,1182,2440,54,0.034,Online ,Entertainment,488,0
708197358,Blue,225,0,111,2023-01-01,Week-1,Q1,2023,30543,264,7784,63,0.009,Online ,Food,622.72,1
708204033,Blue,295,0,86,2023-01-01,Week-1,Q1,2023,2980,2093,4132,70,0.702,Chip ,Travel,826.4,1
708205083,Blue,125,1,151,2023-01-01,Week-1,Q1,2023,1438.3,0,4815,81,0,Chip ,Travel,337.05,1
708207783,Blue,355,1,107,2023-01-01,Week-1,Q1,2023,1477,0,4680,80,0,Swipe ,Entertainment,514.8,1
708208758,Blue,275,1,85,2023-01-01,Week-1,Q1,2023,1826,883,2199,48,0.484,Swipe ,Fuel,571.74,1
708211383,Blue,200,0,111,2023-01-01,Week-1,Q1,2023,2664,0,3906,74,0,Online ,Fuel,1054.62,1
708212658,Blue,190,1,70,2023-01-01,Week-1,Q1,2023,2193,1260,1799,47,0.575,Swipe ,Bills,521.71,1
708216108,Blue,300,1,93,2023-01-01,Week-1,Q1,2023,4088,1557,2250,39,0.381,Swipe ,Bills,157.5,1
708217758,Blue,475,0,96,2023-01-01,Week-1,Q1,2023,14035,2061,1606,30,0.147,Swipe ,Bills,385.44,1
708219108,Blue,300,1,95,2023-01-01,Week-1,Q1,2023,9959,1143,7300,77,0.115,Swipe ,Grocery,803,1
708219858,Blue,390,1,79,2023-01-01,Week-1,Q1,2023,6423,0,4295,70,0,Swipe ,Food,901.95,0
708222558,Blue,125,1,109,2023-01-01,Week-1,Q1,2023,2310,1513,4191,77,0.655,Chip ,Food,712.47,0
708223383,Blue,295,0,81,2023-01-01,Week-1,Q1,2023,11410,979,2736,38,0.086,Chip ,Bills,793.44,0
708224133,Blue,430,1,105,2023-01-01,Week-1,Q1,2023,2228,1480,4431,71,0.664,Swipe ,Grocery,841.89,0
708225483,Blue,200,1,68,2023-01-01,Week-1,Q1,2023,11242,1561,4246,81,0.139,Swipe ,Entertainment,806.74,0
708226833,Gold,415,0,96,2023-01-01,Week-1,Q1,2023,34516,831,13247,107,0.024,Swipe ,Food,1192.23,0
708229308,Blue,245,1,72,2023-01-01,Week-1,Q1,2023,3243,0,6059,71,0,Swipe ,Fuel,727.08,0
708231183,Blue,460,0,92,2023-01-01,Week-1,Q1,2023,12539,910,2643,72,0.073,Swipe ,Grocery,290.73,0
708234558,Blue,200,0,88,2023-01-01,Week-1,Q1,2023,2239,1340,4540,73,0.598,Chip ,Entertainment,635.6,0
708238833,Blue,365,1,61,2023-01-01,Week-1,Q1,2023,3032,2215,1387,30,0.731,Swipe ,Fuel,152.57,0
708241233,Blue,95,0,73,2023-01-01,Week-1,Q1,2023,2972,0,922,25,0,Swipe ,Bills,138.3,0
708242283,Blue,295,1,59,2023-01-01,Week-1,Q1,2023,5346,0,3253,80,0,Swipe ,Food,325.3,0
708243483,Blue,250,0,119,2023-01-01,Week-1,Q1,2023,14938,1155,2248,51,0.077,Swipe ,Bills,427.12,0
708244458,Blue,405,1,91,2023-01-01,Week-1,Q1,2023,2793,1517,3485,72,0.543,Swipe ,Food,383.35,0
708245808,Gold,455,0,78,2023-01-01,Week-1,Q1,2023,19671,924,13908,124,0.047,Swipe ,Travel,2503.44,0
708248358,Silver,200,1,67,2023-01-01,Week-1,Q1,2023,29937,0,14863,109,0,Online ,Bills,1932.19,0
708249708,Blue,300,1,92,2023-01-01,Week-1,Q1,2023,4844,1576,1489,48,0.325,Swipe ,Fuel,253.13,0
708252108,Blue,475,1,162,2023-01-01,Week-1,Q1,2023,7362,1907,4065,65,0.259,Chip ,Fuel,243.9,0
708253458,Blue,125,1,113,2023-01-01,Week-1,Q1,2023,5528,1823,4857,81,0.33,Swipe ,Food,1408.53,0
708254733,Blue,325,1,73,2023-01-01,Week-1,Q1,2023,2968,1873,5171,85,0.631,Swipe ,Fuel,1241.04,0
708255633,Blue,200,0,110,2023-01-01,Week-1,Q1,2023,3761,1710,3240,65,0.455,Swipe ,Fuel,550.8,0
708260208,Blue,150,1,86,2023-01-01,Week-1,Q1,2023,2057,1279,4321,76,0.622,Chip ,Food,1123.46,0
708266883,Blue,355,0,136,2023-01-01,Week-1,Q1,2023,1666,0,2312,35,0,Swipe ,Food,184.96,0
708267858,Blue,140,0,115,2023-01-01,Week-1,Q1,2023,6088,2145,2098,52,0.352,Swipe ,Entertainment,482.54,0
708269583,Blue,335,1,102,2023-01-01,Week-1,Q1,2023,2029,1377,4014,86,0.679,Chip ,Entertainment,1003.5,0
708271833,Silver,195,1,63,2023-01-01,Week-1,Q1,2023,15069,1843,3464,67,0.122,Online ,Bills,831.36,0
708272808,Blue,150,0,76,2023-01-01,Week-1,Q1,2023,2718,1474,3542,59,0.542,Chip ,Fuel,566.72,0
708273858,Blue,355,1,112,2023-01-01,Week-1,Q1,2023,34516,0,3734,80,0,Swipe ,Fuel,522.76,0
708276183,Blue,375,0,91,2023-01-01,Week-1,Q1,2023,1760,0,1554,35,0,Swipe ,Bills,279.72,0
708281433,Blue,335,0,81,2023-01-01,Week-1,Q1,2023,1438.3,0,3848,75,0,Swipe ,Food,269.36,0
708285108,Blue,420,1,80,2023-01-01,Week-1,Q1,2023,6128,2239,13505,116,0.365,Swipe ,Fuel,1620.6,1
708286683,Blue,250,0,67,2023-01-01,Week-1,Q1,2023,12045,1749,4884,86,0.145,Swipe ,Bills,1123.32,1
708288108,Blue,360,1,118,2023-01-01,Week-1,Q1,2023,5639,1547,647,15,0.274,Swipe ,Bills,135.87,1
708290208,Silver,355,1,109,2023-01-01,Week-1,Q1,2023,13608,1190,3118,76,0.087,Chip ,Entertainment,841.86,1
708291633,Blue,390,1,100,2023-01-01,Week-1,Q1,2023,4651,2499,5097,79,0.537,Swipe ,Entertainment,1223.28,1
708292833,Blue,150,1,59,2023-01-01,Week-1,Q1,2023,27389,1250,2754,60,0.046,Online ,Bills,247.86,1
708295533,Blue,250,0,106,2023-01-01,Week-1,Q1,2023,3549,1880,1215,22,0.53,Swipe ,Travel,230.85,1
708296883,Blue,280,0,93,2023-01-01,Week-1,Q1,2023,11749,788,1178,27,0.067,Swipe ,Travel,259.16,1
708298233,Blue,125,0,72,2023-01-01,Week-1,Q1,2023,6184,0,1756,49,0,Swipe ,Fuel,456.56,1
708300483,Blue,245,0,110,2023-01-01,Week-1,Q1,2023,7882,605,704,16,0.077,Swipe ,Travel,197.12,1
708301683,Blue,125,0,89,2023-01-01,Week-1,Q1,2023,20798,1059,8038,90,0.051,Swipe ,Food,2009.5,0
708303108,Blue,175,0,88,2023-01-01,Week-1,Q1,2023,1770,1706,4940,94,0.964,Swipe ,Grocery,1037.4,0
708307533,Blue,345,0,89,2023-01-01,Week-1,Q1,2023,3086,0,4129,81,0,Swipe ,Food,371.61,0
708313608,Blue,245,1,61,2023-01-01,Week-1,Q1,2023,2464,2116,2110,43,0.859,Swipe ,Food,274.3,0
708314808,Blue,100,1,111,2023-01-01,Week-1,Q1,2023,5659,1393,1570,40,0.246,Swipe ,Fuel,298.3,0
708316008,Blue,345,1,108,2023-01-01,Week-1,Q1,2023,10031,0,1792,29,0,Swipe ,Fuel,394.24,0
708319908,Blue,300,0,92,2023-01-01,Week-1,Q1,2023,4116,1473,8667,70,0.358,Online ,Travel,1820.07,0
708323208,Blue,290,1,118,2023-01-01,Week-1,Q1,2023,1522,0,2241,36,0,Swipe ,Food,403.38,0
708324483,Blue,290,1,70,2023-01-01,Week-1,Q1,2023,1548,0,4420,71,0,Chip ,Bills,707.2,0
708330858,Blue,250,1,133,2023-01-01,Week-1,Q1,2023,8249,1381,678,11,0.167,Swipe ,Travel,122.04,0
708331758,Silver,250,0,120,2023-01-01,Week-1,Q1,2023,32444,1843,3725,60,0.057,Swipe ,Fuel,409.75,0
708332808,Blue,470,1,111,2023-01-01,Week-1,Q1,2023,3471,0,14381,115,0,Swipe ,Fuel,3163.82,0
708334158,Blue,200,0,98,2023-01-01,Week-1,Q1,2023,9863,686,3068,58,0.07,Chip ,Entertainment,306.8,0
708337683,Blue,465,1,98,2023-01-01,Week-1,Q1,2023,21800,893,3820,62,0.041,Chip ,Entertainment,573,0
708338958,Blue,200,1,54,2023-01-01,Week-1,Q1,2023,3173,1713,3797,75,0.54,Chip ,Bills,341.73,0
708340758,Blue,300,0,88,2023-01-01,Week-1,Q1,2023,7769,0,8109,74,0,Chip ,Grocery,1054.17,0
708341958,Blue,175,1,75,2023-01-01,Week-1,Q1,2023,2061,1904,4480,86,0.924,Swipe ,Food,716.8,0
708344358,Blue,125,1,81,2023-01-01,Week-1,Q1,2023,2495,1354,1311,31,0.543,Swipe ,Travel,249.09,0
708347583,Blue,465,1,42,2023-01-01,Week-1,Q1,2023,2509,1144,1804,38,0.456,Swipe ,Grocery,378.84,0
708354858,Blue,200,0,58,2023-01-01,Week-1,Q1,2023,14938,0,8192,80,0,Swipe ,Bills,491.52,0
708355683,Blue,285,0,46,2023-01-01,Week-1,Q1,2023,16815,0,2976,65,0,Swipe ,Fuel,624.96,0
708357183,Blue,300,1,139,2023-01-01,Week-1,Q1,2023,1438.3,0,3511,64,0,Chip ,Fuel,702.2,0
708358683,Silver,100,0,92,2023-01-01,Week-1,Q1,2023,34516,1236,1665,40,0.036,Swipe ,Bills,449.55,0
708360108,Blue,245,1,71,2023-01-01,Week-1,Q1,2023,2800,1338,4869,90,0.478,Chip ,Grocery,779.04,0
708361833,Blue,460,0,76,2023-01-01,Week-1,Q1,2023,19430,0,3650,80,0,Swipe ,Fuel,511,0
708367908,Blue,190,0,87,2023-01-01,Week-1,Q1,2023,3022,1627,4390,82,0.538,Chip ,Bills,614.6,1
708369633,Gold,250,1,100,2023-01-01,Week-1,Q1,2023,15487,1847,7031,67,0.119,Swipe ,Bills,1054.65,1
708371733,Blue,300,1,83,2023-01-01,Week-1,Q1,2023,4662,0,4931,81,0,Swipe ,Fuel,1084.82,1
708373083,Blue,175,1,110,2023-01-01,Week-1,Q1,2023,3356,2517,2032,39,0.75,Swipe ,Fuel,467.36,1
708375858,Blue,405,0,83,2023-01-01,Week-1,Q1,2023,2776,1341,4318,68,0.483,Swipe ,Grocery,302.26,1
708376983,Blue,485,1,149,2023-01-01,Week-1,Q1,2023,8513,799,2119,37,0.094,Swipe ,Food,127.14,1
708378108,Blue,245,0,97,2023-01-01,Week-1,Q1,2023,2147,771,4631,76,0.359,Chip ,Bills,787.27,0
708382083,Blue,245,1,93,2023-01-01,Week-1,Q1,2023,2292,0,2584,60,0,Swipe ,Bills,335.92,0
708384033,Blue,420,1,108,2023-01-01,Week-1,Q1,2023,2745,2463,2466,39,0.897,Swipe ,Food,345.24,0
708385533,Silver,335,1,99,2023-01-01,Week-1,Q1,2023,11059,0,9524,80,0,Chip ,Grocery,1523.84,0
708386958,Blue,245,1,88,2023-01-01,Week-1,Q1,2023,1561,0,1947,28,0,Swipe ,Bills,175.23,0
708387933,Blue,195,0,114,2023-01-01,Week-1,Q1,2023,5500,0,14357,110,0,Swipe ,Bills,1435.7,0
708390633,Blue,475,0,81,2023-01-01,Week-1,Q1,2023,2421,2312,4219,69,0.955,Chip ,Bills,295.33,0
708393633,Blue,190,0,66,2023-01-01,Week-1,Q1,2023,2685,1647,4625,94,0.613,Chip ,Fuel,370,0
708394908,Blue,365,1,56,2023-01-01,Week-1,Q1,2023,2337,1442,3945,65,0.617,Chip ,Entertainment,276.15,0
708396033,Blue,175,0,80,2023-01-01,Week-1,Q1,2023,2490,1059,12257,101,0.425,Swipe ,Bills,3064.25,0
708397008,Blue,200,1,70,2023-01-01,Week-1,Q1,2023,3805,821,4326,67,0.216,Swipe ,Food,865.2,0
708398283,Blue,125,1,101,2023-01-01,Week-1,Q1,2023,4394,885,1377,32,0.201,Swipe ,Bills,275.4,0
708399858,Blue,415,1,68,2023-01-01,Week-1,Q1,2023,2548,2250,4747,77,0.883,Swipe ,Entertainment,712.05,0
708402333,Blue,395,1,68,2023-01-01,Week-1,Q1,2023,4549,1313,4782,88,0.289,Chip ,Fuel,1243.32,0
708403308,Silver,425,1,99,2023-01-01,Week-1,Q1,2023,15133,1663,4392,68,0.11,Chip ,Bills,570.96,0
708404883,Blue,370,0,93,2023-01-01,Week-1,Q1,2023,27804,0,2761,57,0,Chip ,Entertainment,745.47,0
708406083,Blue,380,1,111,2023-01-01,Week-1,Q1,2023,3436,2493,5211,90,0.726,Online ,Bills,1094.31,0
708412758,Blue,140,1,47,2023-01-01,Week-1,Q1,2023,1457,0,2200,45,0,Chip ,Food,374,0
708414033,Blue,245,0,93,2023-01-01,Week-1,Q1,2023,2845,1153,3730,66,0.405,Swipe ,Fuel,634.1,0
708416433,Blue,125,1,73,2023-01-01,Week-1,Q1,2023,2372,0,2499,41,0,Swipe ,Grocery,449.82,0
708419733,Blue,365,0,66,2023-01-01,Week-1,Q1,2023,22599,0,4739,55,0,Swipe ,Food,1374.31,0
708421833,Blue,390,0,85,2023-01-01,Week-1,Q1,2023,3342,2517,1139,30,0.753,Online ,Bills,193.63,0
708423933,Blue,450,1,57,2023-01-01,Week-1,Q1,2023,6103,0,3203,64,0,Swipe ,Bills,288.27,0
708426483,Blue,455,0,105,2023-01-01,Week-1,Q1,2023,5816,716,3534,73,0.123,Swipe ,Entertainment,530.1,0
708427908,Blue,395,1,100,2023-01-01,Week-1,Q1,2023,2035,1343,4643,86,0.66,Chip ,Fuel,325.01,0
708428958,Gold,345,0,110,2023-01-01,Week-1,Q1,2023,34516,0,9179,113,0,Swipe ,Bills,2019.38,0
708431433,Blue,225,1,115,2023-01-01,Week-1,Q1,2023,11789,1420,1463,32,0.12,Swipe ,Bills,365.75,0
708433683,Blue,125,0,121,2023-01-01,Week-1,Q1,2023,3164,2201,4410,86,0.696,Online ,Entertainment,1146.6,0
708434733,Blue,385,0,89,2023-01-01,Week-1,Q1,2023,6735,2289,1249,28,0.34,Swipe ,Grocery,262.29,1
708438033,Blue,175,1,78,2023-01-01,Week-1,Q1,2023,3049,2198,2617,48,0.721,Swipe ,Entertainment,575.74,1
708442158,Blue,275,0,127,2023-01-01,Week-1,Q1,2023,6182,1516,3801,61,0.245,Chip ,Bills,988.26,1
708445608,Blue,490,0,43,2023-01-01,Week-1,Q1,2023,3305,2517,2027,57,0.762,Swipe ,Entertainment,222.97,1
708446808,Blue,250,1,87,2023-01-01,Week-1,Q1,2023,2946,1359,2017,48,0.461,Swipe ,Bills,564.76,1
708447858,Blue,385,0,92,2023-01-01,Week-1,Q1,2023,3850,0,15107,117,0,Chip ,Entertainment,2417.12,1
708450033,Blue,465,1,77,2023-01-01,Week-1,Q1,2023,2605,2269,5298,79,0.871,Swipe ,Fuel,370.86,1
708451233,Blue,410,1,83,2023-01-01,Week-1,Q1,2023,5090,1650,3707,72,0.324,Swipe ,Fuel,593.12,1
708453408,Blue,355,0,93,2023-01-01,Week-1,Q1,2023,16050,0,3721,62,0,Swipe ,Bills,893.04,1
708455883,Blue,175,1,44,2023-01-01,Week-1,Q1,2023,10244,861,1127,29,0.084,Swipe ,Bills,202.86,0
708459633,Blue,380,1,92,2023-01-01,Week-1,Q1,2023,5815,1698,1604,42,0.292,Swipe ,Entertainment,352.88,0
708462258,Silver,270,1,83,2023-01-01,Week-1,Q1,2023,5189,1171,16563,94,0.226,Chip ,Travel,1821.93,0
708469533,Blue,250,1,66,2023-01-01,Week-1,Q1,2023,5395,1439,3523,79,0.267,Chip ,Fuel,493.22,0
708472008,Blue,325,0,105,2023-01-01,Week-1,Q1,2023,6680,1839,7632,95,0.275,Swipe ,Bills,1984.32,0
708473133,Blue,150,1,111,2023-01-01,Week-1,Q1,2023,1677,0,4588,68,0,Chip ,Fuel,1284.64,0
708474333,Blue,465,0,89,2023-01-01,Week-1,Q1,2023,12294,2517,7906,87,0.205,Online ,Bills,790.6,0
708476808,Blue,320,0,124,2023-01-01,Week-1,Q1,2023,33791,1960,1047,31,0.058,Swipe ,Bills,188.46,0
708478233,Blue,395,1,119,2023-01-01,Week-1,Q1,2023,5573,1238,4348,90,0.222,Swipe ,Fuel,869.6,0
708480333,Blue,460,0,95,2023-01-01,Week-1,Q1,2023,2163,932,2229,57,0.431,Swipe ,Bills,534.96,0
708482658,Silver,125,1,87,2023-01-01,Week-1,Q1,2023,9959,1946,15594,114,0.195,Chip ,Travel,2495.04,0
708483708,Blue,250,0,74,2023-01-01,Week-1,Q1,2023,28600,0,4336,66,0,Swipe ,Travel,1214.08,0
708486033,Blue,395,0,83,2023-01-01,Week-1,Q1,2023,16547,1521,1782,48,0.092,Swipe ,Entertainment,267.3,0
708488208,Blue,125,0,161,2023-01-01,Week-1,Q1,2023,2515,1922,2231,58,0.764,Swipe ,Bills,267.72,0
708489258,Blue,250,1,84,2023-01-01,Week-1,Q1,2023,1438.3,988,3561,72,0.687,Chip ,Bills,249.27,0
708491508,Blue,465,0,116,2023-01-01,Week-1,Q1,2023,13906,1430,3856,68,0.103,Chip ,Grocery,964,0
708492558,Blue,95,1,74,2023-01-01,Week-1,Q1,2023,15088,865,1107,21,0.057,Swipe ,Bills,77.49,0
708494583,Blue,375,1,107,2023-01-01,Week-1,Q1,2023,1902,0,3731,53,0,Swipe ,Fuel,559.65,0
708496833,Blue,150,0,100,2023-01-01,Week-1,Q1,2023,4613,0,8970,78,0,Chip ,Grocery,627.9,0
708498033,Blue,335,1,79,2023-01-01,Week-1,Q1,2023,2279,1837,2789,52,0.806,Swipe ,Grocery,753.03,0
708499608,Silver,220,1,67,2023-01-01,Week-1,Q1,2023,15525,1299,4042,78,0.084,Chip ,Food,970.08,0
708500883,Silver,350,0,118,2023-01-01,Week-1,Q1,2023,17812,0,8379,106,0,Swipe ,Fuel,1424.43,0
708501783,Blue,315,0,75,2023-01-01,Week-1,Q1,2023,34516,1477,1868,40,0.043,Chip ,Bills,504.36,0
708502908,Silver,455,0,115,2023-01-01,Week-1,Q1,2023,26218,0,3925,88,0,Swipe ,Fuel,785,0
708504783,Blue,350,1,100,2023-01-01,Week-1,Q1,2023,10960,1333,3480,62,0.122,Chip ,Food,939.6,0
708506508,Blue,430,0,69,2023-01-01,Week-1,Q1,2023,2884,1144,4887,90,0.397,Swipe ,Entertainment,439.83,0
708507483,Blue,455,0,106,2023-01-08,Week-2,Q1,2023,1477,0,4802,82,0,Chip ,Grocery,768.32,0
708508758,Blue,375,1,52,2023-01-08,Week-2,Q1,2023,1438.3,0,692,16,0,Swipe ,Bills,76.12,0
708510858,Blue,300,1,81,2023-01-08,Week-2,Q1,2023,4905,2413,15478,109,0.492,Swipe ,Food,3714.72,0
708511983,Blue,415,0,61,2023-01-08,Week-2,Q1,2023,1663,0,3950,82,0,Chip ,Fuel,276.5,0
708513183,Blue,100,0,81,2023-01-08,Week-2,Q1,2023,4323,1267,3078,58,0.293,Swipe ,Bills,430.92,0
708514383,Blue,420,0,78,2023-01-08,Week-2,Q1,2023,3809,1172,4314,81,0.308,Swipe ,Food,301.98,0
708515358,Blue,190,1,104,2023-01-08,Week-2,Q1,2023,4712,0,4216,82,0,Chip ,Entertainment,505.92,0
708516558,Blue,395,0,68,2023-01-08,Week-2,Q1,2023,2588,1782,4159,83,0.689,Swipe ,Grocery,415.9,0
708519108,Blue,300,1,94,2023-01-08,Week-2,Q1,2023,2694,1576,2041,57,0.585,Swipe ,Entertainment,571.48,0
708522033,Blue,480,0,95,2023-01-08,Week-2,Q1,2023,12299,1664,15060,90,0.135,Chip ,Fuel,2108.4,0
708525108,Blue,175,1,116,2023-01-08,Week-2,Q1,2023,2156,1134,4120,77,0.526,Swipe ,Food,329.6,0
708528483,Blue,435,1,55,2023-01-08,Week-2,Q1,2023,3187,2430,1387,33,0.762,Swipe ,Bills,124.83,0
708532308,Blue,245,0,116,2023-01-08,Week-2,Q1,2023,11419,2517,3000,70,0.22,Swipe ,Grocery,750,0
708534033,Blue,225,1,88,2023-01-08,Week-2,Q1,2023,6274,883,4726,82,0.141,Swipe ,Entertainment,1276.02,0
708535158,Blue,245,0,73,2023-01-08,Week-2,Q1,2023,9959,1501,8505,86,0.151,Swipe ,Entertainment,2466.45,0
708536283,Blue,190,1,100,2023-01-08,Week-2,Q1,2023,2904,2517,2653,46,0.867,Swipe ,Entertainment,583.66,0
708538608,Blue,125,1,51,2023-01-08,Week-2,Q1,2023,3862,0,4058,81,0,Chip ,Fuel,243.48,0
708539583,Blue,395,1,92,2023-01-08,Week-2,Q1,2023,19897,2232,3979,63,0.112,Chip ,Entertainment,1034.54,0
708542283,Blue,200,0,74,2023-01-08,Week-2,Q1,2023,2495,2061,4399,70,0.826,Swipe ,Entertainment,659.85,0
708543258,Blue,95,0,48,2023-01-08,Week-2,Q1,2023,2607,1880,2045,39,0.721,Swipe ,Bills,388.55,0
708545058,Blue,150,1,105,2023-01-08,Week-2,Q1,2023,1438.3,986,5136,81,0.686,Swipe ,Entertainment,1027.2,0
708549033,Blue,440,1,149,2023-01-08,Week-2,Q1,2023,2055,1276,5025,70,0.621,Online ,Bills,753.75,0
708551508,Blue,450,1,72,2023-01-08,Week-2,Q1,2023,3264,2508,4966,78,0.768,Swipe ,Bills,744.9,0
708553008,Blue,425,0,147,2023-01-08,Week-2,Q1,2023,2148,1103,4711,64,0.514,Swipe ,Food,1366.19,0
708555633,Silver,300,1,164,2023-01-08,Week-2,Q1,2023,3548,2517,15157,97,0.709,Swipe ,Bills,1212.56,0
708557358,Blue,250,1,110,2023-01-08,Week-2,Q1,2023,22157,1355,1911,55,0.061,Swipe ,Bills,305.76,0
708558408,Blue,470,0,67,2023-01-08,Week-2,Q1,2023,9949,1597,3776,83,0.161,Chip ,Grocery,792.96,0
708559533,Blue,460,0,52,2023-01-08,Week-2,Q1,2023,1770,584,4442,83,0.33,Chip ,Bills,310.94,0
708560733,Blue,460,1,94,2023-01-08,Week-2,Q1,2023,3714,2517,4715,85,0.678,Chip ,Bills,1037.3,0
708563433,Blue,140,0,83,2023-01-08,Week-2,Q1,2023,5894,477,1616,32,0.081,Swipe ,Travel,177.76,0
708564858,Gold,390,1,124,2023-01-08,Week-2,Q1,2023,34516,0,9338,73,0,Chip ,Travel,2241.12,0
708568983,Blue,495,0,77,2023-01-08,Week-2,Q1,2023,11476,2365,8110,113,0.206,Swipe ,Fuel,2108.6,0
708572658,Silver,250,0,147,2023-01-08,Week-2,Q1,2023,29531,2088,15039,120,0.071,Swipe ,Grocery,2406.24,0
708573933,Silver,385,1,103,2023-01-08,Week-2,Q1,2023,13026,789,14747,100,0.061,Swipe ,Food,3981.69,0
708575058,Blue,395,1,135,2023-01-08,Week-2,Q1,2023,3157,965,3300,58,0.306,Online ,Bills,759,0
708577308,Blue,455,1,110,2023-01-08,Week-2,Q1,2023,2637,1272,1569,39,0.482,Swipe ,Travel,156.9,0
708579633,Gold,275,1,92,2023-01-08,Week-2,Q1,2023,23981,1788,1421,34,0.075,Swipe ,Bills,85.26,0
708580908,Blue,245,1,52,2023-01-08,Week-2,Q1,2023,14551,2517,1373,35,0.173,Swipe ,Bills,356.98,0
708582858,Blue,125,0,66,2023-01-08,Week-2,Q1,2023,18293,0,2958,63,0,Swipe ,Entertainment,266.22,0
708584208,Blue,395,0,82,2023-01-08,Week-2,Q1,2023,3111,2517,2367,41,0.809,Chip ,Fuel,639.09,0
708585933,Blue,125,0,125,2023-01-08,Week-2,Q1,2023,1656,1429,4258,77,0.863,Chip ,Bills,298.06,0
708588408,Blue,110,1,105,2023-01-08,Week-2,Q1,2023,6836,1607,4421,74,0.235,Chip ,Food,707.36,0
708590658,Blue,470,0,88,2023-01-08,Week-2,Q1,2023,15965,2312,1619,40,0.145,Swipe ,Bills,307.61,0
708593883,Blue,370,0,114,2023-01-08,Week-2,Q1,2023,2731,1573,1813,38,0.576,Online ,Food,290.08,0
708595158,Blue,150,1,115,2023-01-08,Week-2,Q1,2023,1677,1598,2389,43,0.953,Swipe ,Entertainment,430.02,0
708596283,Blue,200,0,51,2023-01-08,Week-2,Q1,2023,2858,1251,2844,73,0.438,Swipe ,Grocery,170.64,0
708597558,Blue,390,1,83,2023-01-08,Week-2,Q1,2023,3337,795,3951,68,0.238,Swipe ,Bills,671.67,0
708600033,Blue,340,0,149,2023-01-08,Week-2,Q1,2023,1610,0,4958,87,0,Online ,Grocery,842.86,0
708602283,Blue,420,1,84,2023-01-08,Week-2,Q1,2023,2887,0,3941,82,0,Swipe ,Entertainment,669.97,1
708606633,Blue,465,1,169,2023-01-08,Week-2,Q1,2023,1544,0,1902,35,0,Swipe ,Bills,114.12,1
708611733,Blue,415,0,73,2023-01-08,Week-2,Q1,2023,3119,1328,4659,82,0.426,Swipe ,Bills,372.72,1
708614058,Blue,500,1,99,2023-01-08,Week-2,Q1,2023,1960,1690,3870,67,0.862,Chip ,Grocery,580.5,1
708615183,Blue,345,0,103,2023-01-08,Week-2,Q1,2023,3828,1146,4558,90,0.299,Chip ,Fuel,319.06,1
708618933,Blue,100,1,113,2023-01-08,Week-2,Q1,2023,4369,2049,3259,80,0.469,Swipe ,Fuel,358.49,1
708620283,Blue,125,1,59,2023-01-08,Week-2,Q1,2023,6053,2001,2208,59,0.331,Swipe ,Bills,441.6,1
708621408,Blue,245,1,99,2023-01-08,Week-2,Q1,2023,1438.3,0,4173,82,0,Chip ,Food,1001.52,1
708623283,Blue,150,1,149,2023-01-08,Week-2,Q1,2023,18278,0,2084,61,0,Swipe ,Bills,395.96,0
708626058,Blue,475,0,84,2023-01-08,Week-2,Q1,2023,5242,1465,4098,68,0.279,Swipe ,Fuel,1147.44,0
708633783,Blue,245,0,78,2023-01-08,Week-2,Q1,2023,11336,0,1809,39,0,Swipe ,Bills,452.25,0
708635058,Blue,245,0,81,2023-01-08,Week-2,Q1,2023,1904,886,4798,85,0.465,Chip ,Bills,527.78,0
708637758,Blue,175,0,119,2023-01-08,Week-2,Q1,2023,17345,545,3523,64,0.031,Swipe ,Bills,457.99,0
708642708,Blue,475,1,120,2023-01-08,Week-2,Q1,2023,13019,0,1484,33,0,Chip ,Food,326.48,0
708644208,Blue,250,1,110,2023-01-08,Week-2,Q1,2023,5858,0,3355,77,0,Swipe ,Fuel,436.15,0
708646233,Blue,450,1,120,2023-01-08,Week-2,Q1,2023,17116,1289,3632,50,0.075,Swipe ,Grocery,726.4,0
708649683,Gold,345,0,120,2023-01-08,Week-2,Q1,2023,16703,1140,15472,122,0.068,Swipe ,Food,4486.88,0
708651933,Blue,350,0,117,2023-01-08,Week-2,Q1,2023,2043,1928,2311,57,0.944,Swipe ,Bills,462.2,0
708652908,Blue,250,1,118,2023-01-08,Week-2,Q1,2023,2291,1419,4498,81,0.619,Swipe ,Entertainment,809.64,0
708653958,Blue,225,1,51,2023-01-08,Week-2,Q1,2023,6114,1461,2608,36,0.239,Swipe ,Entertainment,443.36,0
708654933,Platinum,480,0,80,2023-01-08,Week-2,Q1,2023,15987,193,2021,46,0.012,Swipe ,Grocery,202.1,0
708655983,Blue,125,1,120,2023-01-08,Week-2,Q1,2023,5267,0,1353,24,0,Swipe ,Entertainment,392.37,0
708657033,Blue,465,1,138,2023-01-08,Week-2,Q1,2023,2694,1923,3837,71,0.714,Chip ,Grocery,345.33,0
708660408,Blue,480,1,95,2023-01-08,Week-2,Q1,2023,1737,1689,2459,43,0.972,Swipe ,Grocery,516.39,0
708662583,Silver,300,1,93,2023-01-08,Week-2,Q1,2023,27945,0,8345,70,0,Swipe ,Food,917.95,0
708664008,Blue,455,1,48,2023-01-08,Week-2,Q1,2023,14270,0,1222,37,0,Swipe ,Fuel,73.32,0
708665133,Blue,220,0,51,2023-01-08,Week-2,Q1,2023,3654,1172,4003,67,0.321,Online ,Grocery,640.48,0
708666258,Blue,125,1,98,2023-01-08,Week-2,Q1,2023,8129,1799,1402,33,0.221,Swipe ,Travel,364.52,0
708668283,Blue,290,0,97,2023-01-08,Week-2,Q1,2023,5140,2517,1842,36,0.49,Swipe ,Bills,147.36,0
708669408,Blue,225,0,74,2023-01-08,Week-2,Q1,2023,20401,0,4637,75,0,Swipe ,Fuel,1205.62,0
708670608,Blue,125,0,61,2023-01-08,Week-2,Q1,2023,5495,2200,5125,85,0.4,Chip ,Bills,1178.75,0
708671733,Blue,415,1,164,2023-01-08,Week-2,Q1,2023,2072,1499,4091,71,0.723,Swipe ,Grocery,450.01,0
708672708,Blue,125,1,56,2023-01-08,Week-2,Q1,2023,34516,2517,3990,65,0.073,Swipe ,Food,598.5,0
708679383,Blue,250,0,65,2023-01-08,Week-2,Q1,2023,4852,1777,1775,55,0.366,Swipe ,Bills,301.75,0
708680583,Blue,495,1,97,2023-01-08,Week-2,Q1,2023,2043,1590,4940,68,0.778,Swipe ,Travel,1235,0
708681708,Blue,275,1,98,2023-01-08,Week-2,Q1,2023,3245,0,1977,29,0,Chip ,Food,553.56,0
708682908,Blue,125,0,108,2023-01-08,Week-2,Q1,2023,2838,1934,8644,87,0.681,Swipe ,Fuel,1296.6,0
708684108,Blue,250,1,109,2023-01-08,Week-2,Q1,2023,4152,1446,2218,30,0.348,Swipe ,Travel,598.86,0
708687483,Silver,250,1,65,2023-01-08,Week-2,Q1,2023,13626,0,1711,30,0,Chip ,Food,222.43,0
708688608,Blue,405,1,98,2023-01-08,Week-2,Q1,2023,3140,1985,1626,41,0.632,Swipe ,Travel,162.6,0
708689958,Blue,435,1,75,2023-01-08,Week-2,Q1,2023,2406,1744,4748,88,0.725,Swipe ,Travel,1187,0
708692583,Blue,150,0,73,2023-01-08,Week-2,Q1,2023,1506,168,2312,44,0.112,Chip ,Grocery,647.36,0
708693558,Silver,485,1,82,2023-01-08,Week-2,Q1,2023,12569,2167,7344,95,0.172,Swipe ,Entertainment,4129.76,0
708694983,Blue,385,1,88,2023-01-08,Week-2,Q1,2023,3150,2222,14750,96,0.705,Chip ,Travel,3982.5,0
708697983,Blue,100,0,140,2023-01-08,Week-2,Q1,2023,34516,2156,8766,78,0.062,Online ,Bills,1753.2,0
708699108,Blue,125,1,134,2023-01-08,Week-2,Q1,2023,1438.3,855,4890,53,0.594,Swipe ,Grocery,440.1,0
708701358,Blue,445,1,74,2023-01-08,Week-2,Q1,2023,2370,2031,4000,79,0.857,Chip ,Fuel,1120,0
708702258,Blue,200,1,96,2023-01-08,Week-2,Q1,2023,3698,478,2051,31,0.129,Online ,Bills,471.73,0
708703308,Blue,110,0,89,2023-01-08,Week-2,Q1,2023,2045,1707,2183,39,0.835,Swipe ,Entertainment,480.26,0
708704433,Blue,200,1,147,2023-01-08,Week-2,Q1,2023,2804,2090,2812,77,0.745,Swipe ,Fuel,731.12,0
708705783,Blue,270,1,124,2023-01-08,Week-2,Q1,2023,1584,1214,2628,41,0.766,Online ,Bills,341.64,0
708706833,Blue,110,1,99,2023-01-08,Week-2,Q1,2023,2809,0,2466,40,0,Chip ,Grocery,320.58,0
708707808,Blue,300,0,107,2023-01-08,Week-2,Q1,2023,2480,1584,3438,66,0.639,Swipe ,Bills,756.36,0
708708858,Blue,190,1,96,2023-01-08,Week-2,Q1,2023,2422,502,2548,46,0.207,Chip ,Bills,662.48,0
708710283,Silver,200,0,50,2023-01-08,Week-2,Q1,2023,34516,2038,4067,75,0.059,Swipe ,Bills,447.37,0
708711483,Blue,425,0,84,2023-01-08,Week-2,Q1,2023,18871,1740,1516,21,0.092,Swipe ,Travel,242.56,0
708712833,Blue,385,0,91,2023-01-08,Week-2,Q1,2023,2289,1037,4483,72,0.453,Swipe ,Travel,1210.41,0
708714108,Silver,475,1,96,2023-01-08,Week-2,Q1,2023,13441,2517,1894,49,0.187,Swipe ,Entertainment,227.28,0
708720558,Blue,245,1,113,2023-01-08,Week-2,Q1,2023,4489,0,3773,64,0,Online ,Bills,943.25,0
708721533,Gold,200,1,102,2023-01-08,Week-2,Q1,2023,5158,1148,13113,128,0.223,Chip ,Bills,2491.47,0
708722583,Blue,465,1,98,2023-01-08,Week-2,Q1,2023,2609,1656,3024,64,0.635,Swipe ,Grocery,574.56,0
708723858,Blue,245,0,103,2023-01-08,Week-2,Q1,2023,3413,1715,3843,67,0.502,Swipe ,Bills,807.03,0
708724908,Blue,430,1,60,2023-01-08,Week-2,Q1,2023,2262,0,4113,83,0,Chip ,Entertainment,246.78,0
708726708,Blue,245,1,95,2023-01-08,Week-2,Q1,2023,1451,599,2192,35,0.413,Swipe ,Fuel,569.92,0
708727983,Blue,250,1,97,2023-01-08,Week-2,Q1,2023,3933,0,3048,54,0,Swipe ,Travel,213.36,0
708731658,Blue,175,1,88,2023-01-08,Week-2,Q1,2023,1438.3,0,1587,42,0,Chip ,Grocery,142.83,0
708733983,Blue,110,1,102,2023-01-08,Week-2,Q1,2023,5349,2391,2122,46,0.447,Online ,Fuel,594.16,0
708735183,Blue,175,0,88,2023-01-08,Week-2,Q1,2023,2544,1848,2289,49,0.726,Swipe ,Bills,503.58,0
708736608,Blue,465,1,117,2023-01-08,Week-2,Q1,2023,2269,0,2108,39,0,Swipe ,Bills,379.44,0
708740808,Blue,280,0,105,2023-01-08,Week-2,Q1,2023,4112,0,2949,54,0,Swipe ,Bills,235.92,0
708741633,Blue,150,1,80,2023-01-08,Week-2,Q1,2023,4153,0,1771,41,0,Swipe ,Bills,141.68,0
708744933,Blue,400,1,51,2023-01-08,Week-2,Q1,2023,19127,1880,1859,33,0.098,Swipe ,Travel,316.03,0
708745983,Blue,200,0,90,2023-01-08,Week-2,Q1,2023,2208,1559,4686,81,0.706,Swipe ,Entertainment,890.34,0
708747708,Blue,250,1,80,2023-01-08,Week-2,Q1,2023,3498,0,2512,56,0,Swipe ,Bills,602.88,0
708748833,Blue,200,0,163,2023-01-08,Week-2,Q1,2023,9875,1239,8920,105,0.125,Swipe ,Bills,2586.8,0
708753633,Blue,125,1,114,2023-01-08,Week-2,Q1,2023,1438.3,0,4462,77,0,Swipe ,Fuel,356.96,0
708754833,Blue,250,0,117,2023-01-08,Week-2,Q1,2023,2827,1182,4583,72,0.418,Chip ,Bills,366.64,0
708757233,Blue,150,1,115,2023-01-08,Week-2,Q1,2023,2485,1489,3697,77,0.599,Swipe ,Fuel,702.43,0
708758658,Blue,300,1,98,2023-01-08,Week-2,Q1,2023,34516,543,3951,76,0.016,Swipe ,Entertainment,711.18,0
708759408,Blue,280,1,102,2023-01-08,Week-2,Q1,2023,4207,0,15124,108,0,Chip ,Travel,1814.88,0
708760458,Blue,335,0,111,2023-01-08,Week-2,Q1,2023,17655,0,3692,79,0,Swipe ,Bills,479.96,0
708761733,Blue,200,0,78,2023-01-08,Week-2,Q1,2023,8279,1582,4419,63,0.191,Swipe ,Food,883.8,0
708765933,Blue,200,1,109,2023-01-08,Week-2,Q1,2023,5464,887,4866,81,0.162,Swipe ,Fuel,583.92,0
708768258,Blue,195,1,69,2023-01-08,Week-2,Q1,2023,2066,1077,4678,91,0.521,Swipe ,Grocery,1169.5,0
708770883,Gold,340,0,99,2023-01-08,Week-2,Q1,2023,16667,1463,15301,115,0.088,Swipe ,Food,918.06,0
708772308,Silver,415,0,110,2023-01-08,Week-2,Q1,2023,4119,1656,1455,35,0.402,Swipe ,Bills,87.3,0
708773583,Blue,335,1,80,2023-01-08,Week-2,Q1,2023,10859,1710,3987,64,0.157,Chip ,Travel,797.4,0
708774708,Blue,340,1,99,2023-01-08,Week-2,Q1,2023,2636,1589,3858,70,0.603,Chip ,Food,424.38,0
708776658,Blue,450,1,83,2023-01-08,Week-2,Q1,2023,5774,1519,4444,70,0.263,Chip ,Bills,488.84,0
708780783,Blue,175,1,110,2023-01-08,Week-2,Q1,2023,2434,1169,4739,76,0.48,Swipe ,Entertainment,710.85,0
708784083,Blue,285,0,73,2023-01-08,Week-2,Q1,2023,2723,1588,4307,83,0.583,Swipe ,Fuel,818.33,0
708784908,Blue,360,1,112,2023-01-08,Week-2,Q1,2023,18064,2039,4435,88,0.113,Swipe ,Entertainment,975.7,0
708788583,Blue,175,0,85,2023-01-08,Week-2,Q1,2023,6167,0,1648,43,0,Swipe ,Fuel,412,0
708790833,Blue,245,1,64,2023-01-08,Week-2,Q1,2023,6748,1467,1201,42,0.217,Swipe ,Bills,216.18,0
708793008,Blue,125,1,88,2023-01-08,Week-2,Q1,2023,9949,0,2207,40,0,Swipe ,Entertainment,617.96,0
708794133,Blue,195,1,96,2023-01-08,Week-2,Q1,2023,2533,2136,3197,50,0.843,Chip ,Entertainment,287.73,0
708796458,Blue,150,1,120,2023-01-08,Week-2,Q1,2023,4199,1903,3016,67,0.453,Swipe ,Entertainment,633.36,0
708797583,Blue,470,1,111,2023-01-08,Week-2,Q1,2023,2672,0,2576,39,0,Chip ,Bills,231.84,0
708798483,Blue,300,1,66,2023-01-08,Week-2,Q1,2023,2054,0,2567,43,0,Chip ,Entertainment,385.05,0
708799983,Blue,325,1,139,2023-01-08,Week-2,Q1,2023,18386,890,1698,43,0.048,Swipe ,Bills,322.62,0
708801108,Blue,350,0,78,2023-01-08,Week-2,Q1,2023,1438.3,0,2113,38,0,Chip ,Bills,232.43,0
708804633,Blue,200,0,74,2023-01-08,Week-2,Q1,2023,1916,0,2888,39,0,Chip ,Bills,202.16,0
708805908,Silver,435,1,93,2023-01-08,Week-2,Q1,2023,10017,726,9299,68,0.072,Swipe ,Bills,1487.84,0
708807483,Blue,430,0,67,2023-01-08,Week-2,Q1,2023,9117,1259,3837,75,0.138,Chip ,Fuel,1112.73,0
708809283,Blue,460,1,85,2023-01-08,Week-2,Q1,2023,10360,2517,2414,28,0.243,Chip ,Bills,386.24,0
708811233,Blue,100,1,149,2023-01-08,Week-2,Q1,2023,12702,2008,1992,40,0.158,Swipe ,Fuel,577.68,0
708812133,Blue,465,1,99,2023-01-08,Week-2,Q1,2023,2270,1647,4110,75,0.726,Chip ,Food,986.4,0
708813033,Silver,445,1,106,2023-01-08,Week-2,Q1,2023,6509,2033,1409,37,0.312,Swipe ,Bills,239.53,0
708816408,Blue,415,1,57,2023-01-08,Week-2,Q1,2023,21756,0,3063,71,0,Swipe ,Bills,735.12,0
708817608,Blue,195,1,128,2023-01-08,Week-2,Q1,2023,3427,1419,4218,74,0.414,Swipe ,Bills,506.16,0
708818508,Blue,435,1,60,2023-01-08,Week-2,Q1,2023,3453,2517,4386,68,0.729,Swipe ,Grocery,570.18,0
708820308,Blue,175,0,40,2023-01-08,Week-2,Q1,2023,13399,2505,1326,31,0.187,Swipe ,Bills,371.28,0
708821733,Silver,175,0,116,2023-01-08,Week-2,Q1,2023,19713,531,8301,70,0.027,Chip ,Travel,1328.16,0
708822783,Blue,300,0,107,2023-01-08,Week-2,Q1,2023,2973,2517,4862,77,0.847,Swipe ,Entertainment,777.92,0
708823908,Blue,420,1,74,2023-01-08,Week-2,Q1,2023,16443,1363,4252,64,0.083,Swipe ,Fuel,1105.52,0
708824958,Blue,250,1,103,2023-01-08,Week-2,Q1,2023,1460,0,4265,63,0,Swipe ,Fuel,682.4,0
708826158,Blue,490,0,105,2023-01-08,Week-2,Q1,2023,3670,1684,8608,100,0.459,Swipe ,Food,1119.04,0
708828258,Blue,200,1,104,2023-01-08,Week-2,Q1,2023,32641,1551,1327,30,0.048,Swipe ,Travel,225.59,0
708829758,Blue,245,0,75,2023-01-08,Week-2,Q1,2023,6062,761,3877,66,0.126,Swipe ,Bills,542.78,0
708831858,Blue,175,1,58,2023-01-08,Week-2,Q1,2023,4579,1506,1915,44,0.329,Online ,Food,555.35,0
708833133,Blue,95,1,59,2023-01-08,Week-2,Q1,2023,3170,2517,2027,49,0.794,Swipe ,Fuel,385.13,0
708834483,Blue,370,0,42,2023-01-08,Week-2,Q1,2023,17667,0,1775,42,0,Chip ,Food,142,0
708837858,Blue,200,1,108,2023-01-08,Week-2,Q1,2023,2718,1718,4423,68,0.632,Chip ,Entertainment,265.38,0
708838908,Blue,365,1,52,2023-01-08,Week-2,Q1,2023,5129,1654,3192,61,0.322,Chip ,Entertainment,383.04,0
708841233,Blue,200,1,145,2023-01-08,Week-2,Q1,2023,14682,2517,8193,72,0.171,Swipe ,Grocery,1474.74,0
708846183,Blue,140,0,157,2023-01-08,Week-2,Q1,2023,3307,2234,4006,68,0.676,Chip ,Bills,1121.68,0
708848208,Blue,100,0,147,2023-01-08,Week-2,Q1,2023,34516,1757,4223,81,0.051,Chip ,Fuel,675.68,0
708849858,Blue,200,0,73,2023-01-08,Week-2,Q1,2023,14028,1435,3683,73,0.102,Swipe ,Grocery,957.58,0
708856983,Blue,330,1,152,2023-01-08,Week-2,Q1,2023,13873,0,694,18,0,Swipe ,Entertainment,201.26,0
708859158,Blue,330,1,159,2023-01-08,Week-2,Q1,2023,1438.3,703,4341,80,0.489,Swipe ,Bills,347.28,0
708860358,Blue,485,1,77,2023-01-08,Week-2,Q1,2023,6361,694,1499,31,0.109,Swipe ,Bills,344.77,0
708862233,Blue,150,1,112,2023-01-08,Week-2,Q1,2023,4068,0,5161,83,0,Chip ,Entertainment,1135.42,0
708863733,Gold,370,1,88,2023-01-08,Week-2,Q1,2023,22725,808,13847,120,0.036,Swipe ,Fuel,3184.81,0
708864708,Blue,395,0,85,2023-01-08,Week-2,Q1,2023,24869,1729,1409,36,0.07,Swipe ,Bills,295.89,0
708866133,Blue,335,1,86,2023-01-08,Week-2,Q1,2023,4196,1331,14545,116,0.317,Chip ,Bills,1890.85,0
708867408,Blue,455,0,134,2023-01-08,Week-2,Q1,2023,23128,1958,2050,35,0.085,Swipe ,Entertainment,225.5,0
708868233,Blue,465,0,93,2023-01-08,Week-2,Q1,2023,1438.3,900,760,21,0.626,Swipe ,Bills,83.6,0
708869283,Blue,440,1,77,2023-01-08,Week-2,Q1,2023,23209,1308,3530,71,0.056,Swipe ,Grocery,776.6,0
708870408,Blue,190,0,113,2023-01-08,Week-2,Q1,2023,3844,2079,4271,56,0.541,Swipe ,Bills,939.62,0
708871158,Silver,250,1,101,2023-01-08,Week-2,Q1,2023,28701,0,3516,57,0,Swipe ,Entertainment,597.72,0
708873183,Platinum,380,0,96,2023-01-08,Week-2,Q1,2023,17575,618,15473,128,0.035,Swipe ,Grocery,2475.68,0
708874533,Blue,345,0,81,2023-01-08,Week-2,Q1,2023,3387,0,510,24,0,Swipe ,Travel,86.7,0
708876183,Silver,370,1,98,2023-01-08,Week-2,Q1,2023,28673,0,3722,69,0,Swipe ,Fuel,409.42,0
708877458,Blue,175,1,85,2023-01-08,Week-2,Q1,2023,11343,0,8027,94,0,Swipe ,Food,1123.78,0
708878508,Blue,150,1,79,2023-01-08,Week-2,Q1,2023,2104,1267,1732,35,0.602,Swipe ,Entertainment,294.44,0
708879483,Blue,300,1,93,2023-01-08,Week-2,Q1,2023,4006,1646,5006,89,0.411,Chip ,Bills,600.72,0
708880683,Blue,245,1,79,2023-01-08,Week-2,Q1,2023,3970,892,13697,102,0.225,Chip ,Travel,2602.43,0
708881583,Blue,350,0,112,2023-01-15,Week-3,Q1,2023,12458,1332,8752,95,0.107,Online ,Bills,2538.08,0
708884658,Blue,390,1,98,2023-01-15,Week-3,Q1,2023,2315,1565,4828,90,0.676,Swipe ,Entertainment,1158.72,0
708885558,Blue,450,1,102,2023-01-15,Week-3,Q1,2023,3556,0,2220,45,0,Swipe ,Grocery,599.4,0
708886533,Blue,485,0,163,2023-01-15,Week-3,Q1,2023,13032,1701,4348,77,0.131,Swipe ,Food,652.2,0
708887433,Blue,370,0,116,2023-01-15,Week-3,Q1,2023,2717,0,3150,59,0,Swipe ,Bills,630,0
708888633,Blue,250,1,159,2023-01-15,Week-3,Q1,2023,3022,895,2724,38,0.296,Swipe ,Entertainment,572.04,0
708890133,Blue,150,1,50,2023-01-15,Week-3,Q1,2023,1438.3,0,4659,74,0,Swipe ,Fuel,652.26,0
708890958,Blue,150,0,57,2023-01-15,Week-3,Q1,2023,31636,2517,4231,68,0.08,Swipe ,Grocery,507.72,0
708892833,Blue,150,1,53,2023-01-15,Week-3,Q1,2023,13662,0,725,22,0,Swipe ,Bills,203,1
708894183,Silver,325,0,98,2023-01-15,Week-3,Q1,2023,34516,1073,4485,86,0.031,Swipe ,Fuel,1166.1,1
708895158,Blue,395,1,77,2023-01-15,Week-3,Q1,2023,2925,2365,1371,30,0.809,Swipe ,Entertainment,342.75,1
708897408,Blue,175,0,92,2023-01-15,Week-3,Q1,2023,1621,787,4719,73,0.486,Swipe ,Entertainment,1038.18,1
708899283,Blue,390,1,108,2023-01-15,Week-3,Q1,2023,2690,1935,4917,81,0.719,Swipe ,Bills,491.7,1
708900408,Blue,100,1,54,2023-01-15,Week-3,Q1,2023,13169,1499,4370,83,0.114,Swipe ,Fuel,874,1
708902883,Blue,220,1,110,2023-01-15,Week-3,Q1,2023,12856,0,3364,61,0,Swipe ,Grocery,908.28,1
708905733,Blue,275,1,106,2023-01-15,Week-3,Q1,2023,20633,1989,7570,91,0.096,Swipe ,Grocery,454.2,1
708907833,Blue,245,1,112,2023-01-15,Week-3,Q1,2023,24965,2517,7866,84,0.101,Swipe ,Fuel,2123.82,1
708908883,Silver,380,0,72,2023-01-15,Week-3,Q1,2023,12033,1025,12603,106,0.085,Swipe ,Bills,2268.54,1
708911508,Blue,420,0,109,2023-01-15,Week-3,Q1,2023,2046,0,3446,71,0,Swipe ,Bills,895.96,1
708913233,Blue,195,0,93,2023-01-15,Week-3,Q1,2023,3601,1236,1802,34,0.343,Online ,Grocery,108.12,1
708916083,Blue,405,1,103,2023-01-15,Week-3,Q1,2023,1749,0,2510,38,0,Chip ,Travel,251,0
708917133,Blue,345,1,51,2023-01-15,Week-3,Q1,2023,11851,0,4498,73,0,Swipe ,Entertainment,674.7,0
708918558,Blue,290,0,157,2023-01-15,Week-3,Q1,2023,1959,662,3046,52,0.338,Swipe ,Bills,883.34,0
708923658,Blue,250,0,120,2023-01-15,Week-3,Q1,2023,7234,1420,4466,92,0.196,Chip ,Food,1205.82,0
708924783,Blue,150,1,81,2023-01-15,Week-3,Q1,2023,5506,2129,4024,62,0.387,Chip ,Grocery,1126.72,0
708927108,Blue,110,1,102,2023-01-15,Week-3,Q1,2023,12778,507,1133,28,0.04,Swipe ,Bills,90.64,0
708928008,Blue,200,0,83,2023-01-15,Week-3,Q1,2023,1677,0,4035,87,0,Swipe ,Fuel,1129.8,0
708928908,Blue,490,0,86,2023-01-15,Week-3,Q1,2023,2533,0,5128,74,0,Swipe ,Entertainment,512.8,0
708931908,Blue,150,1,109,2023-01-15,Week-3,Q1,2023,7400,636,1568,51,0.086,Swipe ,Bills,392,0
708937608,Blue,200,1,111,2023-01-15,Week-3,Q1,2023,2001,1366,4590,66,0.683,Swipe ,Grocery,872.1,0
708938508,Blue,415,0,80,2023-01-15,Week-3,Q1,2023,4559,1571,1870,35,0.345,Swipe ,Entertainment,261.8,0
708942408,Platinum,345,0,96,2023-01-15,Week-3,Q1,2023,7020,1784,16937,116,0.254,Chip ,Fuel,3048.66,0
708944958,Blue,380,0,59,2023-01-15,Week-3,Q1,2023,3569,1030,4612,75,0.289,Chip ,Entertainment,276.72,0
708946008,Blue,150,1,84,2023-01-15,Week-3,Q1,2023,1438.3,1214,2445,39,0.844,Chip ,Food,244.5,0
708947208,Blue,125,0,83,2023-01-15,Week-3,Q1,2023,2900,2029,2631,72,0.7,Swipe ,Bills,657.75,0
708948483,Silver,285,1,79,2023-01-15,Week-3,Q1,2023,34516,761,8444,68,0.022,Chip ,Travel,1857.68,0
708949908,Blue,225,1,112,2023-01-15,Week-3,Q1,2023,1656,0,2073,44,0,Chip ,Entertainment,435.33,0
708952758,Blue,445,1,107,2023-01-15,Week-3,Q1,2023,2066,1542,4887,76,0.746,Swipe ,Bills,488.7,0
708953883,Blue,455,0,80,2023-01-15,Week-3,Q1,2023,3212,0,757,20,0,Swipe ,Bills,196.82,0
708957183,Blue,280,1,82,2023-01-15,Week-3,Q1,2023,2708,2517,2198,41,0.929,Online ,Bills,351.68,0
708959583,Blue,400,0,151,2023-01-15,Week-3,Q1,2023,9389,727,3415,84,0.077,Swipe ,Bills,512.25,0
708960858,Blue,175,1,81,2023-01-15,Week-3,Q1,2023,11502,2066,4786,85,0.18,Chip ,Fuel,717.9,0
708963258,Blue,390,0,116,2023-01-15,Week-3,Q1,2023,13344,1907,8534,86,0.143,Chip ,Grocery,1024.08,0
708964683,Blue,100,0,105,2023-01-15,Week-3,Q1,2023,3310,0,14542,89,0,Chip ,Food,1308.78,0
708967608,Blue,285,0,119,2023-01-15,Week-3,Q1,2023,3471,1785,1052,24,0.514,Swipe ,Bills,241.96,0
708968733,Blue,95,1,119,2023-01-15,Week-3,Q1,2023,31987,0,7926,83,0,Swipe ,Fuel,1188.9,0
708969633,Blue,300,1,81,2023-01-15,Week-3,Q1,2023,2447,2195,4544,80,0.897,Swipe ,Entertainment,772.48,0
708971583,Blue,200,0,95,2023-01-15,Week-3,Q1,2023,3590,1924,1472,37,0.536,Swipe ,Bills,220.8,0
708972783,Blue,320,1,161,2023-01-15,Week-3,Q1,2023,1745,0,2297,44,0,Swipe ,Entertainment,643.16,0
708974283,Silver,340,1,106,2023-01-15,Week-3,Q1,2023,18142,0,15427,95,0,Chip ,Travel,1851.24,0
708976908,Blue,365,0,120,2023-01-15,Week-3,Q1,2023,8958,0,2131,43,0,Swipe ,Entertainment,554.06,0
708980283,Blue,400,0,75,2023-01-15,Week-3,Q1,2023,4185,2517,2179,55,0.601,Swipe ,Bills,174.32,0
708982158,Blue,285,0,75,2023-01-15,Week-3,Q1,2023,3352,2122,14802,106,0.633,Online ,Grocery,3404.46,0
708983658,Blue,175,0,107,2023-01-15,Week-3,Q1,2023,16868,0,940,25,0,Online ,Entertainment,272.6,0
708989358,Blue,95,0,93,2023-01-15,Week-3,Q1,2023,2023,1587,4391,79,0.784,Chip ,Fuel,263.46,0
708992733,Blue,250,1,48,2023-01-15,Week-3,Q1,2023,1513,0,4759,98,0,Swipe ,Fuel,475.9,0
708995283,Blue,245,1,105,2023-01-15,Week-3,Q1,2023,10417,2290,4871,75,0.22,Swipe ,Bills,1217.75,0
708996708,Blue,475,0,72,2023-01-15,Week-3,Q1,2023,21032,1409,15584,105,0.067,Online ,Travel,4051.84,0
708997833,Blue,125,0,98,2023-01-15,Week-3,Q1,2023,3255,603,4045,62,0.185,Chip ,Fuel,1132.6,0
708998583,Blue,325,0,85,2023-01-15,Week-3,Q1,2023,1790,0,4141,87,0,Chip ,Entertainment,455.51,0
709000008,Blue,300,0,55,2023-01-15,Week-3,Q1,2023,10651,672,2073,54,0.063,Swipe ,Entertainment,228.03,0
709005633,Blue,280,1,79,2023-01-15,Week-3,Q1,2023,18734,0,2112,52,0,Chip ,Bills,337.92,0
709007883,Blue,415,0,105,2023-01-15,Week-3,Q1,2023,3079,1267,14540,104,0.411,Chip ,Food,4216.6,0
709008708,Blue,285,1,89,2023-01-15,Week-3,Q1,2023,8390,0,8316,92,0,Swipe ,Entertainment,1829.52,0
709009833,Blue,150,1,137,2023-01-15,Week-3,Q1,2023,1655,0,4621,67,0,Swipe ,Fuel,877.99,0
709012083,Blue,280,1,76,2023-01-15,Week-3,Q1,2023,4683,2514,2010,45,0.537,Swipe ,Entertainment,120.6,0
709013208,Gold,320,1,75,2023-01-15,Week-3,Q1,2023,15594,1690,16101,127,0.108,Chip ,Entertainment,2093.13,0
709014558,Blue,455,0,89,2023-01-15,Week-3,Q1,2023,3783,0,4383,82,0,Chip ,Grocery,1051.92,0
709015833,Silver,395,1,66,2023-01-15,Week-3,Q1,2023,34516,0,12920,132,0,Chip ,Fuel,3488.4,0
709017258,Blue,470,1,124,2023-01-15,Week-3,Q1,2023,2114,0,2872,45,0,Chip ,Entertainment,430.8,0
709019283,Blue,250,1,110,2023-01-15,Week-3,Q1,2023,5660,2210,7867,100,0.39,Swipe ,Bills,550.69,0
709022883,Blue,440,1,113,2023-01-15,Week-3,Q1,2023,1438.3,0,4257,89,0,Swipe ,Grocery,255.42,0
709025583,Blue,295,1,98,2023-01-15,Week-3,Q1,2023,9355,715,1138,38,0.076,Swipe ,Fuel,68.28,0
709028208,Blue,320,0,161,2023-01-15,Week-3,Q1,2023,24221,1274,3361,63,0.053,Swipe ,Bills,436.93,0
709029408,Blue,270,1,83,2023-01-15,Week-3,Q1,2023,8923,2517,1589,24,0.282,Swipe ,Bills,429.03,0
709035708,Blue,495,1,126,2023-01-15,Week-3,Q1,2023,1841,1246,1819,35,0.677,Swipe ,Fuel,109.14,0
709039533,Blue,270,1,93,2023-01-15,Week-3,Q1,2023,5544,1095,3829,55,0.198,Chip ,Fuel,689.22,0
709040508,Blue,100,1,89,2023-01-15,Week-3,Q1,2023,19802,1961,2244,58,0.099,Swipe ,Bills,291.72,0
709042908,Blue,95,1,119,2023-01-15,Week-3,Q1,2023,1438.3,0,2207,68,0,Swipe ,Bills,154.49,0
709044183,Blue,250,0,93,2023-01-15,Week-3,Q1,2023,24987,824,3995,64,0.033,Swipe ,Bills,998.75,0
709045683,Blue,220,1,75,2023-01-15,Week-3,Q1,2023,3549,0,3921,63,0,Chip ,Bills,666.57,0
709046958,Silver,250,0,91,2023-01-15,Week-3,Q1,2023,30379,2175,9059,100,0.072,Swipe ,Food,543.54,0
709051533,Blue,110,0,120,2023-01-15,Week-3,Q1,2023,2933,1569,4956,92,0.535,Chip ,Fuel,842.52,0
709052883,Blue,420,0,78,2023-01-15,Week-3,Q1,2023,1596,0,5678,81,0,Swipe ,Fuel,1533.06,0
709054083,Blue,440,0,112,2023-01-15,Week-3,Q1,2023,2652,1911,4816,79,0.721,Swipe ,Food,385.28,0
709056558,Blue,300,0,92,2023-01-15,Week-3,Q1,2023,2800,2517,1994,41,0.899,Swipe ,Bills,458.62,0
709058808,Blue,485,1,119,2023-01-15,Week-3,Q1,2023,2781,1035,1707,42,0.372,Swipe ,Bills,290.19,0
709061658,Blue,475,1,120,2023-01-15,Week-3,Q1,2023,1550,716,4534,87,0.462,Swipe ,Food,816.12,0
709064208,Blue,225,1,98,2023-01-15,Week-3,Q1,2023,1628,275,2219,49,0.169,Swipe ,Grocery,465.99,0
709065483,Blue,440,1,124,2023-01-15,Week-3,Q1,2023,9243,2019,7841,82,0.218,Swipe ,Food,2117.07,0
709066983,Platinum,345,1,150,2023-01-15,Week-3,Q1,2023,34516,2353,15214,129,0.068,Chip ,Grocery,3042.8,0
709068183,Blue,330,0,77,2023-01-15,Week-3,Q1,2023,3096,0,4709,87,0,Swipe ,Food,282.54,0
709071408,Blue,370,1,109,2023-01-15,Week-3,Q1,2023,2607,1702,4949,74,0.653,Swipe ,Entertainment,1286.74,0
709074108,Blue,380,0,91,2023-01-15,Week-3,Q1,2023,23032,840,2787,73,0.036,Online ,Bills,445.92,0
709075533,Blue,200,0,66,2023-01-15,Week-3,Q1,2023,12094,0,8607,90,0,Online ,Bills,2323.89,0
709077933,Blue,420,1,109,2023-01-15,Week-3,Q1,2023,5422,682,4460,62,0.126,Swipe ,Grocery,624.4,0
709078908,Blue,340,0,76,2023-01-15,Week-3,Q1,2023,2648,1539,4926,89,0.581,Swipe ,Food,788.16,0
709079883,Blue,125,1,144,2023-01-15,Week-3,Q1,2023,1663,1012,2729,38,0.609,Swipe ,Grocery,736.83,0
709080783,Blue,385,1,88,2023-01-15,Week-3,Q1,2023,1737,0,4723,78,0,Online ,Fuel,613.99,0
709081683,Blue,195,0,84,2023-01-15,Week-3,Q1,2023,4599,1438,4208,69,0.313,Online ,Grocery,883.68,0
709082808,Blue,200,1,92,2023-01-15,Week-3,Q1,2023,2156,1198,5092,95,0.556,Online ,Entertainment,356.44,0
709085358,Blue,200,1,47,2023-01-15,Week-3,Q1,2023,2601,1817,2542,67,0.699,Swipe ,Entertainment,381.3,0
709086933,Blue,195,0,81,2023-01-15,Week-3,Q1,2023,3372,2517,4209,72,0.746,Chip ,Bills,631.35,0
709087983,Blue,300,1,136,2023-01-15,Week-3,Q1,2023,1438.3,0,5020,94,0,Swipe ,Fuel,702.8,0
709094358,Platinum,175,0,141,2023-01-15,Week-3,Q1,2023,8900,798,16737,88,0.09,Chip ,Travel,4518.99,0
709096908,Blue,225,1,46,2023-01-15,Week-3,Q1,2023,4698,984,1865,35,0.209,Swipe ,Bills,428.95,0
709098108,Blue,365,0,112,2023-01-15,Week-3,Q1,2023,2705,0,4749,80,0,Chip ,Fuel,1329.72,0
709100283,Blue,385,1,81,2023-01-15,Week-3,Q1,2023,5956,2517,2828,46,0.423,Swipe ,Grocery,565.6,0
709101258,Blue,200,1,67,2023-01-15,Week-3,Q1,2023,1478,524,2180,46,0.355,Chip ,Fuel,283.4,0
709102458,Blue,425,0,73,2023-01-15,Week-3,Q1,2023,4754,0,2607,41,0,Swipe ,Entertainment,156.42,0
709103358,Blue,125,1,120,2023-01-15,Week-3,Q1,2023,9476,0,1128,27,0,Swipe ,Bills,270.72,0
709104333,Silver,150,1,80,2023-01-15,Week-3,Q1,2023,34516,891,2687,64,0.026,Swipe ,Grocery,671.75,0
709106358,Blue,150,0,89,2023-01-15,Week-3,Q1,2023,4716,0,816,28,0,Swipe ,Bills,97.92,0
709108533,Blue,250,1,68,2023-01-15,Week-3,Q1,2023,9959,2216,15139,90,0.223,Swipe ,Grocery,2725.02,0
709110633,Blue,270,1,91,2023-01-15,Week-3,Q1,2023,21684,1748,1329,24,0.081,Swipe ,Bills,172.77,0
709112508,Blue,225,1,96,2023-01-15,Week-3,Q1,2023,3802,1300,2165,36,0.342,Chip ,Entertainment,346.4,0
709117533,Blue,110,1,94,2023-01-15,Week-3,Q1,2023,21134,1508,1556,35,0.071,Swipe ,Bills,124.48,0
709120008,Blue,480,0,79,2023-01-15,Week-3,Q1,2023,6976,0,1217,39,0,Swipe ,Bills,158.21,0
709121283,Blue,495,1,106,2023-01-15,Week-3,Q1,2023,1556,1278,1615,35,0.821,Swipe ,Fuel,258.4,0
709122483,Blue,95,0,123,2023-01-15,Week-3,Q1,2023,2783,1526,1909,54,0.548,Swipe ,Bills,439.07,0
709123908,Blue,125,0,96,2023-01-15,Week-3,Q1,2023,4287,0,4874,82,0,Swipe ,Food,1169.76,0
709124883,Blue,250,1,112,2023-01-15,Week-3,Q1,2023,2149,1796,5228,93,0.836,Chip ,Food,941.04,0
709126833,Blue,150,0,105,2023-01-15,Week-3,Q1,2023,21670,2183,4121,81,0.101,Swipe ,Grocery,453.31,0
709127808,Blue,455,0,119,2023-01-15,Week-3,Q1,2023,6243,1331,3502,57,0.213,Chip ,Food,770.44,0
709131033,Blue,175,0,82,2023-01-15,Week-3,Q1,2023,2025,1701,4056,71,0.84,Swipe ,Bills,486.72,0
709134333,Blue,290,1,116,2023-01-15,Week-3,Q1,2023,3136,2253,4674,67,0.718,Chip ,Grocery,420.66,0
709137558,Blue,100,0,100,2023-01-15,Week-3,Q1,2023,5395,2084,4689,69,0.386,Chip ,Bills,1172.25,0
709140858,Blue,485,0,102,2023-01-15,Week-3,Q1,2023,1727,996,5112,82,0.577,Swipe ,Fuel,306.72,0
709141908,Gold,405,0,75,2023-01-15,Week-3,Q1,2023,10301,2451,16359,111,0.238,Chip ,Travel,2617.44,0
709143183,Blue,200,0,116,2023-01-15,Week-3,Q1,2023,1822,1605,2538,39,0.881,Chip ,Bills,228.42,0
709145958,Blue,250,1,135,2023-01-15,Week-3,Q1,2023,2440,1002,1533,42,0.411,Swipe ,Entertainment,321.93,0
709149408,Blue,455,0,76,2023-01-15,Week-3,Q1,2023,5605,1322,2338,41,0.236,Swipe ,Bills,467.6,0
709150608,Blue,420,0,105,2023-01-15,Week-3,Q1,2023,2898,0,2632,64,0,Swipe ,Fuel,368.48,0
709153008,Blue,270,0,49,2023-01-15,Week-3,Q1,2023,2523,2481,4683,76,0.983,Chip ,Bills,889.77,0
709157133,Blue,270,0,75,2023-01-15,Week-3,Q1,2023,3766,1049,1514,51,0.279,Swipe ,Entertainment,211.96,0
709158333,Blue,250,1,85,2023-01-15,Week-3,Q1,2023,2758,461,4244,96,0.167,Swipe ,Food,679.04,0
709159308,Silver,275,1,69,2023-01-15,Week-3,Q1,2023,6172,1212,16622,99,0.196,Chip ,Bills,3989.28,0
709161108,Blue,405,0,108,2023-01-15,Week-3,Q1,2023,2540,0,1531,31,0,Chip ,Bills,260.27,0
709163358,Gold,480,0,109,2023-01-15,Week-3,Q1,2023,34516,2517,1727,35,0.073,Swipe ,Entertainment,138.16,0
709164408,Blue,500,0,71,2023-01-15,Week-3,Q1,2023,2218,1696,730,20,0.765,Swipe ,Bills,146,0
709165533,Blue,375,0,61,2023-01-15,Week-3,Q1,2023,6143,1151,4330,72,0.187,Chip ,Food,1255.7,0
709166883,Blue,490,1,168,2023-01-15,Week-3,Q1,2023,5363,0,4121,78,0,Chip ,Grocery,329.68,0
709169133,Blue,95,1,111,2023-01-15,Week-3,Q1,2023,1438.3,0,3995,82,0,Chip ,Food,998.75,0
709170108,Blue,140,1,86,2023-01-15,Week-3,Q1,2023,2425,0,1522,36,0,Chip ,Bills,350.06,0
709171308,Blue,330,0,119,2023-01-15,Week-3,Q1,2023,15795,1742,13173,96,0.11,Swipe ,Grocery,2898.06,0
709173108,Blue,200,0,89,2023-01-15,Week-3,Q1,2023,2532,2221,799,21,0.877,Online ,Bills,223.72,0
709175208,Blue,190,1,77,2023-01-15,Week-3,Q1,2023,2835,2292,4686,79,0.808,Swipe ,Entertainment,328.02,0
709176108,Blue,415,0,88,2023-01-15,Week-3,Q1,2023,4604,621,4586,79,0.135,Chip ,Fuel,779.62,0
709178733,Blue,220,1,81,2023-01-15,Week-3,Q1,2023,5527,1120,2281,37,0.203,Chip ,Food,182.48,0
709179708,Blue,250,1,81,2023-01-15,Week-3,Q1,2023,3099,0,3622,75,0,Online ,Grocery,543.3,0
709183683,Blue,195,1,66,2023-01-15,Week-3,Q1,2023,5391,0,1971,56,0,Swipe ,Entertainment,177.39,0
709185108,Blue,400,1,135,2023-01-15,Week-3,Q1,2023,5824,1542,1801,44,0.265,Swipe ,Bills,270.15,0
709186983,Blue,440,0,96,2023-01-15,Week-3,Q1,2023,8714,2252,1536,38,0.258,Swipe ,Bills,184.32,0
709188108,Silver,250,1,98,2023-01-15,Week-3,Q1,2023,34516,1529,13940,105,0.044,Chip ,Travel,3485,0
709192233,Blue,465,1,72,2023-01-15,Week-3,Q1,2023,1773,0,1764,30,0,Swipe ,Fuel,211.68,0
709198158,Blue,250,0,99,2023-01-15,Week-3,Q1,2023,3125,1928,1631,46,0.617,Swipe ,Bills,391.44,0
709199358,Blue,410,0,100,2023-01-15,Week-3,Q1,2023,3316,0,1684,19,0,Chip ,Grocery,134.72,0
709200633,Blue,465,1,95,2023-01-15,Week-3,Q1,2023,2721,0,5443,73,0,Swipe ,Bills,707.59,0
709204158,Blue,125,0,76,2023-01-15,Week-3,Q1,2023,3438,1129,2331,56,0.328,Swipe ,Bills,559.44,0
709206333,Blue,300,0,99,2023-01-15,Week-3,Q1,2023,4333,0,1558,40,0,Swipe ,Grocery,171.38,0
709207458,Blue,485,0,87,2023-01-15,Week-3,Q1,2023,10747,1603,1340,25,0.149,Swipe ,Fuel,147.4,0
709208808,Blue,435,1,108,2023-01-15,Week-3,Q1,2023,2178,1731,4275,71,0.795,Swipe ,Fuel,427.5,0
709210833,Blue,300,1,103,2023-01-15,Week-3,Q1,2023,9074,1648,14084,110,0.182,Online ,Fuel,1549.24,0
709212183,Blue,340,1,111,2023-01-15,Week-3,Q1,2023,3176,1470,1634,53,0.463,Swipe ,Food,310.46,0
709213458,Blue,125,0,72,2023-01-15,Week-3,Q1,2023,22993,0,7867,75,0,Swipe ,Food,629.36,0
709214358,Blue,340,0,91,2023-01-15,Week-3,Q1,2023,2420,1422,1362,24,0.588,Swipe ,Entertainment,136.2,0
709215708,Blue,270,1,90,2023-01-15,Week-3,Q1,2023,18253,2517,3737,73,0.138,Swipe ,Bills,859.51,0
709216533,Blue,250,1,126,2023-01-15,Week-3,Q1,2023,2803,778,3142,64,0.278,Swipe ,Grocery,439.88,0
709217358,Blue,125,0,83,2023-01-15,Week-3,Q1,2023,20371,1832,1665,45,0.09,Swipe ,Entertainment,399.6,0
709219533,Blue,245,1,165,2023-01-15,Week-3,Q1,2023,2480,1351,1359,36,0.545,Swipe ,Bills,176.67,0
709220583,Blue,140,1,116,2023-01-15,Week-3,Q1,2023,4670,0,2256,56,0,Swipe ,Entertainment,564,0
709222008,Blue,355,0,118,2023-01-15,Week-3,Q1,2023,4742,2221,2422,41,0.468,Swipe ,Entertainment,169.54,0
709224033,Blue,490,1,68,2023-01-15,Week-3,Q1,2023,13720,0,1830,36,0,Swipe ,Grocery,347.7,0
709224858,Blue,245,1,78,2023-01-15,Week-3,Q1,2023,3610,1629,1652,40,0.451,Swipe ,Travel,313.88,0
709225758,Blue,100,1,119,2023-01-15,Week-3,Q1,2023,7469,2474,8213,86,0.331,Swipe ,Fuel,903.43,0
709227033,Blue,455,0,112,2023-01-15,Week-3,Q1,2023,9065,1548,4030,73,0.171,Online ,Fuel,523.9,0
709229358,Blue,125,0,128,2023-01-15,Week-3,Q1,2023,2601,1604,4835,80,0.617,Swipe ,Fuel,1063.7,0
709230708,Blue,290,1,111,2023-01-15,Week-3,Q1,2023,3864,1654,1470,42,0.428,Swipe ,Grocery,88.2,0
709231683,Blue,470,1,154,2023-01-15,Week-3,Q1,2023,2024,901,4861,84,0.445,Swipe ,Grocery,1215.25,0
709232808,Blue,370,0,143,2023-01-15,Week-3,Q1,2023,1689,0,1588,37,0,Swipe ,Food,412.88,0
709235058,Silver,300,0,59,2023-01-15,Week-3,Q1,2023,18956,1694,8032,88,0.089,Swipe ,Food,2248.96,0
709236633,Blue,175,0,115,2023-01-15,Week-3,Q1,2023,6608,2270,4033,58,0.344,Chip ,Entertainment,1169.57,0
709238358,Blue,495,0,73,2023-01-15,Week-3,Q1,2023,19387,810,7604,87,0.042,Swipe ,Fuel,1672.88,0
709239483,Blue,250,0,111,2023-01-15,Week-3,Q1,2023,2721,1527,4622,88,0.561,Chip ,Grocery,1340.38,0
709243533,Blue,480,0,68,2023-01-15,Week-3,Q1,2023,2555,1815,4552,75,0.71,Swipe ,Grocery,1046.96,0
709245783,Blue,300,1,93,2023-01-15,Week-3,Q1,2023,7751,1965,4543,90,0.254,Swipe ,Bills,999.46,0
709246683,Blue,150,1,96,2023-01-15,Week-3,Q1,2023,18457,2248,3603,69,0.122,Swipe ,Fuel,648.54,0
709247808,Blue,290,0,88,2023-01-15,Week-3,Q1,2023,3629,2517,14205,102,0.694,Online ,Food,2130.75,0
709249083,Blue,300,1,160,2023-01-15,Week-3,Q1,2023,4283,0,8672,64,0,Chip ,Travel,780.48,0
709250508,Blue,445,0,139,2023-01-15,Week-3,Q1,2023,6973,2517,4877,88,0.361,Swipe ,Grocery,877.86,0
709253433,Blue,250,1,77,2023-01-15,Week-3,Q1,2023,10946,1912,2448,58,0.175,Swipe ,Food,342.72,0
709257708,Gold,335,1,81,2023-01-15,Week-3,Q1,2023,3108,1978,14965,127,0.636,Swipe ,Fuel,3591.6,0
709259958,Blue,375,0,97,2023-01-15,Week-3,Q1,2023,5541,2517,9195,73,0.454,Swipe ,Fuel,2298.75,1
709261383,Blue,435,1,119,2023-01-15,Week-3,Q1,2023,1872,661,4970,81,0.353,Swipe ,Entertainment,347.9,1
709265208,Blue,150,0,102,2023-01-15,Week-3,Q1,2023,1438.3,780,4422,59,0.542,Chip ,Entertainment,1017.06,1
709267308,Blue,250,1,83,2023-01-22,Week-4,Q1,2023,2437,1400,1651,32,0.574,Swipe ,Entertainment,379.73,1
709269708,Platinum,395,1,53,2023-01-22,Week-4,Q1,2023,34516,1488,7281,95,0.043,Swipe ,Fuel,1529.01,1
709272333,Blue,460,0,93,2023-01-22,Week-4,Q1,2023,9899,2023,4579,73,0.204,Swipe ,Entertainment,1282.12,1
709273383,Blue,325,1,87,2023-01-22,Week-4,Q1,2023,8294,696,4136,77,0.084,Chip ,Fuel,703.12,1
709274583,Blue,455,1,77,2023-01-22,Week-4,Q1,2023,12248,1323,4806,91,0.108,Chip ,Food,1057.32,1
709275558,Blue,175,0,132,2023-01-22,Week-4,Q1,2023,7866,0,4238,55,0,Swipe ,Food,932.36,1
709276908,Blue,445,0,144,2023-01-22,Week-4,Q1,2023,1438.3,0,3990,75,0,Chip ,Bills,1157.1,1
709278258,Blue,125,1,117,2023-01-22,Week-4,Q1,2023,2902,2517,996,26,0.867,Swipe ,Bills,119.52,0
709279608,Blue,415,1,126,2023-01-22,Week-4,Q1,2023,9852,2277,3813,71,0.231,Swipe ,Fuel,381.3,0
709283358,Blue,195,1,75,2023-01-22,Week-4,Q1,2023,2895,0,2473,42,0,Chip ,Fuel,420.41,0
709284333,Blue,450,1,104,2023-01-22,Week-4,Q1,2023,5260,1116,2546,62,0.212,Swipe ,Fuel,381.9,0
709285683,Blue,320,1,127,2023-01-22,Week-4,Q1,2023,1438.3,0,4509,74,0,Chip ,Grocery,586.17,0
709288383,Blue,300,0,86,2023-01-22,Week-4,Q1,2023,29961,789,2337,69,0.026,Swipe ,Fuel,163.59,0
709289358,Blue,360,1,96,2023-01-22,Week-4,Q1,2023,8101,1266,3226,53,0.156,Swipe ,Bills,871.02,0
709296558,Blue,175,1,95,2023-01-22,Week-4,Q1,2023,18551,1434,5364,90,0.077,Swipe ,Bills,1072.8,0
709297608,Blue,290,1,83,2023-01-22,Week-4,Q1,2023,1438.3,0,1585,32,0,Swipe ,Bills,301.15,0
709300458,Blue,275,1,68,2023-01-22,Week-4,Q1,2023,7199,1031,4041,73,0.143,Swipe ,Fuel,969.84,0
709306983,Silver,420,0,107,2023-01-22,Week-4,Q1,2023,10580,1023,4721,81,0.097,Chip ,Food,944.2,0
709307808,Blue,285,0,106,2023-01-22,Week-4,Q1,2023,4375,0,2507,53,0,Swipe ,Bills,626.75,0
709309308,Blue,175,1,50,2023-01-22,Week-4,Q1,2023,27186,0,1704,34,0,Online ,Fuel,340.8,0
709310433,Blue,380,1,85,2023-01-22,Week-4,Q1,2023,5441,812,4480,76,0.149,Chip ,Bills,1254.4,0
709311633,Silver,150,0,103,2023-01-22,Week-4,Q1,2023,27000,0,1209,39,0,Swipe ,Bills,145.08,0
709314408,Blue,285,0,73,2023-01-22,Week-4,Q1,2023,4938,1593,4516,82,0.323,Swipe ,Fuel,1219.32,0
709315383,Blue,365,0,113,2023-01-22,Week-4,Q1,2023,26423,0,13575,108,0,Chip ,Entertainment,814.5,0
709316433,Silver,410,0,91,2023-01-22,Week-4,Q1,2023,33182,1997,1630,43,0.06,Swipe ,Bills,277.1,0
709319658,Platinum,470,0,75,2023-01-22,Week-4,Q1,2023,15987,0,7681,71,0,Swipe ,Bills,768.1,0
709321908,Blue,330,1,80,2023-01-22,Week-4,Q1,2023,7498,2319,1676,51,0.309,Swipe ,Bills,117.32,0
709326183,Blue,450,1,100,2023-01-22,Week-4,Q1,2023,5180,1211,3447,74,0.234,Swipe ,Bills,344.7,0
709327383,Blue,400,0,107,2023-01-22,Week-4,Q1,2023,14470,1157,1207,21,0.08,Swipe ,Travel,96.56,0
709328733,Blue,300,1,81,2023-01-22,Week-4,Q1,2023,9723,2459,1258,24,0.253,Swipe ,Bills,125.8,0
709329558,Gold,125,0,111,2023-01-22,Week-4,Q1,2023,15569,1554,4566,73,0.1,Swipe ,Entertainment,639.24,0
709330383,Silver,345,0,88,2023-01-22,Week-4,Q1,2023,12535,2049,3283,74,0.163,Swipe ,Entertainment,295.47,0
709332408,Blue,270,0,88,2023-01-22,Week-4,Q1,2023,6159,1640,13517,106,0.266,Chip ,Travel,2297.89,0
709333608,Blue,295,0,110,2023-01-22,Week-4,Q1,2023,2395,1345,4983,84,0.562,Chip ,Grocery,747.45,0
709334658,Blue,270,1,140,2023-01-22,Week-4,Q1,2023,5484,2517,2025,51,0.459,Swipe ,Bills,506.25,0
709335558,Blue,295,1,120,2023-01-22,Week-4,Q1,2023,7753,1643,3367,65,0.212,Online ,Bills,707.07,0
709338633,Blue,125,0,48,2023-01-22,Week-4,Q1,2023,2339,0,1542,45,0,Chip ,Bills,138.78,0
709339758,Blue,435,0,163,2023-01-22,Week-4,Q1,2023,11926,1766,3778,84,0.148,Chip ,Entertainment,680.04,0
709343433,Blue,200,1,115,2023-01-22,Week-4,Q1,2023,2469,1826,3837,74,0.74,Chip ,Fuel,613.92,0
709345008,Blue,460,1,85,2023-01-22,Week-4,Q1,2023,1438.3,0,807,22,0,Swipe ,Bills,169.47,0
709346133,Blue,420,0,94,2023-01-22,Week-4,Q1,2023,3025,2376,1277,23,0.785,Swipe ,Bills,89.39,0
709350783,Blue,375,1,66,2023-01-22,Week-4,Q1,2023,4847,1856,4712,76,0.383,Swipe ,Food,282.72,0
709361058,Blue,325,0,66,2023-01-22,Week-4,Q1,2023,7453,0,1691,47,0,Swipe ,Entertainment,304.38,0
709362033,Blue,270,1,113,2023-01-22,Week-4,Q1,2023,1471,0,2253,48,0,Online ,Bills,653.37,0
709363383,Blue,415,1,82,2023-01-22,Week-4,Q1,2023,22886,836,2652,61,0.037,Swipe ,Travel,689.52,0
709364433,Blue,125,1,76,2023-01-22,Week-4,Q1,2023,3399,2173,1571,34,0.639,Swipe ,Bills,424.17,0
709365483,Blue,245,1,69,2023-01-22,Week-4,Q1,2023,2788,1826,4437,67,0.655,Swipe ,Bills,887.4,0
709366458,Blue,245,0,75,2023-01-22,Week-4,Q1,2023,2227,1394,1972,41,0.626,Swipe ,Entertainment,256.36,0
709367433,Blue,470,1,116,2023-01-22,Week-4,Q1,2023,2109,1542,2261,56,0.731,Swipe ,Bills,633.08,0
709368483,Blue,425,0,172,2023-01-22,Week-4,Q1,2023,1438.3,0,4323,77,0,Swipe ,Fuel,259.38,0
709372608,Blue,100,1,115,2023-01-22,Week-4,Q1,2023,23457,2517,7370,96,0.107,Swipe ,Bills,1474,0
709373883,Silver,125,1,50,2023-01-22,Week-4,Q1,2023,19055,2517,15091,124,0.132,Swipe ,Bills,1358.19,0
709375158,Blue,295,1,117,2023-01-22,Week-4,Q1,2023,7270,1835,3759,69,0.252,Swipe ,Bills,375.9,0
709376508,Blue,270,1,120,2023-01-22,Week-4,Q1,2023,3846,1285,1815,47,0.334,Swipe ,Fuel,326.7,0
709379283,Blue,360,1,50,2023-01-22,Week-4,Q1,2023,13003,0,1697,40,0,Swipe ,Fuel,186.67,0
709380333,Blue,150,1,139,2023-01-22,Week-4,Q1,2023,24545,1735,1671,45,0.071,Swipe ,Bills,334.2,0
709381383,Blue,175,1,93,2023-01-22,Week-4,Q1,2023,2952,2517,3830,77,0.853,Swipe ,Fuel,689.4,0
709382958,Blue,125,1,67,2023-01-22,Week-4,Q1,2023,2894,2077,1017,25,0.718,Swipe ,Bills,193.23,0
709383933,Blue,430,1,113,2023-01-22,Week-4,Q1,2023,4246,2517,8102,66,0.593,Chip ,Entertainment,2268.56,0
709385133,Blue,200,1,103,2023-01-22,Week-4,Q1,2023,14828,1513,15572,113,0.102,Chip ,Travel,3425.84,0
709388058,Blue,380,1,67,2023-01-22,Week-4,Q1,2023,2005,1263,4906,80,0.63,Swipe ,Fuel,784.96,0
709389558,Blue,300,1,71,2023-01-22,Week-4,Q1,2023,1438.3,0,4641,85,0,Swipe ,Fuel,556.92,0
709397508,Gold,300,1,111,2023-01-22,Week-4,Q1,2023,8624,1709,15738,111,0.198,Swipe ,Entertainment,3619.74,0
709398708,Gold,350,1,85,2023-01-22,Week-4,Q1,2023,16268,2517,15925,124,0.155,Chip ,Fuel,4618.25,0
709399908,Blue,460,1,109,2023-01-22,Week-4,Q1,2023,7594,1442,15026,99,0.19,Chip ,Travel,1352.34,0
709405758,Blue,465,1,79,2023-01-22,Week-4,Q1,2023,1911,1217,1965,49,0.637,Swipe ,Grocery,176.85,0
709406733,Blue,100,0,78,2023-01-22,Week-4,Q1,2023,20434,1504,13280,106,0.074,Swipe ,Fuel,2390.4,0
709407933,Silver,300,0,81,2023-01-22,Week-4,Q1,2023,34516,1802,4544,80,0.052,Chip ,Bills,1181.44,0
709408983,Blue,200,1,109,2023-01-22,Week-4,Q1,2023,5256,889,5078,91,0.169,Swipe ,Grocery,812.48,0
709410033,Blue,270,0,94,2023-01-22,Week-4,Q1,2023,4731,831,14952,118,0.176,Swipe ,Food,1943.76,0
709411383,Blue,150,0,84,2023-01-22,Week-4,Q1,2023,2811,1630,4275,78,0.58,Swipe ,Fuel,384.75,0
709413933,Blue,285,1,145,2023-01-22,Week-4,Q1,2023,2381,651,1920,46,0.273,Swipe ,Grocery,345.6,0
709415583,Blue,100,0,119,2023-01-22,Week-4,Q1,2023,3967,1476,4490,66,0.372,Swipe ,Food,987.8,0
709418508,Blue,360,0,150,2023-01-22,Week-4,Q1,2023,7653,1693,7508,93,0.221,Swipe ,Entertainment,1801.92,0
709422183,Blue,250,1,89,2023-01-22,Week-4,Q1,2023,2203,1394,1788,45,0.633,Swipe ,Fuel,143.04,0
709423158,Blue,220,1,116,2023-01-22,Week-4,Q1,2023,1791,1337,3592,46,0.747,Swipe ,Bills,610.64,0
709426608,Blue,375,1,110,2023-01-22,Week-4,Q1,2023,5248,1816,2305,45,0.346,Swipe ,Entertainment,599.3,0
709429533,Blue,250,1,92,2023-01-22,Week-4,Q1,2023,2561,0,2047,41,0,Swipe ,Fuel,245.64,0
709430508,Blue,200,1,102,2023-01-22,Week-4,Q1,2023,7316,1335,1849,50,0.182,Chip ,Entertainment,184.9,0
709432833,Blue,190,1,80,2023-01-22,Week-4,Q1,2023,1472,1196,4859,73,0.812,Swipe ,Bills,1214.75,0
709434408,Blue,450,1,112,2023-01-22,Week-4,Q1,2023,5848,1481,8417,95,0.253,Swipe ,Bills,1010.04,0
709435533,Blue,200,1,130,2023-01-22,Week-4,Q1,2023,3099,0,1401,44,0,Online ,Bills,280.2,0
709436883,Blue,340,0,100,2023-01-22,Week-4,Q1,2023,2941,1619,5000,87,0.55,Chip ,Bills,1100,0
709443633,Blue,355,1,114,2023-01-22,Week-4,Q1,2023,4345,838,4770,62,0.193,Chip ,Grocery,810.9,0
709444983,Blue,280,1,72,2023-01-22,Week-4,Q1,2023,2435,2432,1460,32,0.999,Chip ,Travel,292,0
709446783,Blue,300,1,88,2023-01-22,Week-4,Q1,2023,4335,2480,1373,36,0.572,Swipe ,Bills,96.11,0
709447908,Blue,125,1,99,2023-01-22,Week-4,Q1,2023,2648,2309,3281,63,0.872,Swipe ,Fuel,360.91,0
709449333,Blue,340,1,91,2023-01-22,Week-4,Q1,2023,3170,1428,4097,72,0.45,Chip ,Entertainment,245.82,0
709451508,Blue,125,1,89,2023-01-22,Week-4,Q1,2023,12766,0,1191,28,0,Swipe ,Bills,238.2,0
709452633,Blue,450,1,108,2023-01-22,Week-4,Q1,2023,8881,2145,2027,49,0.242,Swipe ,Bills,121.62,0
709453833,Blue,390,0,114,2023-01-22,Week-4,Q1,2023,11164,859,4227,67,0.077,Swipe ,Grocery,803.13,0
709455108,Blue,270,0,111,2023-01-22,Week-4,Q1,2023,2393,1667,3768,79,0.697,Swipe ,Fuel,301.44,0
709459608,Blue,125,1,146,2023-01-22,Week-4,Q1,2023,1811,0,5390,87,0,Swipe ,Food,916.3,0
709460883,Blue,410,1,124,2023-01-22,Week-4,Q1,2023,1614,0,2437,46,0,Chip ,Grocery,341.18,0
709465758,Blue,95,1,44,2023-01-22,Week-4,Q1,2023,1438.3,0,902,31,0,Swipe ,Bills,117.26,0
709467183,Blue,150,0,84,2023-01-22,Week-4,Q1,2023,20501,561,15162,99,0.027,Chip ,Entertainment,909.72,0
709468683,Blue,300,1,73,2023-01-22,Week-4,Q1,2023,2174,1397,1755,39,0.643,Swipe ,Entertainment,245.7,0
709469658,Blue,455,1,98,2023-01-22,Week-4,Q1,2023,7421,0,4353,75,0,Swipe ,Grocery,870.6,0
709470858,Silver,475,0,53,2023-01-22,Week-4,Q1,2023,34516,1254,1366,25,0.036,Swipe ,Bills,300.52,0
709473708,Blue,250,0,105,2023-01-22,Week-4,Q1,2023,30753,1661,1780,33,0.054,Swipe ,Bills,284.8,0
709474683,Blue,270,0,162,2023-01-22,Week-4,Q1,2023,6078,1478,8442,95,0.243,Swipe ,Grocery,1181.88,0
709476033,Blue,470,0,91,2023-01-22,Week-4,Q1,2023,6577,1800,14229,120,0.274,Swipe ,Grocery,1422.9,0
709477233,Blue,300,0,78,2023-01-22,Week-4,Q1,2023,2346,1621,4287,79,0.691,Swipe ,Fuel,900.27,0
709479558,Blue,125,1,116,2023-01-22,Week-4,Q1,2023,2758,2168,3073,86,0.786,Swipe ,Entertainment,276.57,0
709482633,Blue,150,0,84,2023-01-22,Week-4,Q1,2023,1773,882,5400,84,0.497,Swipe ,Entertainment,1350,0
709485033,Blue,400,1,118,2023-01-22,Week-4,Q1,2023,2358,1152,1737,26,0.489,Swipe ,Food,225.81,0
709486158,Blue,245,0,94,2023-01-22,Week-4,Q1,2023,1438.3,0,4530,72,0,Chip ,Bills,271.8,0
709487058,Silver,250,1,77,2023-01-22,Week-4,Q1,2023,13812,1132,3723,56,0.082,Chip ,Food,1042.44,0
709488108,Blue,195,1,95,2023-01-22,Week-4,Q1,2023,10543,0,1841,39,0,Online ,Fuel,349.79,0
709493283,Blue,275,0,91,2023-01-22,Week-4,Q1,2023,4111,1233,1289,36,0.3,Swipe ,Bills,180.46,0
709494483,Blue,150,1,89,2023-01-22,Week-4,Q1,2023,2420,1912,1730,36,0.79,Swipe ,Travel,155.7,0
709495833,Blue,445,0,113,2023-01-22,Week-4,Q1,2023,1438.3,0,1944,36,0,Online ,Fuel,563.76,0
709497108,Blue,150,1,76,2023-01-22,Week-4,Q1,2023,6633,1322,8396,106,0.199,Swipe ,Entertainment,839.6,0
709500183,Blue,480,0,110,2023-01-22,Week-4,Q1,2023,1804,0,2077,44,0,Chip ,Fuel,207.7,0
709501683,Blue,390,1,102,2023-01-22,Week-4,Q1,2023,5830,1665,2263,60,0.286,Swipe ,Fuel,520.49,0
709505808,Blue,150,1,74,2023-01-22,Week-4,Q1,2023,4345,2198,1918,31,0.506,Chip ,Fuel,249.34,0
709513458,Blue,250,0,87,2023-01-22,Week-4,Q1,2023,9551,1833,3213,52,0.192,Swipe ,Fuel,449.82,0
709514433,Blue,385,0,114,2023-01-22,Week-4,Q1,2023,13818,609,13209,101,0.044,Swipe ,Food,2773.89,0
709516458,Blue,320,1,53,2023-01-22,Week-4,Q1,2023,6476,0,2723,66,0,Swipe ,Bills,408.45,0
709518858,Blue,410,1,61,2023-01-22,Week-4,Q1,2023,2897,0,4891,87,0,Swipe ,Grocery,684.74,0
709520058,Blue,415,0,119,2023-01-22,Week-4,Q1,2023,19138,0,2028,43,0,Swipe ,Bills,182.52,0
709523508,Silver,245,1,68,2023-01-22,Week-4,Q1,2023,11097,0,4836,83,0,Chip ,Travel,870.48,0
709528308,Blue,295,0,111,2023-01-22,Week-4,Q1,2023,15242,1170,1876,57,0.077,Swipe ,Bills,337.68,0
709530408,Gold,150,1,113,2023-01-22,Week-4,Q1,2023,34516,1411,8007,96,0.041,Swipe ,Bills,1761.54,0
709531908,Blue,125,0,69,2023-01-22,Week-4,Q1,2023,1438.3,0,2184,53,0,Swipe ,Bills,480.48,0
709534083,Blue,95,1,111,2023-01-22,Week-4,Q1,2023,9909,0,1844,41,0,Chip ,Bills,129.08,0
709536483,Blue,250,1,123,2023-01-22,Week-4,Q1,2023,8701,215,1999,41,0.025,Swipe ,Bills,379.81,0
709537683,Blue,200,1,98,2023-01-22,Week-4,Q1,2023,11638,926,563,15,0.08,Swipe ,Entertainment,67.56,0
709541433,Blue,280,1,52,2023-01-22,Week-4,Q1,2023,2041,1687,1555,45,0.827,Swipe ,Bills,139.95,0
709545333,Blue,410,0,110,2023-01-22,Week-4,Q1,2023,12716,1496,2412,64,0.118,Swipe ,Entertainment,458.28,0
709546608,Blue,100,0,110,2023-01-22,Week-4,Q1,2023,1438.3,647,4803,64,0.45,Chip ,Fuel,1152.72,0
709547658,Blue,405,1,105,2023-01-22,Week-4,Q1,2023,13961,1299,783,20,0.093,Swipe ,Grocery,180.09,0
709548783,Blue,350,1,132,2023-01-22,Week-4,Q1,2023,1438.3,0,2100,54,0,Swipe ,Food,462,0
709550958,Blue,125,0,105,2023-01-22,Week-4,Q1,2023,7133,0,2689,62,0,Swipe ,Grocery,618.47,0
709554483,Blue,390,1,83,2023-01-22,Week-4,Q1,2023,4840,2517,1637,22,0.52,Swipe ,Fuel,245.55,0
709556208,Silver,280,0,107,2023-01-22,Week-4,Q1,2023,22361,1873,7586,94,0.084,Swipe ,Bills,455.16,0
709558608,Blue,460,0,66,2023-01-22,Week-4,Q1,2023,2844,2065,7345,73,0.726,Online ,Entertainment,1028.3,0
709560258,Blue,140,1,92,2023-01-22,Week-4,Q1,2023,4946,0,2239,38,0,Online ,Entertainment,380.63,0
709562358,Blue,390,0,46,2023-01-22,Week-4,Q1,2023,5353,1594,4456,79,0.298,Swipe ,Food,1069.44,0
709563258,Blue,475,1,134,2023-01-22,Week-4,Q1,2023,2751,2253,2108,40,0.819,Chip ,Travel,379.44,0
709564683,Blue,365,1,95,2023-01-22,Week-4,Q1,2023,4739,0,886,21,0,Swipe ,Fuel,256.94,0
709566408,Blue,500,1,91,2023-01-22,Week-4,Q1,2023,4458,0,9640,70,0,Chip ,Fuel,867.6,0
709567758,Blue,460,1,110,2023-01-22,Week-4,Q1,2023,2490,2225,3339,71,0.894,Chip ,Bills,868.14,0
709571958,Blue,360,0,134,2023-01-22,Week-4,Q1,2023,2127,0,4401,65,0,Swipe ,Food,308.07,0
709573533,Blue,245,1,87,2023-01-22,Week-4,Q1,2023,11191,0,3914,71,0,Swipe ,Fuel,391.4,0
709575858,Blue,385,1,86,2023-01-22,Week-4,Q1,2023,2300,0,4527,79,0,Swipe ,Bills,860.13,0
709578258,Blue,300,1,57,2023-01-22,Week-4,Q1,2023,3804,1917,14321,102,0.504,Chip ,Bills,2434.57,0
709579383,Blue,400,0,80,2023-01-22,Week-4,Q1,2023,6978,1148,1362,26,0.165,Swipe ,Entertainment,95.34,0
709581483,Blue,445,1,90,2023-01-22,Week-4,Q1,2023,2984,2517,2373,53,0.843,Swipe ,Travel,308.49,0
709583133,Blue,295,0,96,2023-01-22,Week-4,Q1,2023,3326,1442,1627,54,0.434,Swipe ,Fuel,439.29,0
709584483,Blue,245,1,77,2023-01-22,Week-4,Q1,2023,3030,2517,1805,44,0.831,Swipe ,Bills,126.35,0
709585758,Blue,390,1,109,2023-01-22,Week-4,Q1,2023,34516,0,4004,86,0,Online ,Grocery,400.4,0
709587783,Silver,125,1,92,2023-01-22,Week-4,Q1,2023,25133,0,4033,73,0,Swipe ,Bills,322.64,0
709589208,Blue,250,1,116,2023-01-22,Week-4,Q1,2023,17721,596,14409,83,0.034,Chip ,Travel,4178.61,0
709591533,Blue,470,1,108,2023-01-22,Week-4,Q1,2023,1774,1115,3474,60,0.629,Swipe ,Grocery,799.02,0
709592808,Blue,385,1,128,2023-01-22,Week-4,Q1,2023,3311,1556,14470,103,0.47,Chip ,Travel,1736.4,0
709596783,Blue,300,0,102,2023-01-22,Week-4,Q1,2023,1611,0,4444,78,0,Chip ,Fuel,488.84,0
709597983,Blue,200,1,90,2023-01-22,Week-4,Q1,2023,1573,653,3349,77,0.415,Swipe ,Food,401.88,0
709603608,Blue,480,1,114,2023-01-22,Week-4,Q1,2023,2345,1643,4634,69,0.701,Chip ,Food,602.42,0
709604958,Blue,95,1,84,2023-01-22,Week-4,Q1,2023,2585,1847,3480,64,0.715,Online ,Bills,1009.2,0
709606158,Blue,125,0,113,2023-01-22,Week-4,Q1,2023,2984,0,4878,86,0,Online ,Fuel,439.02,0
709607733,Blue,285,0,119,2023-01-22,Week-4,Q1,2023,9191,1666,4275,83,0.181,Chip ,Food,812.25,0
709608708,Blue,325,1,91,2023-01-22,Week-4,Q1,2023,6500,2517,9451,79,0.387,Chip ,Travel,945.1,0
709610283,Blue,195,1,101,2023-01-22,Week-4,Q1,2023,1853,0,4544,72,0,Chip ,Grocery,1226.88,0
709611183,Blue,195,0,100,2023-01-22,Week-4,Q1,2023,3952,0,8241,82,0,Chip ,Entertainment,1648.2,0
709612983,Blue,330,1,155,2023-01-22,Week-4,Q1,2023,2990,1828,2265,41,0.611,Chip ,Bills,407.7,0
709614333,Blue,390,0,84,2023-01-22,Week-4,Q1,2023,10457,2148,4649,74,0.205,Swipe ,Bills,697.35,0
709615458,Silver,450,1,101,2023-01-22,Week-4,Q1,2023,34516,862,15034,111,0.025,Chip ,Bills,2706.12,0
709616958,Silver,225,1,84,2023-01-22,Week-4,Q1,2023,26556,1583,3168,73,0.06,Swipe ,Grocery,728.64,0
709618308,Silver,325,1,90,2023-01-22,Week-4,Q1,2023,16239,1487,3838,48,0.092,Swipe ,Food,345.42,0
709619433,Blue,455,0,82,2023-01-22,Week-4,Q1,2023,34516,1382,8604,108,0.04,Swipe ,Bills,2064.96,0
709621008,Blue,435,0,73,2023-01-22,Week-4,Q1,2023,5826,1482,4135,76,0.254,Swipe ,Bills,1116.45,0
709623483,Blue,445,0,48,2023-01-22,Week-4,Q1,2023,18442,1470,1281,36,0.08,Swipe ,Fuel,153.72,0
709624533,Blue,200,0,82,2023-01-22,Week-4,Q1,2023,3187,2517,1627,38,0.79,Swipe ,Entertainment,406.75,0
709625733,Blue,425,1,111,2023-01-22,Week-4,Q1,2023,9690,1115,4620,64,0.115,Swipe ,Travel,693,0
709626858,Blue,100,0,110,2023-01-22,Week-4,Q1,2023,4985,1379,4222,61,0.277,Swipe ,Grocery,886.62,0
709627983,Blue,100,0,160,2023-01-22,Week-4,Q1,2023,2535,1699,4497,68,0.67,Online ,Fuel,674.55,0
709632483,Blue,420,1,108,2023-01-22,Week-4,Q1,2023,1438.3,906,4457,84,0.63,Chip ,Entertainment,445.7,0
709633533,Blue,100,1,106,2023-01-22,Week-4,Q1,2023,1438.3,0,2789,50,0,Swipe ,Bills,334.68,0
709635858,Blue,245,1,116,2023-01-22,Week-4,Q1,2023,2235,0,1229,27,0,Swipe ,Bills,73.74,0
709638783,Blue,455,0,80,2023-01-22,Week-4,Q1,2023,2961,2048,4056,92,0.692,Chip ,Fuel,892.32,0
709641933,Blue,280,1,100,2023-01-22,Week-4,Q1,2023,3433,1869,4504,84,0.544,Swipe ,Food,630.56,0
709646433,Blue,395,1,100,2023-01-22,Week-4,Q1,2023,5043,743,10170,66,0.147,Chip ,Travel,2339.1,0
709649958,Silver,125,1,101,2023-01-22,Week-4,Q1,2023,28229,287,2281,45,0.01,Swipe ,Entertainment,364.96,0
709657533,Blue,225,1,55,2023-01-22,Week-4,Q1,2023,7793,2270,8260,54,0.291,Chip ,Entertainment,826,0
709660233,Blue,250,0,108,2023-01-22,Week-4,Q1,2023,3526,2429,7775,63,0.689,Online ,Travel,1166.25,0
709662708,Blue,380,1,67,2023-01-22,Week-4,Q1,2023,3506,1604,1953,61,0.458,Swipe ,Travel,488.25,0
709663608,Blue,480,0,89,2023-01-22,Week-4,Q1,2023,1536,0,1973,36,0,Swipe ,Grocery,295.95,0
709664658,Blue,300,1,147,2023-01-22,Week-4,Q1,2023,22863,927,4071,69,0.041,Swipe ,Bills,366.39,0
709665783,Blue,285,1,57,2023-01-22,Week-4,Q1,2023,1637,0,4800,70,0,Swipe ,Travel,864,0
709666908,Blue,330,1,81,2023-01-22,Week-4,Q1,2023,2782,1782,4669,93,0.641,Chip ,Entertainment,1167.25,0
709668408,Blue,295,0,80,2023-01-22,Week-4,Q1,2023,5204,0,5285,82,0,Swipe ,Bills,475.65,0
709669533,Blue,125,1,81,2023-01-22,Week-4,Q1,2023,2722,1303,4488,88,0.479,Swipe ,Entertainment,493.68,0
709671708,Blue,225,1,74,2023-01-22,Week-4,Q1,2023,19354,984,1207,32,0.051,Swipe ,Entertainment,325.89,0
709674333,Blue,245,1,70,2023-01-22,Week-4,Q1,2023,2400,0,2677,70,0,Swipe ,Fuel,722.79,0
709678608,Blue,140,0,105,2023-01-29,Week-5,Q1,2023,24256,1076,4269,69,0.044,Swipe ,Bills,853.8,0
709679658,Blue,150,0,113,2023-01-29,Week-5,Q1,2023,5386,0,4846,84,0,Chip ,Entertainment,1356.88,0
709682658,Blue,460,0,109,2023-01-29,Week-5,Q1,2023,3093,2517,1371,23,0.814,Swipe ,Bills,219.36,0
709683633,Silver,125,1,85,2023-01-29,Week-5,Q1,2023,10332,948,2914,67,0.092,Swipe ,Bills,524.52,0
709688883,Blue,455,0,111,2023-01-29,Week-5,Q1,2023,3845,0,2174,39,0,Chip ,Grocery,130.44,0
709690158,Blue,475,0,104,2023-01-29,Week-5,Q1,2023,4592,2517,1470,33,0.548,Swipe ,Entertainment,367.5,0
709693833,Blue,415,0,89,2023-01-29,Week-5,Q1,2023,9261,1605,2468,44,0.173,Swipe ,Bills,641.68,0
709695333,Blue,295,0,88,2023-01-29,Week-5,Q1,2023,10227,1695,3577,82,0.166,Swipe ,Grocery,858.48,0
709700058,Blue,340,0,68,2023-01-29,Week-5,Q1,2023,6081,989,4451,70,0.163,Online ,Food,489.61,0
709701558,Blue,285,0,119,2023-01-29,Week-5,Q1,2023,21331,1251,1460,50,0.059,Swipe ,Travel,306.6,1
709703433,Blue,275,1,41,2023-01-29,Week-5,Q1,2023,21304,1532,1770,25,0.072,Swipe ,Entertainment,336.3,1
709707033,Blue,275,1,94,2023-01-29,Week-5,Q1,2023,13162,0,1424,38,0,Swipe ,Food,142.4,1
709708233,Blue,465,0,51,2023-01-29,Week-5,Q1,2023,7066,0,1695,38,0,Chip ,Grocery,152.55,1
709709283,Blue,345,1,103,2023-01-29,Week-5,Q1,2023,3458,321,2256,40,0.093,Chip ,Food,631.68,1
709710783,Blue,220,1,110,2023-01-29,Week-5,Q1,2023,5931,0,2730,71,0,Swipe ,Entertainment,682.5,1
709711758,Blue,395,0,80,2023-01-29,Week-5,Q1,2023,1942,0,1853,31,0,Chip ,Bills,481.78,1
709713033,Blue,195,0,96,2023-01-29,Week-5,Q1,2023,6846,0,1735,35,0,Swipe ,Bills,242.9,1
709714008,Blue,200,1,125,2023-01-29,Week-5,Q1,2023,9248,0,2325,45,0,Swipe ,Entertainment,651,1
709716258,Blue,450,1,59,2023-01-29,Week-5,Q1,2023,7633,1707,1807,58,0.224,Swipe ,Entertainment,162.63,1
709718058,Blue,445,0,111,2023-01-29,Week-5,Q1,2023,2936,2181,4650,78,0.743,Swipe ,Bills,3255.5,0
709719333,Blue,300,1,119,2023-01-29,Week-5,Q1,2023,28422,1258,4841,80,0.044,Chip ,Food,726.15,0
709722858,Blue,405,1,99,2023-01-29,Week-5,Q1,2023,20708,1357,8503,88,0.066,Swipe ,Fuel,935.33,0
709726158,Blue,355,1,88,2023-01-29,Week-5,Q1,2023,2206,1110,5196,92,0.503,Swipe ,Fuel,987.24,0
709728183,Blue,125,0,137,2023-01-29,Week-5,Q1,2023,1438.3,0,4370,79,0,Swipe ,Food,611.8,0
709729533,Blue,380,0,136,2023-01-29,Week-5,Q1,2023,1809,457,2169,49,0.253,Chip ,Grocery,520.56,0
709730508,Blue,285,1,107,2023-01-29,Week-5,Q1,2023,17531,0,4563,61,0,Swipe ,Fuel,1232.01,0
709732608,Blue,125,0,86,2023-01-29,Week-5,Q1,2023,3203,2366,4282,82,0.739,Swipe ,Bills,256.92,0
709735008,Blue,110,0,104,2023-01-29,Week-5,Q1,2023,3023,1435,1920,34,0.475,Swipe ,Food,364.8,0
709736658,Blue,175,1,88,2023-01-29,Week-5,Q1,2023,1438.3,759,4446,86,0.528,Chip ,Food,622.44,0
709738008,Blue,150,1,73,2023-01-29,Week-5,Q1,2023,2804,1057,5033,81,0.377,Swipe ,Bills,452.97,0
709739283,Blue,430,0,98,2023-01-29,Week-5,Q1,2023,21329,2119,4206,75,0.099,Online ,Grocery,462.66,0
709741608,Blue,365,1,71,2023-01-29,Week-5,Q1,2023,4546,0,3739,53,0,Chip ,Grocery,785.19,0
709742958,Blue,450,1,120,2023-01-29,Week-5,Q1,2023,15626,1148,3386,65,0.073,Chip ,Fuel,711.06,0
709745508,Blue,375,0,74,2023-01-29,Week-5,Q1,2023,2295,0,2140,40,0,Swipe ,Grocery,428,0
709747308,Blue,190,1,96,2023-01-29,Week-5,Q1,2023,4575,1344,4726,64,0.294,Chip ,Bills,1181.5,0
709749483,Blue,125,1,78,2023-01-29,Week-5,Q1,2023,2636,1953,4584,70,0.741,Online ,Entertainment,916.8,0
709752183,Blue,150,0,61,2023-01-29,Week-5,Q1,2023,11432,2517,1374,37,0.22,Swipe ,Bills,206.1,0
709757583,Blue,455,1,81,2023-01-29,Week-5,Q1,2023,3176,1510,2074,48,0.475,Swipe ,Fuel,124.44,0
709759908,Blue,415,0,88,2023-01-29,Week-5,Q1,2023,1939,685,4327,84,0.353,Swipe ,Entertainment,1168.29,0
709762008,Blue,500,0,92,2023-01-29,Week-5,Q1,2023,2090,793,4619,78,0.379,Swipe ,Bills,1200.94,0
709762908,Blue,200,0,108,2023-01-29,Week-5,Q1,2023,1438.3,1228,4991,78,0.854,Swipe ,Bills,898.38,0
709764483,Blue,360,1,116,2023-01-29,Week-5,Q1,2023,6157,581,4041,65,0.094,Swipe ,Bills,889.02,0
709766808,Blue,395,0,150,2023-01-29,Week-5,Q1,2023,5099,1178,3819,82,0.231,Chip ,Grocery,229.14,0
709769283,Blue,420,0,112,2023-01-29,Week-5,Q1,2023,8513,0,4162,70,0,Swipe ,Grocery,790.78,0
709770408,Silver,320,0,114,2023-01-29,Week-5,Q1,2023,34516,1702,8652,98,0.049,Swipe ,Bills,2163,0
709774608,Blue,395,0,113,2023-01-29,Week-5,Q1,2023,5993,1582,3464,64,0.264,Online ,Grocery,415.68,0
709779258,Blue,95,1,94,2023-01-29,Week-5,Q1,2023,1438.3,0,4075,71,0,Swipe ,Food,326,0
709780158,Blue,250,1,97,2023-01-29,Week-5,Q1,2023,2411,1379,4812,79,0.572,Swipe ,Food,288.72,0
709781208,Blue,200,0,76,2023-01-29,Week-5,Q1,2023,2291,0,5409,82,0,Swipe ,Travel,432.72,0
709783908,Blue,250,0,110,2023-01-29,Week-5,Q1,2023,2280,1170,1924,50,0.513,Swipe ,Fuel,211.64,0
709785783,Blue,365,1,58,2023-01-29,Week-5,Q1,2023,2300,0,1485,34,0,Swipe ,Bills,297,0
709787733,Blue,360,0,160,2023-01-29,Week-5,Q1,2023,9723,1307,4043,76,0.134,Swipe ,Fuel,1091.61,0
709788783,Blue,225,1,117,2023-01-29,Week-5,Q1,2023,4907,773,5088,71,0.158,Chip ,Grocery,966.72,0
709790058,Blue,355,1,117,2023-01-29,Week-5,Q1,2023,6383,1512,4985,87,0.237,Swipe ,Entertainment,398.8,0
709791333,Blue,270,0,78,2023-01-29,Week-5,Q1,2023,2040,1084,4751,80,0.531,Swipe ,Fuel,427.59,0
709793133,Blue,150,0,65,2023-01-29,Week-5,Q1,2023,3186,2470,1531,37,0.775,Swipe ,Bills,214.34,0
709794333,Blue,150,0,45,2023-01-29,Week-5,Q1,2023,2827,1430,1608,30,0.506,Swipe ,Fuel,305.52,0
709798908,Blue,460,1,105,2023-01-29,Week-5,Q1,2023,2858,0,2611,43,0,Chip ,Food,574.42,0
709802208,Blue,355,0,104,2023-01-29,Week-5,Q1,2023,3350,0,2849,61,0,Swipe ,Food,227.92,0
709803258,Blue,125,1,138,2023-01-29,Week-5,Q1,2023,12073,0,2400,52,0,Swipe ,Grocery,696,0
709804533,Blue,300,1,74,2023-01-29,Week-5,Q1,2023,17818,1451,3973,74,0.081,Swipe ,Entertainment,357.57,0
709807383,Blue,300,1,115,2023-01-29,Week-5,Q1,2023,3616,1155,15391,94,0.319,Swipe ,Food,3232.11,0
709810458,Blue,480,0,109,2023-01-29,Week-5,Q1,2023,1579,768,4241,72,0.486,Swipe ,Food,551.33,0
709813008,Blue,200,0,99,2023-01-29,Week-5,Q1,2023,3398,2415,4509,93,0.711,Swipe ,Food,811.62,0
709814883,Platinum,300,1,135,2023-01-29,Week-5,Q1,2023,15987,2262,15513,127,0.141,Chip ,Food,3412.86,0
709816158,Silver,455,1,97,2023-01-29,Week-5,Q1,2023,34516,0,2183,60,0,Swipe ,Food,502.09,0
709820658,Blue,350,1,87,2023-01-29,Week-5,Q1,2023,34516,1170,3785,64,0.034,Chip ,Fuel,946.25,0
709822008,Blue,200,0,71,2023-01-29,Week-5,Q1,2023,2369,1019,4317,66,0.43,Online ,Food,518.04,0
709823733,Blue,300,0,115,2023-01-29,Week-5,Q1,2023,5508,0,7507,78,0,Swipe ,Bills,750.7,0
709824633,Blue,125,0,92,2023-01-29,Week-5,Q1,2023,1552,1375,5064,80,0.886,Swipe ,Grocery,1316.64,0
709826058,Blue,300,1,112,2023-01-29,Week-5,Q1,2023,34516,2435,1805,34,0.071,Swipe ,Entertainment,270.75,0
709827933,Blue,250,1,77,2023-01-29,Week-5,Q1,2023,12230,1196,3659,76,0.098,Chip ,Food,804.98,0
709830783,Silver,250,0,112,2023-01-29,Week-5,Q1,2023,34516,1686,4039,72,0.049,Swipe ,Bills,363.51,0
709831983,Gold,125,1,117,2023-01-29,Week-5,Q1,2023,34516,1244,15176,126,0.036,Chip ,Fuel,3186.96,0
709836258,Blue,125,0,107,2023-01-29,Week-5,Q1,2023,1927,1337,5127,81,0.694,Online ,Fuel,1230.48,0
709837308,Blue,250,0,114,2023-01-29,Week-5,Q1,2023,7531,0,3833,71,0,Chip ,Grocery,421.63,0
709838508,Silver,470,1,91,2023-01-29,Week-5,Q1,2023,34516,1509,7167,91,0.044,Swipe ,Fuel,501.69,0
709839858,Blue,270,0,75,2023-01-29,Week-5,Q1,2023,4608,1077,1535,31,0.234,Swipe ,Travel,383.75,0
709841433,Blue,300,0,87,2023-01-29,Week-5,Q1,2023,3855,1188,3885,83,0.308,Swipe ,Entertainment,815.85,0
709850508,Blue,245,1,118,2023-01-29,Week-5,Q1,2023,3202,0,2917,37,0,Swipe ,Food,700.08,0
709852908,Blue,275,1,161,2023-01-29,Week-5,Q1,2023,4307,0,1628,37,0,Swipe ,Bills,130.24,0
709854483,Blue,200,1,113,2023-01-29,Week-5,Q1,2023,4588,2517,2442,62,0.549,Swipe ,Entertainment,244.2,0
709855608,Blue,100,1,111,2023-01-29,Week-5,Q1,2023,1438.3,981,1114,33,0.682,Swipe ,Grocery,300.78,0
709857033,Blue,225,0,67,2023-01-29,Week-5,Q1,2023,1438.3,0,4148,84,0,Chip ,Bills,414.8,0
709858533,Blue,250,0,102,2023-01-29,Week-5,Q1,2023,2462,2021,2320,57,0.821,Swipe ,Fuel,394.4,0
709861008,Blue,300,0,136,2023-01-29,Week-5,Q1,2023,27720,2414,8520,89,0.087,Swipe ,Entertainment,4385.6,0
709864833,Blue,250,1,90,2023-01-29,Week-5,Q1,2023,8077,1965,1329,26,0.243,Swipe ,Entertainment,132.9,0
709865883,Silver,495,0,73,2023-01-29,Week-5,Q1,2023,26794,821,8788,58,0.031,Chip ,Fuel,1493.96,0
709868433,Blue,250,0,95,2023-01-29,Week-5,Q1,2023,2525,2217,4409,69,0.878,Swipe ,Bills,661.35,0
709869708,Blue,445,1,120,2023-01-29,Week-5,Q1,2023,3062,2039,4037,71,0.666,Chip ,Travel,322.96,0
709871658,Blue,470,1,113,2023-01-29,Week-5,Q1,2023,7136,2345,7729,86,0.329,Swipe ,Food,2241.41,0
709873683,Silver,440,1,86,2023-01-29,Week-5,Q1,2023,16541,1428,4352,82,0.086,Swipe ,Fuel,1262.08,0
709876008,Blue,335,0,115,2023-01-29,Week-5,Q1,2023,3414,1473,1803,49,0.431,Swipe ,Fuel,360.6,0
709879458,Blue,345,0,106,2023-01-29,Week-5,Q1,2023,1900,1376,1881,45,0.724,Swipe ,Bills,206.91,0
709883883,Blue,360,0,135,2023-01-29,Week-5,Q1,2023,8110,1549,8033,94,0.191,Swipe ,Food,481.98,0
709886583,Blue,465,1,84,2023-01-29,Week-5,Q1,2023,7411,633,2761,77,0.085,Swipe ,Bills,469.37,0
709887483,Blue,495,0,68,2023-01-29,Week-5,Q1,2023,6331,1420,3527,69,0.224,Swipe ,Fuel,387.97,0
709888383,Blue,245,0,101,2023-01-29,Week-5,Q1,2023,3147,2453,4465,82,0.779,Online ,Entertainment,535.8,0
709891608,Blue,380,1,111,2023-01-29,Week-5,Q1,2023,9924,0,1949,43,0,Swipe ,Grocery,350.82,0
709892658,Blue,415,0,74,2023-01-29,Week-5,Q1,2023,1605,1300,4495,67,0.81,Chip ,Bills,494.45,0
709893858,Blue,470,1,93,2023-01-29,Week-5,Q1,2023,9422,2108,4633,58,0.224,Swipe ,Grocery,463.3,0
709895508,Blue,200,0,98,2023-01-29,Week-5,Q1,2023,6153,974,7434,92,0.158,Swipe ,Grocery,892.08,0
709897983,Blue,320,1,110,2023-01-29,Week-5,Q1,2023,2655,1527,1921,26,0.575,Swipe ,Bills,307.36,0
709901058,Blue,125,1,70,2023-01-29,Week-5,Q1,2023,2232,1163,4185,80,0.521,Swipe ,Bills,837,0
709902108,Blue,200,1,87,2023-01-29,Week-5,Q1,2023,8169,794,4927,70,0.097,Chip ,Food,541.97,0
709904508,Blue,455,0,104,2023-01-29,Week-5,Q1,2023,2634,1644,4190,71,0.624,Chip ,Fuel,921.8,0
709910733,Silver,125,1,74,2023-01-29,Week-5,Q1,2023,34516,1963,13174,86,0.057,Chip ,Food,3425.24,0
709912683,Gold,395,1,41,2023-01-29,Week-5,Q1,2023,34516,2374,4390,77,0.069,Chip ,Food,1229.2,0
709913733,Blue,475,1,118,2023-01-29,Week-5,Q1,2023,2279,1529,1693,32,0.671,Swipe ,Bills,270.88,0
709914858,Blue,200,1,89,2023-01-29,Week-5,Q1,2023,6362,1705,5169,84,0.268,Swipe ,Entertainment,1085.49,0
709916058,Blue,280,0,69,2023-01-29,Week-5,Q1,2023,2347,2163,1631,40,0.922,Swipe ,Fuel,358.82,0
709918158,Blue,270,0,105,2023-01-29,Week-5,Q1,2023,12315,0,2028,51,0,Swipe ,Bills,547.56,0
709919283,Blue,300,1,106,2023-01-29,Week-5,Q1,2023,14926,2517,1576,25,0.169,Swipe ,Bills,173.36,0
709920258,Blue,175,0,73,2023-01-29,Week-5,Q1,2023,9294,1764,4531,73,0.19,Swipe ,Bills,498.41,0
709921158,Blue,295,1,80,2023-01-29,Week-5,Q1,2023,2281,1751,4241,76,0.768,Chip ,Entertainment,890.61,0
709922508,Blue,245,0,101,2023-01-29,Week-5,Q1,2023,2712,0,5207,79,0,Chip ,Bills,624.84,0
709925733,Blue,125,0,56,2023-01-29,Week-5,Q1,2023,1438.3,713,5099,80,0.496,Swipe ,Entertainment,917.82,0
709927458,Blue,150,0,74,2023-01-29,Week-5,Q1,2023,10486,1544,4042,77,0.147,Online ,Food,1010.5,0
709928358,Blue,300,0,120,2023-01-29,Week-5,Q1,2023,32554,0,8528,87,0,Swipe ,Grocery,2046.72,0
709930758,Blue,220,1,117,2023-01-29,Week-5,Q1,2023,11107,1222,1506,33,0.11,Swipe ,Travel,165.66,0
709932558,Blue,440,1,105,2023-01-29,Week-5,Q1,2023,3471,2517,1771,34,0.725,Swipe ,Bills,230.23,0
709934808,Silver,360,0,81,2023-01-29,Week-5,Q1,2023,15164,1071,13062,103,0.071,Swipe ,Bills,783.72,0
709935708,Blue,200,0,97,2023-01-29,Week-5,Q1,2023,3391,1696,4291,77,0.5,Swipe ,Entertainment,429.1,0
709937583,Blue,125,0,99,2023-01-29,Week-5,Q1,2023,3024,1835,14220,108,0.607,Chip ,Travel,2701.8,0
709938708,Blue,285,0,58,2023-01-29,Week-5,Q1,2023,1822,1118,4576,78,0.614,Online ,Fuel,366.08,0
709942383,Blue,360,1,50,2023-01-29,Week-5,Q1,2023,6313,782,1703,34,0.124,Swipe ,Bills,289.51,0
709945458,Blue,450,0,108,2023-01-29,Week-5,Q1,2023,1438.3,512,4791,82,0.356,Chip ,Bills,1197.75,0
709946658,Blue,195,1,109,2023-01-29,Week-5,Q1,2023,2765,1211,4629,58,0.438,Swipe ,Bills,601.77,0
709948233,Blue,365,0,83,2023-01-29,Week-5,Q1,2023,2446,1899,5347,87,0.776,Swipe ,Grocery,1122.87,0
709950858,Blue,270,0,90,2023-01-29,Week-5,Q1,2023,33755,2301,3458,71,0.068,Swipe ,Fuel,484.12,0
709952658,Blue,150,1,109,2023-01-29,Week-5,Q1,2023,3025,2491,4460,62,0.823,Swipe ,Bills,1248.8,0
709955958,Blue,195,1,103,2023-01-29,Week-5,Q1,2023,8054,1023,3374,45,0.127,Online ,Fuel,708.54,0
709957158,Blue,335,0,76,2023-01-29,Week-5,Q1,2023,2514,2251,3942,65,0.895,Chip ,Grocery,1103.76,0
709959858,Blue,470,0,129,2023-01-29,Week-5,Q1,2023,4341,0,3825,63,0,Swipe ,Travel,1032.75,0
709961958,Blue,200,1,89,2023-01-29,Week-5,Q1,2023,21065,2517,1060,32,0.119,Swipe ,Entertainment,212,0
709965858,Blue,125,1,94,2023-01-29,Week-5,Q1,2023,9880,1792,4609,80,0.181,Swipe ,Grocery,737.44,0
709967358,Blue,330,0,112,2023-01-29,Week-5,Q1,2023,30367,2362,1671,27,0.078,Swipe ,Bills,317.49,0
709969758,Platinum,325,1,90,2023-01-29,Week-5,Q1,2023,34516,1774,13966,115,0.051,Chip ,Travel,1396.6,0
709971708,Blue,175,1,108,2023-01-29,Week-5,Q1,2023,9701,0,9404,62,0,Chip ,Food,1974.84,0
709972908,Blue,245,0,120,2023-01-29,Week-5,Q1,2023,9874,1059,4369,70,0.107,Swipe ,Food,1092.25,0
709974108,Blue,415,1,86,2023-01-29,Week-5,Q1,2023,2640,1051,3116,80,0.398,Swipe ,Entertainment,779,0
709976358,Blue,290,1,44,2023-01-29,Week-5,Q1,2023,3236,0,3952,80,0,Swipe ,Fuel,1027.52,0
709977933,Blue,290,0,99,2023-01-29,Week-5,Q1,2023,9959,199,8517,60,0.02,Chip ,Travel,1022.04,0
709979583,Blue,125,1,85,2023-01-29,Week-5,Q1,2023,34516,854,1999,54,0.025,Swipe ,Food,339.83,0
709980783,Blue,125,0,94,2023-01-29,Week-5,Q1,2023,3961,1729,4066,63,0.437,Online ,Entertainment,487.92,0
709982658,Blue,200,1,79,2023-01-29,Week-5,Q1,2023,9759,2038,4226,77,0.209,Chip ,Bills,1098.76,0
709984083,Blue,425,0,92,2023-01-29,Week-5,Q1,2023,3849,1281,7930,90,0.333,Swipe ,Food,2061.8,0
709985133,Blue,430,0,110,2023-01-29,Week-5,Q1,2023,6803,2296,2603,47,0.337,Swipe ,Entertainment,442.51,0
709986633,Blue,250,0,82,2023-01-29,Week-5,Q1,2023,1438.3,0,2144,41,0,Swipe ,Entertainment,300.16,0
709987683,Blue,410,0,68,2023-01-29,Week-5,Q1,2023,2286,0,2798,40,0,Swipe ,Entertainment,475.66,0
709990983,Blue,410,0,77,2023-01-29,Week-5,Q1,2023,5918,842,1292,26,0.142,Swipe ,Entertainment,90.44,0
709991883,Blue,450,1,87,2023-01-29,Week-5,Q1,2023,6214,1147,938,35,0.185,Swipe ,Bills,196.98,0
709993158,Blue,275,1,135,2023-01-29,Week-5,Q1,2023,2330,1584,3917,71,0.68,Swipe ,Grocery,900.91,0
709996833,Silver,450,1,135,2023-01-29,Week-5,Q1,2023,12359,0,7528,70,0,Chip ,Travel,1204.48,0
709997958,Blue,200,1,114,2023-01-29,Week-5,Q1,2023,3478,0,2133,54,0,Swipe ,Entertainment,469.26,0
709999308,Blue,425,1,96,2023-01-29,Week-5,Q1,2023,3150,0,3477,78,0,Swipe ,Grocery,973.56,0
710002833,Blue,195,1,97,2023-01-29,Week-5,Q1,2023,3413,2517,4355,71,0.737,Swipe ,Entertainment,479.05,0
710003958,Blue,245,1,43,2023-01-29,Week-5,Q1,2023,1438.3,665,4100,84,0.462,Chip ,Entertainment,574,0
710004933,Blue,150,0,95,2023-01-29,Week-5,Q1,2023,8645,1454,1435,25,0.168,Swipe ,Bills,315.7,0
710005683,Silver,385,1,67,2023-01-29,Week-5,Q1,2023,12540,1696,16518,115,0.135,Chip ,Travel,3138.42,0
710006958,Blue,100,1,136,2023-01-29,Week-5,Q1,2023,8693,796,4755,69,0.092,Swipe ,Grocery,1283.85,0
710013258,Blue,320,0,71,2023-01-29,Week-5,Q1,2023,1980,823,4467,69,0.416,Chip ,Bills,1206.09,0
710014683,Blue,460,0,100,2023-01-29,Week-5,Q1,2023,3480,724,2807,65,0.208,Swipe ,Grocery,224.56,0
710015733,Blue,195,0,71,2023-01-29,Week-5,Q1,2023,2029,621,3142,37,0.306,Chip ,Fuel,377.04,0
710016708,Silver,140,0,104,2023-01-29,Week-5,Q1,2023,10877,1802,7974,90,0.166,Swipe ,Food,2152.98,0
710017758,Blue,445,1,105,2023-01-29,Week-5,Q1,2023,11346,0,3784,67,0,Swipe ,Grocery,718.96,0
710019933,Blue,455,1,116,2023-01-29,Week-5,Q1,2023,11522,1203,13720,119,0.104,Swipe ,Food,3567.2,0
710023233,Blue,465,1,72,2023-01-29,Week-5,Q1,2023,24457,1300,2739,65,0.053,Swipe ,Fuel,328.68,0
710026458,Blue,415,1,115,2023-01-29,Week-5,Q1,2023,3995,2475,12575,99,0.62,Chip ,Travel,2263.5,0
710027508,Blue,365,1,114,2023-01-29,Week-5,Q1,2023,1616,1047,1389,33,0.648,Swipe ,Travel,83.34,0
710032608,Blue,250,0,74,2023-01-29,Week-5,Q1,2023,5927,2320,1558,46,0.391,Swipe ,Bills,420.66,0
710035008,Blue,100,1,53,2023-01-29,Week-5,Q1,2023,3827,1397,2491,64,0.365,Swipe ,Grocery,298.92,0
710036508,Blue,460,0,41,2023-01-29,Week-5,Q1,2023,14281,1519,1164,35,0.106,Swipe ,Bills,302.64,0
710038008,Blue,335,0,71,2023-01-29,Week-5,Q1,2023,6038,0,1447,30,0,Swipe ,Grocery,318.34,0
710039208,Blue,200,1,85,2023-01-29,Week-5,Q1,2023,2111,966,3871,87,0.458,Swipe ,Bills,270.97,0
710040483,Blue,330,1,73,2023-01-29,Week-5,Q1,2023,14485,2124,3895,87,0.147,Swipe ,Bills,740.05,0
710043408,Blue,435,1,88,2023-01-29,Week-5,Q1,2023,15610,2048,1916,58,0.131,Swipe ,Entertainment,555.64,0
710044308,Blue,300,1,80,2023-01-29,Week-5,Q1,2023,2625,1594,2480,47,0.607,Swipe ,Bills,570.4,0
710045058,Silver,150,1,41,2023-01-29,Week-5,Q1,2023,18797,2158,1364,40,0.115,Swipe ,Bills,204.6,0
710047533,Gold,335,0,88,2023-01-29,Week-5,Q1,2023,34516,2201,8614,63,0.064,Chip ,Travel,1981.22,0
710051658,Blue,290,0,80,2023-01-29,Week-5,Q1,2023,18821,774,4402,75,0.041,Swipe ,Grocery,308.14,0
710056758,Blue,150,1,99,2023-01-29,Week-5,Q1,2023,10017,1850,15635,116,0.185,Chip ,Travel,3596.05,0
710058033,Blue,190,1,95,2023-01-29,Week-5,Q1,2023,23898,0,3781,66,0,Swipe ,Bills,945.25,0
710061783,Blue,175,0,119,2023-01-29,Week-5,Q1,2023,14973,0,4517,59,0,Swipe ,Food,993.74,0
710064033,Blue,150,0,77,2023-01-29,Week-5,Q1,2023,4572,0,3555,42,0,Swipe ,Food,959.85,0
710066133,Silver,125,1,50,2023-01-29,Week-5,Q1,2023,12833,0,9619,75,0,Chip ,Bills,2116.18,0
710067183,Blue,125,0,159,2023-01-29,Week-5,Q1,2023,1950,0,2074,81,0,Swipe ,Entertainment,435.54,0
710070183,Blue,245,1,47,2023-01-29,Week-5,Q1,2023,2615,1772,1419,38,0.678,Swipe ,Bills,340.56,0
710074458,Blue,200,0,109,2023-01-29,Week-5,Q1,2023,2137,996,4290,90,0.466,Swipe ,Grocery,386.1,0
710077008,Blue,300,1,79,2023-01-29,Week-5,Q1,2023,30137,1368,3522,74,0.045,Swipe ,Fuel,352.2,0
710078358,Blue,200,1,162,2023-01-29,Week-5,Q1,2023,2222,1291,4095,88,0.581,Chip ,Fuel,941.85,0
710080383,Blue,295,0,101,2023-01-29,Week-5,Q1,2023,2331,1709,4417,69,0.733,Chip ,Bills,1192.59,0
710081208,Blue,425,0,150,2023-01-29,Week-5,Q1,2023,4935,0,7886,64,0,Chip ,Travel,473.16,0
710082708,Blue,345,0,98,2023-01-29,Week-5,Q1,2023,23957,2102,1276,26,0.088,Swipe ,Bills,370.04,0
710084883,Blue,495,1,70,2023-01-29,Week-5,Q1,2023,1631,0,2962,57,0,Swipe ,Entertainment,681.26,0
710086308,Blue,390,1,106,2023-02-05,Week-6,Q1,2023,3645,1179,4680,87,0.323,Chip ,Travel,655.2,0
710088483,Blue,360,0,93,2023-02-05,Week-6,Q1,2023,21877,1073,3283,56,0.049,Swipe ,Fuel,426.79,0
710090133,Blue,480,1,95,2023-02-05,Week-6,Q1,2023,4049,1685,3908,80,0.416,Swipe ,Entertainment,351.72,0
710090958,Blue,420,1,142,2023-02-05,Week-6,Q1,2023,1844,1232,4182,71,0.668,Online ,Fuel,878.22,0
710092683,Blue,250,0,106,2023-02-05,Week-6,Q1,2023,3735,1421,1837,47,0.38,Swipe ,Bills,257.18,0
710094108,Blue,435,0,99,2023-02-05,Week-6,Q1,2023,2043,1725,5212,79,0.844,Chip ,Entertainment,1042.4,0
710096658,Blue,245,1,90,2023-02-05,Week-6,Q1,2023,2606,1978,2191,42,0.759,Swipe ,Fuel,284.83,0
710098233,Blue,415,1,99,2023-02-05,Week-6,Q1,2023,2387,0,4513,66,0,Swipe ,Fuel,451.3,0
710099358,Blue,300,1,95,2023-02-05,Week-6,Q1,2023,3959,0,4935,92,0,Swipe ,Grocery,345.45,0
710102208,Blue,190,1,161,2023-02-05,Week-6,Q1,2023,18776,0,4464,75,0,Chip ,Fuel,669.6,0
710103558,Blue,375,0,110,2023-02-05,Week-6,Q1,2023,3234,1486,1354,28,0.459,Swipe ,Fuel,148.94,0
710104908,Silver,390,1,81,2023-02-05,Week-6,Q1,2023,2763,2517,1246,31,0.911,Swipe ,Bills,99.68,0
710106933,Silver,200,1,86,2023-02-05,Week-6,Q1,2023,34516,2136,14667,119,0.062,Chip ,Food,2053.38,0
710108133,Blue,245,0,84,2023-02-05,Week-6,Q1,2023,1854,1528,1307,39,0.824,Swipe ,Bills,261.4,0
710109633,Blue,140,0,50,2023-02-05,Week-6,Q1,2023,9871,1061,1683,34,0.107,Swipe ,Travel,471.24,0
710110683,Blue,125,1,79,2023-02-05,Week-6,Q1,2023,7879,1007,4844,83,0.128,Swipe ,Entertainment,1356.32,0
710111733,Blue,460,1,63,2023-02-05,Week-6,Q1,2023,8091,1996,1360,28,0.247,Swipe ,Bills,95.2,0
710112933,Blue,300,1,97,2023-02-05,Week-6,Q1,2023,16604,1716,2580,61,0.103,Swipe ,Bills,335.4,0
710115108,Blue,300,1,118,2023-02-05,Week-6,Q1,2023,5562,1556,4568,76,0.28,Swipe ,Grocery,1324.72,0
710116833,Blue,300,0,163,2023-02-05,Week-6,Q1,2023,1665,0,2748,40,0,Chip ,Travel,494.64,0
710119233,Blue,175,1,85,2023-02-05,Week-6,Q1,2023,11726,1925,4186,63,0.164,Swipe ,Grocery,795.34,0
710120358,Blue,400,1,100,2023-02-05,Week-6,Q1,2023,9026,2312,2229,37,0.256,Chip ,Grocery,378.93,0
710122458,Silver,330,1,144,2023-02-05,Week-6,Q1,2023,31546,2057,15311,108,0.065,Chip ,Travel,4133.97,0
710125608,Blue,470,0,95,2023-02-05,Week-6,Q1,2023,2679,1558,4756,73,0.582,Chip ,Bills,1284.12,0
710129283,Blue,405,1,86,2023-02-05,Week-6,Q1,2023,16317,0,2944,71,0,Swipe ,Bills,706.56,0
710133858,Blue,395,1,92,2023-02-05,Week-6,Q1,2023,7554,1848,4150,64,0.245,Swipe ,Grocery,332,0
710135058,Blue,110,0,43,2023-02-05,Week-6,Q1,2023,9078,1501,1543,34,0.165,Swipe ,Bills,370.32,0
710136258,Blue,300,1,153,2023-02-05,Week-6,Q1,2023,1806,0,2833,43,0,Chip ,Fuel,396.62,0
710138883,Blue,150,1,100,2023-02-05,Week-6,Q1,2023,8109,0,1835,43,0,Chip ,Bills,348.65,0
710141208,Blue,245,1,81,2023-02-05,Week-6,Q1,2023,3196,1817,13300,104,0.569,Chip ,Entertainment,3724,0
710142258,Blue,175,0,97,2023-02-05,Week-6,Q1,2023,1820,909,4665,67,0.499,Swipe ,Bills,513.15,0
710147958,Silver,400,1,97,2023-02-05,Week-6,Q1,2023,16138,1249,1198,33,0.077,Swipe ,Fuel,167.72,0
710149008,Blue,200,1,79,2023-02-05,Week-6,Q1,2023,1479,787,2139,70,0.532,Swipe ,Food,149.73,0
710150208,Blue,380,0,79,2023-02-05,Week-6,Q1,2023,2295,1250,3834,69,0.545,Swipe ,Bills,460.08,0
710153583,Blue,380,1,87,2023-02-05,Week-6,Q1,2023,6075,0,9242,63,0,Chip ,Fuel,1478.72,0
710155158,Blue,490,1,117,2023-02-05,Week-6,Q1,2023,31832,518,10201,59,0.016,Swipe ,Bills,816.08,0
710155983,Blue,365,1,106,2023-02-05,Week-6,Q1,2023,4826,0,8585,62,0,Chip ,Food,772.65,0
710157108,Blue,245,1,89,2023-02-05,Week-6,Q1,2023,3376,1661,4629,75,0.492,Swipe ,Grocery,1249.83,0
710159658,Blue,495,1,110,2023-02-05,Week-6,Q1,2023,34516,1024,2436,71,0.03,Swipe ,Fuel,219.24,0
710161083,Blue,175,1,74,2023-02-05,Week-6,Q1,2023,5780,0,6613,40,0,Swipe ,Fuel,1454.86,0
710162133,Blue,430,0,103,2023-02-05,Week-6,Q1,2023,4725,1253,9134,77,0.265,Swipe ,Fuel,2557.52,0
710163633,Blue,405,1,129,2023-02-05,Week-6,Q1,2023,1919,867,4996,92,0.452,Swipe ,Fuel,699.44,0
710164683,Blue,175,1,94,2023-02-05,Week-6,Q1,2023,2859,2517,2247,36,0.88,Swipe ,Entertainment,606.69,0
710166783,Blue,245,1,138,2023-02-05,Week-6,Q1,2023,8228,0,4277,80,0,Swipe ,Bills,342.16,0
710170758,Blue,440,0,93,2023-02-05,Week-6,Q1,2023,4469,2331,8314,67,0.522,Chip ,Fuel,2327.92,0
710175783,Blue,380,1,103,2023-02-05,Week-6,Q1,2023,1986,1042,4303,59,0.525,Chip ,Entertainment,430.3,0
710178558,Gold,340,1,102,2023-02-05,Week-6,Q1,2023,34516,2517,9314,89,0.073,Chip ,Travel,1397.1,0
710180958,Blue,270,0,76,2023-02-05,Week-6,Q1,2023,3040,2517,1598,31,0.828,Swipe ,Entertainment,367.54,1
710182383,Blue,100,1,100,2023-02-05,Week-6,Q1,2023,17846,1568,3626,77,0.088,Swipe ,Entertainment,688.94,1
710183283,Blue,360,0,87,2023-02-05,Week-6,Q1,2023,2747,0,5032,84,0,Chip ,Fuel,1258,1
710186958,Blue,175,0,52,2023-02-05,Week-6,Q1,2023,9294,2000,4431,82,0.215,Chip ,Bills,531.72,1
710188308,Blue,380,1,102,2023-02-05,Week-6,Q1,2023,1519,1148,4927,73,0.756,Chip ,Fuel,443.43,1
710190858,Blue,200,1,67,2023-02-05,Week-6,Q1,2023,9283,2288,13804,110,0.246,Chip ,Travel,1380.4,1
710192283,Blue,420,0,111,2023-02-05,Week-6,Q1,2023,2219,1180,8686,91,0.532,Swipe ,Bills,2432.08,1
710194683,Blue,125,1,81,2023-02-05,Week-6,Q1,2023,3244,2260,2313,39,0.697,Swipe ,Bills,439.47,1
710197308,Blue,465,0,76,2023-02-05,Week-6,Q1,2023,1438.3,0,4089,73,0,Chip ,Fuel,940.47,0
710201058,Blue,150,0,94,2023-02-05,Week-6,Q1,2023,1485,736,4198,65,0.496,Chip ,Fuel,461.78,0
710202783,Blue,95,0,70,2023-02-05,Week-6,Q1,2023,1963,1721,1378,37,0.877,Swipe ,Travel,165.36,0
710207208,Blue,440,0,68,2023-02-05,Week-6,Q1,2023,3399,1800,13148,121,0.53,Chip ,Travel,2498.12,0
710208633,Blue,355,0,54,2023-02-05,Week-6,Q1,2023,2417,1929,1773,42,0.798,Swipe ,Food,212.76,0
710211783,Blue,400,0,73,2023-02-05,Week-6,Q1,2023,1438.3,0,2264,39,0,Swipe ,Bills,543.36,0
710213508,Blue,200,1,82,2023-02-05,Week-6,Q1,2023,23355,1061,8634,95,0.045,Swipe ,Bills,2331.18,0
710218233,Blue,250,1,94,2023-02-05,Week-6,Q1,2023,2297,1044,3161,65,0.455,Swipe ,Bills,916.69,0
710219658,Blue,470,1,85,2023-02-05,Week-6,Q1,2023,2021,1186,4633,74,0.587,Swipe ,Entertainment,694.95,0
710226708,Blue,460,1,110,2023-02-05,Week-6,Q1,2023,1438.3,680,4573,93,0.473,Chip ,Fuel,731.68,0
710227908,Blue,200,1,73,2023-02-05,Week-6,Q1,2023,6077,1397,2837,74,0.23,Swipe ,Bills,737.62,0
710229333,Blue,405,1,86,2023-02-05,Week-6,Q1,2023,11068,1254,3812,64,0.113,Swipe ,Bills,1105.48,0
710231433,Blue,410,0,112,2023-02-05,Week-6,Q1,2023,3110,2378,3395,75,0.765,Swipe ,Entertainment,543.2,0
710232483,Platinum,300,0,156,2023-02-05,Week-6,Q1,2023,19846,2162,16908,122,0.109,Chip ,Food,2028.96,0
710233683,Blue,270,1,99,2023-02-05,Week-6,Q1,2023,2801,2403,1526,44,0.858,Swipe ,Fuel,183.12,0
710237283,Blue,125,1,107,2023-02-05,Week-6,Q1,2023,9546,960,14211,111,0.101,Swipe ,Grocery,3836.97,0
710241858,Blue,125,0,52,2023-02-05,Week-6,Q1,2023,2890,0,2040,36,0,Swipe ,Bills,489.6,0
710243208,Blue,175,0,78,2023-02-05,Week-6,Q1,2023,1707,0,4846,80,0,Swipe ,Food,533.06,0
710244108,Gold,295,0,99,2023-02-05,Week-6,Q1,2023,34516,1543,13967,101,0.045,Chip ,Fuel,1396.7,0
710248233,Blue,295,0,51,2023-02-05,Week-6,Q1,2023,3490,1421,3392,80,0.407,Swipe ,Bills,983.68,0
710251608,Blue,455,1,79,2023-02-05,Week-6,Q1,2023,2941,1173,1453,27,0.399,Swipe ,Bills,145.3,0
710255208,Blue,340,0,115,2023-02-05,Week-6,Q1,2023,2094,1560,1969,41,0.745,Swipe ,Bills,393.8,0
710256708,Blue,320,0,94,2023-02-05,Week-6,Q1,2023,8744,1712,2579,68,0.196,Swipe ,Bills,438.43,0
710257683,Blue,430,1,128,2023-02-05,Week-6,Q1,2023,34516,1134,4520,73,0.033,Swipe ,Food,678,0
710260983,Blue,270,0,93,2023-02-05,Week-6,Q1,2023,2984,2512,8296,91,0.842,Swipe ,Food,1161.44,0
710262408,Silver,480,0,67,2023-02-05,Week-6,Q1,2023,34516,1666,13971,116,0.048,Swipe ,Entertainment,2235.36,0
710263608,Blue,285,1,62,2023-02-05,Week-6,Q1,2023,11098,821,2156,46,0.074,Swipe ,Grocery,495.88,0
710267583,Blue,440,1,86,2023-02-05,Week-6,Q1,2023,12587,815,3914,83,0.065,Chip ,Entertainment,743.66,0
710268858,Blue,125,1,119,2023-02-05,Week-6,Q1,2023,2001,1217,3162,99,0.608,Swipe ,Grocery,758.88,0
710273658,Blue,125,1,50,2023-02-05,Week-6,Q1,2023,3092,1825,2883,61,0.59,Swipe ,Bills,259.47,0
710277183,Blue,300,1,76,2023-02-05,Week-6,Q1,2023,2313,1775,4317,68,0.767,Chip ,Fuel,647.55,0
710278458,Blue,395,0,74,2023-02-05,Week-6,Q1,2023,11617,2517,1643,43,0.217,Online ,Grocery,98.58,0
710279508,Blue,435,0,97,2023-02-05,Week-6,Q1,2023,21782,1006,1537,35,0.046,Swipe ,Bills,261.29,0
710280558,Blue,400,0,92,2023-02-05,Week-6,Q1,2023,8796,2517,1195,18,0.286,Swipe ,Entertainment,95.6,0
710284233,Blue,415,0,113,2023-02-05,Week-6,Q1,2023,1438.3,0,2439,43,0,Swipe ,Bills,536.58,0
710287533,Blue,225,1,98,2023-02-05,Week-6,Q1,2023,6269,1169,2221,57,0.186,Swipe ,Entertainment,421.99,0
710288883,Blue,175,1,141,2023-02-05,Week-6,Q1,2023,8749,1654,5054,73,0.189,Swipe ,Bills,1314.04,0
710289783,Blue,450,0,115,2023-02-05,Week-6,Q1,2023,2086,2007,2537,48,0.962,Swipe ,Bills,405.92,0
710292333,Blue,190,1,99,2023-02-05,Week-6,Q1,2023,7772,0,2618,52,0,Swipe ,Bills,733.04,0
710294808,Blue,125,0,146,2023-02-05,Week-6,Q1,2023,2188,1241,4509,67,0.567,Swipe ,Grocery,766.53,0
710295858,Blue,325,1,99,2023-02-05,Week-6,Q1,2023,24244,1649,8074,84,0.068,Swipe ,Food,1614.8,0
710297133,Blue,355,1,48,2023-02-05,Week-6,Q1,2023,30210,1194,3503,65,0.04,Swipe ,Entertainment,385.33,0
710299608,Blue,280,0,83,2023-02-05,Week-6,Q1,2023,2859,2517,817,30,0.88,Swipe ,Travel,130.72,0
710300733,Blue,480,1,97,2023-02-05,Week-6,Q1,2023,34516,0,13781,106,0,Swipe ,Bills,2480.58,0
710301858,Silver,460,0,85,2023-02-05,Week-6,Q1,2023,34516,2019,3820,72,0.058,Swipe ,Grocery,420.2,0
710303208,Blue,250,1,76,2023-02-05,Week-6,Q1,2023,4119,2517,15215,121,0.611,Chip ,Fuel,3347.3,0
710306358,Blue,300,1,117,2023-02-05,Week-6,Q1,2023,9664,1983,7995,56,0.205,Chip ,Travel,1519.05,0
710307933,Blue,485,0,94,2023-02-05,Week-6,Q1,2023,2917,2517,2471,60,0.863,Swipe ,Entertainment,494.2,0
710308983,Blue,345,0,71,2023-02-05,Week-6,Q1,2023,3287,2517,4148,83,0.766,Swipe ,Food,456.28,0
710310108,Blue,190,0,76,2023-02-05,Week-6,Q1,2023,2406,1705,4665,89,0.709,Chip ,Bills,1026.3,0
710311233,Blue,190,0,95,2023-02-05,Week-6,Q1,2023,7632,0,4498,86,0,Chip ,Bills,1124.5,0
710312658,Blue,190,0,102,2023-02-05,Week-6,Q1,2023,6266,1819,1456,27,0.29,Swipe ,Bills,87.36,0
710317758,Blue,220,1,83,2023-02-05,Week-6,Q1,2023,11327,1528,2033,38,0.135,Swipe ,Bills,121.98,0
710319108,Blue,435,1,80,2023-02-05,Week-6,Q1,2023,1804,1298,4542,73,0.72,Swipe ,Entertainment,999.24,0
710322033,Blue,455,1,104,2023-02-05,Week-6,Q1,2023,2563,1765,4515,77,0.689,Swipe ,Fuel,993.3,0
710325258,Silver,445,0,41,2023-02-05,Week-6,Q1,2023,34516,1847,3284,65,0.054,Swipe ,Grocery,525.44,0
710327508,Blue,345,0,135,2023-02-05,Week-6,Q1,2023,1687,1290,4247,87,0.765,Swipe ,Fuel,1061.75,0
710333883,Blue,250,1,100,2023-02-05,Week-6,Q1,2023,8808,390,1905,42,0.044,Swipe ,Bills,323.85,0
710335983,Blue,355,0,43,2023-02-05,Week-6,Q1,2023,3532,869,4297,64,0.246,Chip ,Entertainment,1203.16,0
710342508,Blue,425,1,95,2023-02-05,Week-6,Q1,2023,1593,0,4004,76,0,Chip ,Grocery,840.84,0
710343783,Blue,435,1,83,2023-02-05,Week-6,Q1,2023,2140,0,4610,65,0,Chip ,Bills,829.8,0
710345808,Blue,360,1,111,2023-02-05,Week-6,Q1,2023,30030,2028,1828,38,0.068,Swipe ,Fuel,164.52,0
710349258,Blue,465,0,114,2023-02-05,Week-6,Q1,2023,2589,2052,4133,68,0.793,Online ,Entertainment,1198.57,0
710353233,Blue,125,1,78,2023-02-05,Week-6,Q1,2023,13233,1106,4288,47,0.084,Chip ,Grocery,728.96,0
710357208,Blue,365,0,83,2023-02-05,Week-6,Q1,2023,8561,915,7341,79,0.107,Swipe ,Food,1174.56,0
710359458,Blue,250,1,88,2023-02-05,Week-6,Q1,2023,2560,1807,4456,70,0.706,Swipe ,Food,579.28,0
710360583,Blue,200,0,97,2023-02-05,Week-6,Q1,2023,8396,604,8329,101,0.072,Swipe ,Fuel,2415.41,0
710362233,Platinum,370,0,105,2023-02-05,Week-6,Q1,2023,34516,1723,13853,98,0.05,Swipe ,Food,3047.66,0
710363433,Blue,125,1,92,2023-02-05,Week-6,Q1,2023,2735,1348,2441,58,0.493,Swipe ,Entertainment,585.84,0
710364258,Blue,490,0,116,2023-02-05,Week-6,Q1,2023,15815,1217,2135,48,0.077,Swipe ,Food,192.15,0
710369658,Blue,345,0,113,2023-02-05,Week-6,Q1,2023,3276,2353,4488,92,0.718,Swipe ,Bills,448.8,0
710370483,Blue,110,0,96,2023-02-05,Week-6,Q1,2023,1888,1292,1517,33,0.684,Swipe ,Bills,394.42,0
710371683,Blue,415,0,77,2023-02-05,Week-6,Q1,2023,3451,2006,4097,67,0.581,Swipe ,Fuel,491.64,0
710374008,Blue,325,1,66,2023-02-05,Week-6,Q1,2023,34516,1583,12906,100,0.046,Swipe ,Bills,2968.38,0
710375283,Blue,410,1,58,2023-02-05,Week-6,Q1,2023,2033,1471,2236,55,0.724,Swipe ,Bills,245.96,0
710376708,Blue,200,0,99,2023-02-05,Week-6,Q1,2023,2837,1377,3928,54,0.485,Swipe ,Fuel,785.6,0
710382108,Blue,125,1,73,2023-02-05,Week-6,Q1,2023,2452,2423,4204,63,0.988,Swipe ,Grocery,378.36,0
710383158,Silver,175,0,91,2023-02-05,Week-6,Q1,2023,34516,0,1506,47,0,Swipe ,Entertainment,271.08,0
710387583,Blue,200,0,59,2023-02-05,Week-6,Q1,2023,3864,1901,1018,32,0.492,Swipe ,Entertainment,101.8,0
710391258,Blue,300,0,87,2023-02-05,Week-6,Q1,2023,11473,829,2147,41,0.072,Swipe ,Bills,279.11,0
710395233,Silver,95,1,97,2023-02-05,Week-6,Q1,2023,34516,1066,8657,98,0.031,Swipe ,Fuel,605.99,0
710401458,Blue,415,0,96,2023-02-05,Week-6,Q1,2023,16747,0,4350,76,0,Swipe ,Food,609,0
710402508,Blue,300,1,75,2023-02-05,Week-6,Q1,2023,4675,0,3487,69,0,Swipe ,Grocery,871.75,0
710404533,Blue,225,0,73,2023-02-05,Week-6,Q1,2023,1438.3,862,1391,40,0.599,Swipe ,Bills,194.74,0
710405808,Silver,400,0,74,2023-02-05,Week-6,Q1,2023,3442,1229,14618,100,0.357,Swipe ,Entertainment,3069.78,0
710406633,Blue,270,1,104,2023-02-05,Week-6,Q1,2023,3664,0,1168,31,0,Swipe ,Entertainment,303.68,0
710410158,Blue,175,1,110,2023-02-05,Week-6,Q1,2023,34516,0,1592,35,0,Swipe ,Grocery,334.32,0
710411358,Blue,450,1,85,2023-02-05,Week-6,Q1,2023,7596,2199,2164,45,0.289,Swipe ,Grocery,238.04,0
710413533,Blue,340,0,80,2023-02-05,Week-6,Q1,2023,12186,1080,4785,66,0.089,Online ,Grocery,765.6,0
710416533,Blue,140,0,67,2023-02-05,Week-6,Q1,2023,1454,888,3060,56,0.611,Online ,Fuel,459,0
710420133,Blue,485,0,101,2023-02-05,Week-6,Q1,2023,2190,0,4416,68,0,Swipe ,Fuel,794.88,0
710423358,Blue,435,0,120,2023-02-05,Week-6,Q1,2023,1438.3,966,5249,81,0.672,Swipe ,Fuel,419.92,0
710424408,Blue,360,1,109,2023-02-05,Week-6,Q1,2023,2743,1815,1210,25,0.662,Swipe ,Bills,145.2,0
710428308,Blue,140,0,112,2023-02-05,Week-6,Q1,2023,2001,1553,1910,51,0.776,Swipe ,Entertainment,267.4,0
710429358,Blue,370,1,99,2023-02-05,Week-6,Q1,2023,2544,1927,1346,30,0.757,Swipe ,Bills,201.9,0
710431158,Blue,270,0,104,2023-02-05,Week-6,Q1,2023,10273,1657,3778,70,0.161,Chip ,Fuel,982.28,0
710436108,Blue,340,1,89,2023-02-05,Week-6,Q1,2023,3600,746,4184,61,0.207,Swipe ,Entertainment,1087.84,0
710438358,Blue,325,1,74,2023-02-05,Week-6,Q1,2023,3241,0,2152,43,0,Swipe ,Food,430.4,0
710439483,Blue,150,1,90,2023-02-05,Week-6,Q1,2023,2581,1722,4431,79,0.667,Swipe ,Food,1284.99,0
710443833,Blue,480,0,88,2023-02-05,Week-6,Q1,2023,2123,995,4516,78,0.469,Online ,Entertainment,1129,0
710445183,Blue,125,0,113,2023-02-05,Week-6,Q1,2023,7567,2496,4076,60,0.33,Chip ,Grocery,937.48,0
710449983,Blue,495,1,75,2023-02-05,Week-6,Q1,2023,2818,1656,2916,45,0.588,Swipe ,Grocery,204.12,0
710451708,Silver,100,1,88,2023-02-05,Week-6,Q1,2023,9711,972,14926,115,0.1,Swipe ,Grocery,2238.9,0
710453283,Blue,320,1,102,2023-02-05,Week-6,Q1,2023,2035,0,4107,82,0,Chip ,Entertainment,739.26,0
710455608,Blue,450,0,94,2023-02-05,Week-6,Q1,2023,4620,0,6644,61,0,Swipe ,Grocery,1129.48,0
710456658,Blue,345,1,119,2023-02-05,Week-6,Q1,2023,2080,1799,5130,82,0.865,Swipe ,Entertainment,1077.3,0
710458758,Blue,125,1,41,2023-02-05,Week-6,Q1,2023,4161,2491,1203,30,0.599,Swipe ,Bills,132.33,0
710461083,Blue,140,0,104,2023-02-05,Week-6,Q1,2023,1438.3,0,4333,84,0,Chip ,Fuel,519.96,0
710462433,Blue,125,0,89,2023-02-05,Week-6,Q1,2023,17625,894,1773,39,0.051,Swipe ,Bills,514.17,0
710463408,Silver,125,1,73,2023-02-05,Week-6,Q1,2023,9683,1116,15627,104,0.115,Chip ,Travel,3125.4,0
710464683,Blue,195,0,86,2023-02-05,Week-6,Q1,2023,2726,2127,5578,89,0.78,Swipe ,Food,1506.06,0
710466633,Blue,485,1,109,2023-02-05,Week-6,Q1,2023,1438.3,0,4755,76,0,Swipe ,Fuel,570.6,0
710475408,Blue,250,1,57,2023-02-05,Week-6,Q1,2023,14918,2028,2171,35,0.136,Swipe ,Entertainment,629.59,0
710476908,Blue,300,0,119,2023-02-05,Week-6,Q1,2023,9371,1066,4754,78,0.114,Chip ,Food,1045.88,0
710481333,Blue,275,0,111,2023-02-05,Week-6,Q1,2023,2690,1614,2272,57,0.6,Online ,Food,227.2,0
710482533,Blue,125,0,86,2023-02-05,Week-6,Q1,2023,30928,2005,3863,72,0.065,Swipe ,Fuel,618.08,0
710484408,Blue,480,1,112,2023-02-05,Week-6,Q1,2023,8700,1742,2306,50,0.2,Swipe ,Fuel,322.84,0
710487033,Blue,125,1,98,2023-02-05,Week-6,Q1,2023,1438.3,0,4445,78,0,Swipe ,Bills,755.65,0
710489583,Blue,225,1,44,2023-02-05,Week-6,Q1,2023,4941,1040,7631,91,0.21,Swipe ,Entertainment,1602.51,0
710490708,Blue,300,1,47,2023-02-05,Week-6,Q1,2023,17686,0,2047,46,0,Swipe ,Bills,122.82,0
710492733,Blue,300,0,77,2023-02-05,Week-6,Q1,2023,13632,1482,2168,42,0.109,Swipe ,Bills,433.6,0
710493558,Blue,95,0,87,2023-02-05,Week-6,Q1,2023,1803,0,1979,37,0,Chip ,Bills,474.96,0
710496708,Blue,285,0,111,2023-02-05,Week-6,Q1,2023,5489,1513,4085,65,0.276,Swipe ,Grocery,1102.95,0
710497608,Blue,445,0,107,2023-02-05,Week-6,Q1,2023,7756,1670,1858,51,0.215,Swipe ,Entertainment,390.18,0
710500983,Blue,420,1,85,2023-02-05,Week-6,Q1,2023,4617,1035,1779,35,0.224,Swipe ,Entertainment,106.74,0
710502258,Blue,380,1,169,2023-02-05,Week-6,Q1,2023,2527,2204,4598,85,0.872,Chip ,Fuel,1103.52,0
710503308,Blue,350,0,77,2023-02-05,Week-6,Q1,2023,9554,2337,4049,71,0.245,Chip ,Bills,890.78,0
710504283,Blue,200,0,106,2023-02-05,Week-6,Q1,2023,14817,1463,4014,70,0.099,Swipe ,Fuel,883.08,0
710505483,Blue,125,1,116,2023-02-05,Week-6,Q1,2023,11117,0,3099,69,0,Swipe ,Grocery,495.84,0
710506683,Blue,440,1,58,2023-02-05,Week-6,Q1,2023,1746,0,4543,75,0,Online ,Fuel,1226.61,0
710507733,Blue,415,0,110,2023-02-05,Week-6,Q1,2023,14958,1644,4038,68,0.11,Chip ,Entertainment,807.6,0
710508858,Blue,250,0,141,2023-02-05,Week-6,Q1,2023,3226,2517,4317,81,0.78,Swipe ,Food,1122.42,0
710509758,Blue,195,0,160,2023-02-05,Week-6,Q1,2023,28200,765,2507,64,0.027,Swipe ,Fuel,426.19,0
710511858,Blue,450,0,98,2023-02-05,Week-6,Q1,2023,3832,1439,4741,88,0.376,Chip ,Fuel,284.46,0
710512833,Blue,200,1,100,2023-02-05,Week-6,Q1,2023,3304,1338,5178,79,0.405,Chip ,Fuel,517.8,0
710515308,Blue,380,0,106,2023-02-05,Week-6,Q1,2023,3595,1904,5025,84,0.53,Swipe ,Fuel,452.25,0
710516283,Blue,280,0,81,2023-02-05,Week-6,Q1,2023,9758,1792,4134,60,0.184,Chip ,Grocery,909.48,0
710518308,Blue,405,1,105,2023-02-05,Week-6,Q1,2023,1685,0,4155,85,0,Swipe ,Grocery,831,0
710519433,Blue,175,0,117,2023-02-05,Week-6,Q1,2023,3131,2517,1439,40,0.804,Swipe ,Bills,316.58,0
710520408,Blue,245,0,119,2023-02-05,Week-6,Q1,2023,9078,1194,4458,87,0.132,Chip ,Food,668.7,0
710521383,Blue,245,0,109,2023-02-12,Week-7,Q1,2023,9810,1838,2247,41,0.187,Swipe ,Bills,404.46,0
710522433,Blue,190,1,102,2023-02-12,Week-7,Q1,2023,2416,1499,2372,53,0.62,Swipe ,Food,474.4,0
710523333,Blue,150,1,87,2023-02-12,Week-7,Q1,2023,2541,1616,1416,27,0.636,Swipe ,Entertainment,113.28,0
710524533,Blue,275,0,107,2023-02-12,Week-7,Q1,2023,4913,2517,899,28,0.512,Online ,Grocery,143.84,0
710525508,Blue,150,0,97,2023-02-12,Week-7,Q1,2023,1438.3,455,2090,50,0.316,Swipe ,Bills,209,0
710526633,Blue,465,1,81,2023-02-12,Week-7,Q1,2023,2048,1599,4855,88,0.781,Swipe ,Entertainment,485.5,0
710527533,Blue,495,0,113,2023-02-12,Week-7,Q1,2023,4982,0,8586,58,0,Chip ,Travel,944.46,0
710528583,Blue,410,0,105,2023-02-12,Week-7,Q1,2023,1612,835,2148,40,0.518,Swipe ,Fuel,257.76,0
710529708,Blue,425,1,95,2023-02-12,Week-7,Q1,2023,23260,1476,15140,105,0.063,Chip ,Entertainment,3179.4,0
710532258,Blue,350,0,76,2023-02-12,Week-7,Q1,2023,2185,1495,4906,83,0.684,Swipe ,Bills,1128.38,0
710533233,Blue,370,1,106,2023-02-12,Week-7,Q1,2023,1438.3,0,2139,47,0,Chip ,Fuel,620.31,0
710535708,Blue,150,1,85,2023-02-12,Week-7,Q1,2023,15894,1293,14256,118,0.081,Chip ,Bills,1853.28,0
710536983,Blue,295,1,96,2023-02-12,Week-7,Q1,2023,3007,2517,4423,67,0.837,Chip ,Food,928.83,0
710538183,Blue,100,0,99,2023-02-12,Week-7,Q1,2023,1529,563,4220,83,0.368,Swipe ,Grocery,633,0
710540883,Blue,330,0,112,2023-02-12,Week-7,Q1,2023,6590,0,2449,67,0,Swipe ,Bills,514.29,0
710541858,Blue,100,1,59,2023-02-12,Week-7,Q1,2023,7717,1430,1248,37,0.185,Swipe ,Bills,287.04,0
710542983,Blue,395,1,114,2023-02-12,Week-7,Q1,2023,1930,0,5033,87,0,Swipe ,Grocery,704.62,0
710544033,Blue,380,1,84,2023-02-12,Week-7,Q1,2023,9437,2024,4715,78,0.214,Chip ,Food,424.35,0
710545158,Blue,450,0,104,2023-02-12,Week-7,Q1,2023,15108,0,3738,68,0,Swipe ,Grocery,261.66,0
710547783,Blue,460,1,50,2023-02-12,Week-7,Q1,2023,4784,1629,4912,82,0.341,Swipe ,Food,785.92,0
710552733,Blue,200,1,72,2023-02-12,Week-7,Q1,2023,4963,0,2335,40,0,Chip ,Fuel,490.35,0
710555433,Blue,245,0,92,2023-02-12,Week-7,Q1,2023,2803,0,2216,40,0,Swipe ,Grocery,310.24,0
710558058,Blue,110,0,60,2023-02-12,Week-7,Q1,2023,4317,2517,1619,36,0.583,Swipe ,Bills,291.42,0
710558883,Blue,435,1,95,2023-02-12,Week-7,Q1,2023,17391,1044,1248,27,0.06,Swipe ,Bills,124.8,0
710560008,Blue,245,0,162,2023-02-12,Week-7,Q1,2023,1896,1738,4588,75,0.917,Swipe ,Bills,275.28,0
710562258,Blue,250,1,85,2023-02-12,Week-7,Q1,2023,19214,0,3407,47,0,Swipe ,Bills,783.61,0
710563458,Blue,295,1,84,2023-02-12,Week-7,Q1,2023,9535,660,4210,81,0.069,Chip ,Food,631.5,0
710565408,Silver,245,1,47,2023-02-12,Week-7,Q1,2023,34516,1359,1033,26,0.039,Swipe ,Bills,165.28,0
710566533,Blue,360,0,151,2023-02-12,Week-7,Q1,2023,2276,1372,4159,67,0.603,Swipe ,Food,499.08,0
710567508,Blue,200,0,87,2023-02-12,Week-7,Q1,2023,23462,2202,1387,33,0.094,Swipe ,Fuel,138.7,0
710568333,Blue,200,1,94,2023-02-12,Week-7,Q1,2023,6623,1823,2293,47,0.275,Chip ,Bills,481.53,0
710569233,Blue,295,1,108,2023-02-12,Week-7,Q1,2023,11814,1440,9185,100,0.122,Swipe ,Grocery,1010.35,0
710570058,Blue,475,0,115,2023-02-12,Week-7,Q1,2023,3101,0,2512,37,0,Chip ,Entertainment,175.84,0
710572458,Blue,125,1,124,2023-02-12,Week-7,Q1,2023,15439,0,2069,43,0,Online ,Travel,124.14,1
710573808,Blue,250,0,88,2023-02-12,Week-7,Q1,2023,2243,1418,1334,31,0.632,Swipe ,Fuel,266.8,1
710574558,Blue,440,0,93,2023-02-12,Week-7,Q1,2023,26442,1642,1403,40,0.062,Swipe ,Bills,154.33,1
710577708,Blue,455,1,104,2023-02-12,Week-7,Q1,2023,2657,1983,2591,59,0.746,Swipe ,Fuel,699.57,1
710579583,Blue,175,0,85,2023-02-12,Week-7,Q1,2023,1665,983,4420,86,0.59,Chip ,Fuel,397.8,1
710581758,Blue,350,1,99,2023-02-12,Week-7,Q1,2023,3360,1219,1309,30,0.363,Swipe ,Food,209.44,0
710586483,Blue,245,1,67,2023-02-12,Week-7,Q1,2023,6152,0,968,23,0,Swipe ,Bills,280.72,0
710587458,Blue,285,0,90,2023-02-12,Week-7,Q1,2023,11154,1612,4339,77,0.145,Chip ,Food,520.68,0
710590683,Blue,425,0,86,2023-02-12,Week-7,Q1,2023,16127,0,7729,82,0,Online ,Travel,463.74,0
710592933,Blue,420,1,99,2023-02-12,Week-7,Q1,2023,9598,1092,2216,54,0.114,Online ,Food,177.28,0
710594358,Silver,250,1,168,2023-02-12,Week-7,Q1,2023,14910,873,2560,72,0.059,Swipe ,Entertainment,742.4,0
710595783,Blue,150,1,116,2023-02-12,Week-7,Q1,2023,6644,2082,4659,76,0.313,Chip ,Fuel,1351.11,0
710596983,Blue,250,0,42,2023-02-12,Week-7,Q1,2023,27318,2416,7481,96,0.088,Swipe ,Fuel,523.67,0
710598408,Blue,425,0,92,2023-02-12,Week-7,Q1,2023,2695,0,4557,94,0,Chip ,Grocery,1275.96,0
710599683,Blue,125,1,134,2023-02-12,Week-7,Q1,2023,11751,0,1539,17,0,Swipe ,Bills,246.24,0
710603958,Blue,470,0,107,2023-02-12,Week-7,Q1,2023,3090,0,14198,101,0,Swipe ,Fuel,2555.64,0
710605458,Blue,150,0,100,2023-02-12,Week-7,Q1,2023,7223,1963,4127,70,0.272,Swipe ,Entertainment,907.94,0
710607408,Blue,360,1,131,2023-02-12,Week-7,Q1,2023,18570,1524,3999,96,0.082,Swipe ,Bills,839.79,0
710611683,Blue,250,0,92,2023-02-12,Week-7,Q1,2023,2837,1807,4279,83,0.637,Chip ,Grocery,299.53,0
710612583,Blue,175,1,92,2023-02-12,Week-7,Q1,2023,2597,1740,5037,80,0.67,Swipe ,Food,957.03,0
710616183,Blue,320,1,119,2023-02-12,Week-7,Q1,2023,19995,0,1879,34,0,Swipe ,Entertainment,300.64,0
710620383,Blue,355,1,111,2023-02-12,Week-7,Q1,2023,24396,1171,965,17,0.048,Swipe ,Bills,164.05,0
710621283,Blue,175,1,87,2023-02-12,Week-7,Q1,2023,10733,783,3910,66,0.073,Chip ,Travel,469.2,0
710622333,Blue,175,1,110,2023-02-12,Week-7,Q1,2023,2751,2258,4386,67,0.821,Chip ,Bills,614.04,0
710624658,Blue,405,1,113,2023-02-12,Week-7,Q1,2023,4066,1639,3040,56,0.403,Swipe ,Entertainment,699.2,0
710626758,Blue,335,0,114,2023-02-12,Week-7,Q1,2023,2761,0,3706,65,0,Chip ,Bills,926.5,0
710628783,Silver,175,1,106,2023-02-12,Week-7,Q1,2023,34516,1140,1445,45,0.033,Swipe ,Entertainment,86.7,0
710630583,Blue,345,0,118,2023-02-12,Week-7,Q1,2023,2843,1752,3738,77,0.616,Swipe ,Food,1046.64,0
710632683,Blue,175,1,68,2023-02-12,Week-7,Q1,2023,1438.3,0,2308,49,0,Swipe ,Travel,161.56,0
710633808,Blue,285,0,47,2023-02-12,Week-7,Q1,2023,7102,0,2411,41,0,Swipe ,Bills,337.54,0
710635083,Blue,125,1,93,2023-02-12,Week-7,Q1,2023,28327,582,3475,52,0.021,Chip ,Fuel,243.25,0
710636208,Blue,480,0,90,2023-02-12,Week-7,Q1,2023,34516,0,3847,74,0,Online ,Fuel,884.81,0
710637183,Blue,435,1,86,2023-02-12,Week-7,Q1,2023,2300,1906,4538,71,0.829,Swipe ,Fuel,1179.88,0
710638233,Blue,150,1,68,2023-02-12,Week-7,Q1,2023,4277,2186,8764,69,0.511,Chip ,Travel,2366.28,0
710639658,Blue,480,0,112,2023-02-12,Week-7,Q1,2023,17744,829,9658,78,0.047,Chip ,Travel,676.06,0
710641008,Blue,410,1,48,2023-02-12,Week-7,Q1,2023,8685,0,2473,56,0,Chip ,Entertainment,420.41,0
710643183,Blue,125,1,99,2023-02-12,Week-7,Q1,2023,3172,1160,4163,83,0.366,Swipe ,Grocery,957.49,0
710644158,Blue,425,0,113,2023-02-12,Week-7,Q1,2023,31743,1332,4293,73,0.042,Chip ,Entertainment,1073.25,0
710645583,Blue,195,0,68,2023-02-12,Week-7,Q1,2023,7627,1742,4349,75,0.228,Chip ,Bills,1000.27,0
710650608,Blue,270,1,127,2023-02-12,Week-7,Q1,2023,19262,1480,4812,85,0.077,Chip ,Entertainment,962.4,0
710653158,Blue,175,0,83,2023-02-12,Week-7,Q1,2023,5024,1613,1925,40,0.321,Swipe ,Entertainment,519.75,0
710654808,Blue,95,1,105,2023-02-12,Week-7,Q1,2023,1818,0,2308,44,0,Swipe ,Grocery,323.12,0
710656683,Blue,365,0,76,2023-02-12,Week-7,Q1,2023,1986,1614,4442,64,0.813,Chip ,Bills,1243.76,0
710657508,Blue,480,1,81,2023-02-12,Week-7,Q1,2023,3788,1325,3975,65,0.35,Online ,Fuel,1033.5,0
710658483,Blue,250,0,88,2023-02-12,Week-7,Q1,2023,9080,2174,2098,46,0.239,Swipe ,Grocery,230.78,0
710661333,Blue,370,1,119,2023-02-12,Week-7,Q1,2023,10241,1545,2513,47,0.151,Chip ,Fuel,477.47,0
710662158,Blue,140,1,103,2023-02-12,Week-7,Q1,2023,34516,2517,2051,41,0.073,Swipe ,Food,143.57,0
710663508,Blue,285,0,109,2023-02-12,Week-7,Q1,2023,3108,2280,14763,99,0.734,Swipe ,Food,2509.71,0
710664558,Blue,300,1,118,2023-02-12,Week-7,Q1,2023,4736,945,3927,73,0.2,Swipe ,Fuel,549.78,0
710665533,Blue,300,1,87,2023-02-12,Week-7,Q1,2023,24602,1660,1337,44,0.067,Swipe ,Bills,200.55,0
710666583,Blue,495,1,111,2023-02-12,Week-7,Q1,2023,2516,2312,2321,36,0.919,Chip ,Grocery,626.67,0
710667708,Platinum,420,0,110,2023-02-12,Week-7,Q1,2023,12510,1871,14018,128,0.15,Chip ,Entertainment,1541.98,0
710668458,Blue,420,1,84,2023-02-12,Week-7,Q1,2023,3696,0,3405,76,0,Online ,Fuel,817.2,0
710669733,Blue,425,0,105,2023-02-12,Week-7,Q1,2023,2358,1965,4922,80,0.833,Swipe ,Fuel,393.76,0
710670633,Blue,375,1,98,2023-02-12,Week-7,Q1,2023,5797,1779,2131,33,0.307,Swipe ,Fuel,596.68,0
710671608,Blue,360,1,51,2023-02-12,Week-7,Q1,2023,6798,918,3961,69,0.135,Chip ,Entertainment,435.71,0
710673558,Blue,95,1,109,2023-02-12,Week-7,Q1,2023,21952,1600,4087,70,0.073,Swipe ,Grocery,694.79,0
710674533,Blue,245,0,90,2023-02-12,Week-7,Q1,2023,15060,0,1611,42,0,Chip ,Grocery,161.1,0
710675508,Blue,300,0,112,2023-02-12,Week-7,Q1,2023,2321,1190,5149,98,0.513,Swipe ,Fuel,566.39,0
710676483,Blue,245,1,95,2023-02-12,Week-7,Q1,2023,5589,0,4064,77,0,Swipe ,Food,975.36,0
710677608,Blue,220,1,74,2023-02-12,Week-7,Q1,2023,29205,1208,1556,43,0.041,Swipe ,Bills,202.28,0
710678658,Blue,410,1,155,2023-02-12,Week-7,Q1,2023,4944,1151,3684,64,0.233,Swipe ,Entertainment,442.08,0
710679933,Blue,440,1,125,2023-02-12,Week-7,Q1,2023,15633,0,8660,58,0,Chip ,Travel,1472.2,0
710681808,Blue,125,1,109,2023-02-12,Week-7,Q1,2023,18531,1548,2484,52,0.084,Swipe ,Fuel,645.84,0
710687508,Blue,150,0,74,2023-02-12,Week-7,Q1,2023,2621,1858,2148,47,0.709,Online ,Fuel,558.48,0
710690733,Blue,175,0,82,2023-02-12,Week-7,Q1,2023,1666,0,2816,38,0,Swipe ,Bills,422.4,0
710691633,Blue,300,1,71,2023-02-12,Week-7,Q1,2023,1957,1152,4546,78,0.589,Swipe ,Grocery,863.74,0
710694033,Blue,175,0,131,2023-02-12,Week-7,Q1,2023,7473,1253,13400,104,0.168,Swipe ,Fuel,1742,0
710695083,Silver,140,1,159,2023-02-12,Week-7,Q1,2023,28397,1421,1635,31,0.05,Swipe ,Grocery,196.2,0
710697408,Blue,280,0,93,2023-02-12,Week-7,Q1,2023,6739,896,15471,115,0.133,Online ,Travel,1547.1,0
710698233,Blue,380,1,87,2023-02-12,Week-7,Q1,2023,10021,1203,1463,40,0.12,Swipe ,Bills,117.04,0
710699283,Platinum,375,1,90,2023-02-12,Week-7,Q1,2023,7790,1921,14567,131,0.247,Chip ,Travel,2767.73,0
710701233,Blue,350,1,87,2023-02-12,Week-7,Q1,2023,17785,1259,3890,72,0.071,Chip ,Fuel,233.4,0
710702733,Blue,190,1,88,2023-02-12,Week-7,Q1,2023,11096,0,3949,69,0,Chip ,Fuel,671.33,0
710703708,Silver,175,0,113,2023-02-12,Week-7,Q1,2023,16985,968,2961,56,0.057,Swipe ,Fuel,236.88,0
710706558,Blue,495,1,138,2023-02-12,Week-7,Q1,2023,2680,1753,1154,33,0.654,Swipe ,Entertainment,219.26,0
710710233,Silver,300,0,107,2023-02-12,Week-7,Q1,2023,34516,0,15560,100,0,Chip ,Travel,1867.2,0
710712783,Blue,270,1,112,2023-02-12,Week-7,Q1,2023,2294,1787,3904,76,0.779,Chip ,Grocery,312.32,0
710713608,Blue,250,1,94,2023-02-12,Week-7,Q1,2023,24528,2396,4070,67,0.098,Swipe ,Entertainment,895.4,0
710715783,Blue,245,1,90,2023-02-12,Week-7,Q1,2023,1633,0,4436,75,0,Swipe ,Travel,975.92,0
710719683,Blue,430,0,104,2023-02-12,Week-7,Q1,2023,3054,845,4460,88,0.277,Chip ,Food,1248.8,0
710721858,Blue,250,0,93,2023-02-12,Week-7,Q1,2023,5542,0,8246,59,0,Chip ,Travel,494.76,0
710722908,Blue,455,1,106,2023-02-12,Week-7,Q1,2023,30883,1694,1267,23,0.055,Swipe ,Bills,304.08,0
710723958,Blue,440,0,94,2023-02-12,Week-7,Q1,2023,1438.3,491,5016,86,0.341,Swipe ,Bills,1153.68,0
710725383,Blue,250,1,88,2023-02-12,Week-7,Q1,2023,2012,0,3282,66,0,Swipe ,Entertainment,689.22,0
710727333,Blue,95,0,95,2023-02-12,Week-7,Q1,2023,1763,0,2813,43,0,Swipe ,Fuel,337.56,0
710728458,Blue,425,0,114,2023-02-12,Week-7,Q1,2023,7075,1396,4409,75,0.197,Swipe ,Entertainment,925.89,0
710729358,Blue,375,0,87,2023-02-12,Week-7,Q1,2023,6479,0,2539,42,0,Chip ,Fuel,406.24,0
710733183,Blue,295,0,105,2023-02-12,Week-7,Q1,2023,1438.3,845,3631,67,0.587,Chip ,Entertainment,944.06,0
710734308,Blue,270,1,80,2023-02-12,Week-7,Q1,2023,6481,1569,15937,119,0.242,Chip ,Travel,2549.92,0
710736558,Blue,470,1,77,2023-02-12,Week-7,Q1,2023,8096,1474,1794,41,0.182,Swipe ,Bills,358.8,0
710738883,Blue,405,1,84,2023-02-12,Week-7,Q1,2023,2187,1094,4222,61,0.5,Swipe ,Grocery,1013.28,0
710740008,Blue,360,0,160,2023-02-12,Week-7,Q1,2023,1438.3,641,5140,82,0.446,Swipe ,Food,1387.8,0
710741208,Blue,245,1,78,2023-02-12,Week-7,Q1,2023,5269,1475,2094,25,0.28,Swipe ,Travel,209.4,0
710742408,Blue,110,0,77,2023-02-12,Week-7,Q1,2023,2160,2057,4518,93,0.952,Swipe ,Bills,1039.14,0
710744433,Blue,200,0,89,2023-02-12,Week-7,Q1,2023,2578,2424,4077,78,0.94,Swipe ,Bills,407.7,0
710745633,Blue,245,0,83,2023-02-12,Week-7,Q1,2023,19252,751,14074,112,0.039,Swipe ,Fuel,2955.54,0
710748483,Blue,465,1,102,2023-02-12,Week-7,Q1,2023,2923,1934,3861,68,0.662,Swipe ,Entertainment,926.64,0
710749458,Blue,300,0,93,2023-02-12,Week-7,Q1,2023,5462,1864,1523,35,0.341,Swipe ,Entertainment,152.3,0
710751033,Blue,280,0,113,2023-02-12,Week-7,Q1,2023,4829,0,8286,65,0,Chip ,Travel,2320.08,0
710752233,Blue,450,1,80,2023-02-12,Week-7,Q1,2023,4430,2203,2742,49,0.497,Swipe ,Fuel,356.46,0
710754933,Blue,250,1,64,2023-02-12,Week-7,Q1,2023,1438.3,0,840,20,0,Swipe ,Entertainment,218.4,0
710756133,Blue,430,1,94,2023-02-12,Week-7,Q1,2023,1811,821,4290,73,0.453,Swipe ,Fuel,471.9,0
710758683,Silver,300,1,88,2023-02-12,Week-7,Q1,2023,15698,2000,12980,82,0.127,Swipe ,Entertainment,1817.2,0
710760258,Blue,435,0,80,2023-02-12,Week-7,Q1,2023,1438.3,0,4740,81,0,Swipe ,Entertainment,1090.2,0
710761533,Blue,300,0,72,2023-02-12,Week-7,Q1,2023,23665,1624,4190,87,0.069,Chip ,Bills,544.7,0
710763783,Blue,320,1,66,2023-02-12,Week-7,Q1,2023,28142,762,3676,47,0.027,Swipe ,Bills,551.4,0
710769258,Blue,395,1,92,2023-02-12,Week-7,Q1,2023,4438,1513,3895,75,0.341,Chip ,Food,506.35,0
710770383,Blue,190,0,72,2023-02-12,Week-7,Q1,2023,1438.3,582,4915,92,0.405,Chip ,Entertainment,1228.75,0
710771433,Gold,290,1,75,2023-02-12,Week-7,Q1,2023,2754,2152,13991,125,0.781,Swipe ,Bills,3637.66,0
710773533,Blue,150,1,104,2023-02-12,Week-7,Q1,2023,2435,1595,5268,88,0.655,Swipe ,Bills,684.84,0
710775483,Blue,415,1,120,2023-02-12,Week-7,Q1,2023,9060,0,14305,102,0,Swipe ,Grocery,2145.75,0
710779083,Blue,175,0,74,2023-02-12,Week-7,Q1,2023,1661,0,4338,77,0,Chip ,Bills,780.84,0
710780883,Blue,455,1,129,2023-02-12,Week-7,Q1,2023,2446,1461,4610,78,0.597,Swipe ,Food,645.4,0
710782458,Blue,460,1,82,2023-02-12,Week-7,Q1,2023,2469,1695,1615,36,0.687,Swipe ,Fuel,306.85,0
710783358,Blue,435,1,157,2023-02-12,Week-7,Q1,2023,2570,1764,4442,85,0.686,Swipe ,Bills,488.62,0
710784333,Blue,140,1,112,2023-02-12,Week-7,Q1,2023,23700,1314,1644,28,0.055,Swipe ,Bills,460.32,0
710785383,Blue,250,0,107,2023-02-12,Week-7,Q1,2023,2212,0,2394,55,0,Swipe ,Food,406.98,0
710787708,Blue,150,1,114,2023-02-12,Week-7,Q1,2023,5366,1271,1748,38,0.237,Swipe ,Entertainment,367.08,0
710789058,Blue,150,1,42,2023-02-12,Week-7,Q1,2023,34516,1478,1308,41,0.043,Swipe ,Entertainment,143.88,0
710790258,Blue,200,0,108,2023-02-12,Week-7,Q1,2023,28904,1899,1334,35,0.066,Swipe ,Travel,293.48,0
710792733,Blue,420,0,158,2023-02-12,Week-7,Q1,2023,2897,638,4491,75,0.22,Swipe ,Food,1302.39,0
710793783,Blue,370,0,101,2023-02-12,Week-7,Q1,2023,12059,1978,1836,36,0.164,Swipe ,Bills,238.68,0
710794983,Blue,320,1,69,2023-02-12,Week-7,Q1,2023,4745,1157,4705,78,0.244,Swipe ,Grocery,1223.3,0
710795883,Blue,150,0,98,2023-02-12,Week-7,Q1,2023,2042,1864,2758,50,0.913,Swipe ,Entertainment,220.64,0
710797833,Blue,390,1,75,2023-02-12,Week-7,Q1,2023,2033,841,4360,95,0.414,Swipe ,Fuel,1046.4,0
710798883,Blue,125,0,112,2023-02-12,Week-7,Q1,2023,3323,2310,1599,47,0.695,Swipe ,Entertainment,239.85,0
710799783,Blue,110,0,92,2023-02-12,Week-7,Q1,2023,15202,1779,3143,60,0.117,Swipe ,Grocery,408.59,0
710801133,Blue,395,0,88,2023-02-12,Week-7,Q1,2023,8581,2326,2513,63,0.271,Swipe ,Bills,301.56,0
710802258,Blue,125,0,98,2023-02-12,Week-7,Q1,2023,2888,2245,1111,26,0.777,Swipe ,Bills,99.99,0
710803008,Blue,220,1,113,2023-02-12,Week-7,Q1,2023,3125,2041,4372,68,0.653,Chip ,Grocery,699.52,0
710803983,Blue,345,1,96,2023-02-12,Week-7,Q1,2023,32222,0,14220,95,0,Chip ,Bills,2986.2,0
710806083,Silver,125,0,88,2023-02-12,Week-7,Q1,2023,11888,2090,1137,30,0.176,Swipe ,Bills,181.92,0
710808108,Blue,125,1,88,2023-02-12,Week-7,Q1,2023,4274,2517,2257,54,0.589,Online ,Travel,406.26,0
710809083,Blue,345,1,82,2023-02-12,Week-7,Q1,2023,1438.3,787,4587,58,0.547,Swipe ,Grocery,275.22,0
710809833,Silver,450,1,56,2023-02-12,Week-7,Q1,2023,34516,0,3193,53,0,Swipe ,Bills,638.6,0
710810883,Blue,300,1,159,2023-02-12,Week-7,Q1,2023,34516,1260,14576,95,0.037,Chip ,Food,3935.52,0
710812533,Silver,280,1,103,2023-02-12,Week-7,Q1,2023,34516,154,1987,46,0.004,Chip ,Travel,139.09,0
710813733,Gold,340,0,77,2023-02-12,Week-7,Q1,2023,33791,0,1546,41,0,Swipe ,Bills,293.74,0
710814633,Blue,380,0,112,2023-02-12,Week-7,Q1,2023,20734,2517,8888,103,0.121,Swipe ,Grocery,799.92,0
710815608,Blue,455,1,119,2023-02-12,Week-7,Q1,2023,2049,1530,4521,70,0.747,Swipe ,Bills,497.31,0
710816358,Blue,450,1,90,2023-02-12,Week-7,Q1,2023,2963,1466,2523,48,0.495,Swipe ,Entertainment,605.52,0
710819733,Blue,125,1,99,2023-02-12,Week-7,Q1,2023,12211,0,903,29,0,Swipe ,Entertainment,108.36,0
710820783,Blue,245,1,75,2023-02-12,Week-7,Q1,2023,5989,0,4246,78,0,Chip ,Bills,509.52,0
710821833,Blue,335,1,82,2023-02-12,Week-7,Q1,2023,9095,1587,1314,26,0.174,Online ,Bills,249.66,0
710822808,Blue,275,1,96,2023-02-12,Week-7,Q1,2023,34516,1228,7854,89,0.036,Swipe ,Entertainment,1021.02,0
710825658,Blue,390,0,94,2023-02-12,Week-7,Q1,2023,2584,1614,4045,78,0.625,Online ,Fuel,930.35,0
710829108,Blue,480,1,91,2023-02-12,Week-7,Q1,2023,3356,985,999,28,0.294,Swipe ,Travel,69.93,0
710831133,Blue,250,1,115,2023-02-12,Week-7,Q1,2023,18085,1487,1582,47,0.082,Swipe ,Entertainment,126.56,0
710832108,Blue,225,1,89,2023-02-12,Week-7,Q1,2023,9017,2359,4552,81,0.262,Swipe ,Food,1092.48,0
710833908,Blue,100,0,81,2023-02-12,Week-7,Q1,2023,25601,1384,12896,100,0.054,Swipe ,Fuel,2966.08,0
710838108,Blue,200,0,113,2023-02-12,Week-7,Q1,2023,3081,2517,4317,72,0.817,Swipe ,Bills,1208.76,0
710839308,Blue,220,0,118,2023-02-12,Week-7,Q1,2023,5015,1671,3161,77,0.333,Swipe ,Entertainment,568.98,0
710840433,Blue,110,0,67,2023-02-12,Week-7,Q1,2023,7452,1656,3339,51,0.222,Swipe ,Bills,300.51,0
710841183,Gold,455,1,74,2023-02-12,Week-7,Q1,2023,13940,2109,15577,114,0.151,Chip ,Travel,3738.48,0
710842308,Blue,440,1,115,2023-02-12,Week-7,Q1,2023,2264,928,4150,83,0.41,Chip ,Fuel,249,0
710844408,Blue,100,0,85,2023-02-12,Week-7,Q1,2023,2584,0,1843,28,0,Swipe ,Fuel,460.75,0
710845308,Blue,225,1,87,2023-02-12,Week-7,Q1,2023,32949,1190,14892,113,0.036,Chip ,Fuel,3425.16,0
710849208,Silver,495,1,66,2023-02-12,Week-7,Q1,2023,34516,1652,14738,113,0.048,Chip ,Travel,1473.8,0
710850633,Blue,345,0,86,2023-02-12,Week-7,Q1,2023,2507,1613,3325,67,0.643,Swipe ,Bills,631.75,0
710853033,Blue,395,0,89,2023-02-12,Week-7,Q1,2023,4943,1204,4024,82,0.244,Swipe ,Bills,965.76,0
710854008,Blue,270,1,112,2023-02-12,Week-7,Q1,2023,6541,1119,3902,63,0.171,Swipe ,Fuel,273.14,0
710855508,Blue,290,1,84,2023-02-19,Week-8,Q1,2023,2740,1786,4327,70,0.652,Swipe ,Fuel,865.4,0
710856558,Blue,490,0,105,2023-02-19,Week-8,Q1,2023,3336,1889,13989,105,0.566,Chip ,Food,1259.01,0
710858658,Silver,250,1,88,2023-02-19,Week-8,Q1,2023,10610,0,15050,108,0,Chip ,Travel,3913,0
710862258,Blue,385,0,107,2023-02-19,Week-8,Q1,2023,1755,0,4786,73,0,Swipe ,Entertainment,287.16,0
710863308,Blue,340,1,71,2023-02-19,Week-8,Q1,2023,2916,1074,4020,84,0.368,Swipe ,Grocery,763.8,0
710864358,Blue,125,1,91,2023-02-19,Week-8,Q1,2023,6501,0,5074,81,0,Chip ,Entertainment,1420.72,0
710865633,Silver,200,0,68,2023-02-19,Week-8,Q1,2023,12301,2250,1307,29,0.183,Swipe ,Travel,261.4,0
710866758,Blue,370,0,75,2023-02-19,Week-8,Q1,2023,1640,888,4074,73,0.541,Swipe ,Travel,855.54,0
710869008,Blue,125,0,76,2023-02-19,Week-8,Q1,2023,8332,0,5108,78,0,Chip ,Fuel,561.88,0
710871108,Silver,330,0,107,2023-02-19,Week-8,Q1,2023,31756,1459,4759,70,0.046,Swipe ,Entertainment,1142.16,0
710872233,Blue,470,1,81,2023-02-19,Week-8,Q1,2023,4610,0,2280,49,0,Swipe ,Bills,547.2,0
710873583,Blue,360,1,80,2023-02-19,Week-8,Q1,2023,20724,2221,14215,109,0.107,Chip ,Grocery,3980.2,0
710874933,Blue,110,1,85,2023-02-19,Week-8,Q1,2023,10239,2224,2149,40,0.217,Swipe ,Entertainment,623.21,0
710877108,Blue,125,0,69,2023-02-19,Week-8,Q1,2023,2724,1288,4171,75,0.473,Swipe ,Entertainment,1167.88,0
710878308,Blue,350,1,103,2023-02-19,Week-8,Q1,2023,3699,913,7297,71,0.247,Swipe ,Entertainment,1532.37,0
710879283,Blue,125,1,157,2023-02-19,Week-8,Q1,2023,1438.3,0,4312,81,0,Swipe ,Grocery,733.04,0
710881008,Blue,175,0,87,2023-02-19,Week-8,Q1,2023,6380,1238,4119,66,0.194,Swipe ,Grocery,906.18,0
710883483,Blue,325,0,80,2023-02-19,Week-8,Q1,2023,4189,2066,4661,85,0.493,Swipe ,Entertainment,512.71,0
710884683,Silver,325,1,152,2023-02-19,Week-8,Q1,2023,34516,807,3937,80,0.023,Swipe ,Fuel,708.66,0
710888883,Blue,280,0,98,2023-02-19,Week-8,Q1,2023,1438.3,636,4824,83,0.442,Online ,Food,916.56,0
710892408,Blue,280,0,90,2023-02-19,Week-8,Q1,2023,3101,1257,1681,32,0.405,Swipe ,Bills,100.86,0
710893533,Blue,350,1,77,2023-02-19,Week-8,Q1,2023,8329,877,1570,56,0.105,Swipe ,Bills,408.2,0
710895708,Blue,375,1,80,2023-02-19,Week-8,Q1,2023,3876,0,7712,73,0,Chip ,Entertainment,462.72,0
710897133,Blue,100,1,105,2023-02-19,Week-8,Q1,2023,2267,1357,4464,85,0.599,Swipe ,Bills,1071.36,0
710899833,Blue,300,0,46,2023-02-19,Week-8,Q1,2023,7758,1408,569,23,0.181,Swipe ,Entertainment,91.04,0
710903358,Blue,380,1,110,2023-02-19,Week-8,Q1,2023,6352,1386,3709,77,0.218,Chip ,Entertainment,667.62,0
710904708,Blue,430,1,160,2023-02-19,Week-8,Q1,2023,5319,921,15048,110,0.173,Chip ,Bills,2558.16,0
710905908,Blue,150,1,94,2023-02-19,Week-8,Q1,2023,4983,1355,1939,30,0.272,Chip ,Grocery,290.85,0
710912733,Blue,290,0,94,2023-02-19,Week-8,Q1,2023,1953,1762,4590,91,0.902,Chip ,Fuel,550.8,0
710914158,Blue,200,1,106,2023-02-19,Week-8,Q1,2023,3349,2517,4405,55,0.752,Swipe ,Food,484.55,0
710915358,Blue,340,1,105,2023-02-19,Week-8,Q1,2023,14963,1616,3242,58,0.108,Swipe ,Grocery,421.46,0
710916408,Blue,150,1,111,2023-02-19,Week-8,Q1,2023,8466,1886,1342,32,0.223,Swipe ,Bills,147.62,0
710923533,Gold,450,1,133,2023-02-19,Week-8,Q1,2023,34516,0,15611,127,0,Online ,Travel,1561.1,0
710924658,Blue,415,0,121,2023-02-19,Week-8,Q1,2023,2540,1093,9339,99,0.43,Swipe ,Bills,1307.46,0
710926383,Blue,175,1,100,2023-02-19,Week-8,Q1,2023,1553,1177,4549,68,0.758,Chip ,Grocery,591.37,0
710927733,Blue,200,0,89,2023-02-19,Week-8,Q1,2023,2899,1999,1687,35,0.69,Swipe ,Entertainment,219.31,0
710929233,Blue,295,1,68,2023-02-19,Week-8,Q1,2023,2800,1559,4253,83,0.557,Chip ,Entertainment,637.95,0
710930508,Blue,285,0,44,2023-02-19,Week-8,Q1,2023,22352,2517,1350,24,0.113,Swipe ,Bills,391.5,0
710932683,Blue,110,0,97,2023-02-19,Week-8,Q1,2023,6394,0,3470,69,0,Chip ,Entertainment,242.9,0
710934033,Blue,285,1,47,2023-02-19,Week-8,Q1,2023,1775,1162,2169,43,0.655,Swipe ,Entertainment,347.04,0
710937783,Blue,195,0,77,2023-02-19,Week-8,Q1,2023,2772,2414,5313,68,0.871,Swipe ,Entertainment,1328.25,0
710939283,Gold,150,1,114,2023-02-19,Week-8,Q1,2023,4209,1300,16078,105,0.309,Chip ,Travel,1125.46,0
710940183,Blue,245,1,103,2023-02-19,Week-8,Q1,2023,2185,0,715,20,0,Swipe ,Bills,178.75,0
710942358,Blue,365,1,115,2023-02-19,Week-8,Q1,2023,5762,1890,3814,88,0.328,Swipe ,Grocery,228.84,0
710944608,Blue,300,1,122,2023-02-19,Week-8,Q1,2023,8434,2222,1414,27,0.263,Swipe ,Bills,127.26,0
710947683,Blue,200,1,44,2023-02-19,Week-8,Q1,2023,4920,1142,1420,31,0.232,Swipe ,Bills,213,0
710951808,Blue,335,0,112,2023-02-19,Week-8,Q1,2023,6100,1520,1668,32,0.249,Swipe ,Bills,166.8,0
710952933,Blue,355,0,119,2023-02-19,Week-8,Q1,2023,2077,1254,4226,75,0.604,Chip ,Food,633.9,0
710955633,Blue,125,0,82,2023-02-19,Week-8,Q1,2023,9256,1999,1446,37,0.216,Swipe ,Bills,390.42,0
710958033,Blue,200,1,77,2023-02-19,Week-8,Q1,2023,1993,0,4075,76,0,Swipe ,Entertainment,611.25,0
710958933,Blue,245,1,62,2023-02-19,Week-8,Q1,2023,6080,787,4866,56,0.129,Swipe ,Food,681.24,0
710962308,Blue,175,1,71,2023-02-19,Week-8,Q1,2023,4396,834,4826,88,0.19,Swipe ,Bills,1399.54,0
710966433,Blue,295,1,73,2023-02-19,Week-8,Q1,2023,2615,1404,3785,67,0.537,Swipe ,Bills,984.1,0
710968008,Blue,340,1,89,2023-02-19,Week-8,Q1,2023,3423,647,14308,124,0.189,Swipe ,Bills,1573.88,0
710969433,Blue,200,1,79,2023-02-19,Week-8,Q1,2023,2909,1201,4230,68,0.413,Swipe ,Bills,1099.8,1
710971908,Blue,150,0,119,2023-02-19,Week-8,Q1,2023,3764,1780,4898,80,0.473,Online ,Bills,1028.58,1
710974308,Blue,280,1,73,2023-02-19,Week-8,Q1,2023,26792,1671,3587,66,0.062,Chip ,Food,681.53,1
710975883,Blue,320,1,107,2023-02-19,Week-8,Q1,2023,2185,1761,1645,30,0.806,Swipe ,Bills,230.3,1
710978058,Blue,370,0,101,2023-02-19,Week-8,Q1,2023,7507,1697,4651,71,0.226,Swipe ,Grocery,790.67,1
710979033,Blue,110,0,88,2023-02-19,Week-8,Q1,2023,6607,2517,3046,73,0.381,Online ,Entertainment,274.14,1
710980383,Silver,345,0,89,2023-02-19,Week-8,Q1,2023,34516,0,6361,74,0,Chip ,Grocery,1526.64,0
710981583,Blue,100,0,106,2023-02-19,Week-8,Q1,2023,3891,1015,5131,86,0.261,Swipe ,Bills,307.86,0
710982858,Blue,250,1,93,2023-02-19,Week-8,Q1,2023,8232,2259,2849,67,0.274,Swipe ,Bills,683.76,0
710984133,Blue,450,0,88,2023-02-19,Week-8,Q1,2023,27876,557,4654,88,0.02,Chip ,Entertainment,465.4,0
710986758,Blue,95,0,89,2023-02-19,Week-8,Q1,2023,11550,1505,3891,76,0.13,Chip ,Entertainment,894.93,0
710989008,Blue,125,1,85,2023-02-19,Week-8,Q1,2023,13100,1436,3201,78,0.11,Swipe ,Entertainment,192.06,0
710990283,Blue,390,1,71,2023-02-19,Week-8,Q1,2023,3906,1851,1839,33,0.474,Swipe ,Entertainment,220.68,0
710997183,Silver,280,0,71,2023-02-19,Week-8,Q1,2023,34516,1092,1409,39,0.032,Swipe ,Entertainment,169.08,0
711000933,Blue,200,1,97,2023-02-19,Week-8,Q1,2023,4846,2490,3724,61,0.514,Swipe ,Entertainment,819.28,0
711002058,Blue,200,1,117,2023-02-19,Week-8,Q1,2023,5306,2410,7437,94,0.454,Online ,Fuel,1338.66,0
711003483,Blue,455,0,146,2023-02-19,Week-8,Q1,2023,20466,1138,15121,97,0.056,Swipe ,Food,4233.88,0
711004533,Blue,190,1,91,2023-02-19,Week-8,Q1,2023,2240,1664,4399,80,0.743,Swipe ,Food,923.79,0
711005583,Blue,430,1,152,2023-02-19,Week-8,Q1,2023,3437,1064,5110,76,0.31,Swipe ,Food,970.9,0
711006783,Blue,335,0,43,2023-02-19,Week-8,Q1,2023,2484,2149,1200,28,0.865,Swipe ,Fuel,276,0
711008508,Blue,395,0,89,2023-02-19,Week-8,Q1,2023,11808,0,13751,113,0,Swipe ,Fuel,1375.1,0
711009708,Blue,200,1,120,2023-02-19,Week-8,Q1,2023,21617,0,1351,22,0,Swipe ,Bills,391.79,0
711010683,Platinum,125,0,82,2023-02-19,Week-8,Q1,2023,14382,1950,12941,131,0.136,Swipe ,Bills,3364.66,0
711011508,Blue,200,0,92,2023-02-19,Week-8,Q1,2023,1620,771,4387,91,0.476,Swipe ,Travel,921.27,0
711012783,Blue,200,1,103,2023-02-19,Week-8,Q1,2023,33384,0,2066,46,0,Online ,Grocery,268.58,0
711013983,Blue,125,1,92,2023-02-19,Week-8,Q1,2023,2158,0,615,12,0,Swipe ,Travel,92.25,0
711017433,Blue,415,0,140,2023-02-19,Week-8,Q1,2023,1438.3,0,4416,68,0,Chip ,Bills,485.76,0
711019308,Blue,200,1,88,2023-02-19,Week-8,Q1,2023,6385,1535,1612,47,0.24,Swipe ,Travel,241.8,0
711020358,Blue,320,1,79,2023-02-19,Week-8,Q1,2023,2498,1650,4434,79,0.661,Swipe ,Entertainment,753.78,0
711023508,Blue,475,0,81,2023-02-19,Week-8,Q1,2023,3161,1389,1547,30,0.439,Swipe ,Entertainment,170.17,0
711027183,Blue,320,1,116,2023-02-19,Week-8,Q1,2023,6943,600,4946,80,0.086,Chip ,Grocery,1137.58,0
711028308,Blue,245,0,115,2023-02-19,Week-8,Q1,2023,1717,0,1468,29,0,Swipe ,Bills,205.52,0
711029358,Blue,420,1,63,2023-02-19,Week-8,Q1,2023,2470,1566,5011,61,0.634,Swipe ,Entertainment,952.09,0
711032058,Silver,335,1,115,2023-02-19,Week-8,Q1,2023,34516,2517,2901,75,0.073,Swipe ,Entertainment,174.06,0
711033408,Blue,100,1,81,2023-02-19,Week-8,Q1,2023,9355,1626,1230,28,0.174,Swipe ,Travel,123,0
711039633,Blue,200,1,114,2023-02-19,Week-8,Q1,2023,1594,0,4653,65,0,Swipe ,Food,1116.72,0
711040758,Blue,485,0,93,2023-02-19,Week-8,Q1,2023,7200,0,3006,83,0,Swipe ,Grocery,360.72,0
711041508,Blue,295,1,64,2023-02-19,Week-8,Q1,2023,5865,2517,2623,47,0.429,Swipe ,Bills,681.98,0
711043983,Blue,125,0,67,2023-02-19,Week-8,Q1,2023,34516,1259,3275,67,0.036,Swipe ,Entertainment,425.75,0
711046383,Silver,200,0,71,2023-02-19,Week-8,Q1,2023,34516,1316,3542,60,0.038,Online ,Bills,460.46,0
711047658,Blue,150,1,94,2023-02-19,Week-8,Q1,2023,1781,1315,4775,83,0.738,Online ,Bills,525.25,0
711048783,Blue,365,1,83,2023-02-19,Week-8,Q1,2023,33405,0,1345,34,0,Swipe ,Travel,174.85,0
711050058,Blue,200,0,52,2023-02-19,Week-8,Q1,2023,6732,0,1644,45,0,Swipe ,Bills,263.04,0
711052308,Blue,375,0,101,2023-02-19,Week-8,Q1,2023,2751,2432,4453,75,0.884,Chip ,Food,623.42,0
711061908,Blue,195,0,105,2023-02-19,Week-8,Q1,2023,1449,749,4039,50,0.517,Chip ,Bills,1009.75,0
711062958,Blue,385,0,85,2023-02-19,Week-8,Q1,2023,4121,2084,3462,49,0.506,Online ,Grocery,311.58,0
711064008,Blue,275,1,107,2023-02-19,Week-8,Q1,2023,9505,2390,3616,68,0.251,Swipe ,Food,578.56,0
711065133,Blue,200,0,112,2023-02-19,Week-8,Q1,2023,1473,0,2099,39,0,Swipe ,Travel,398.81,0
711067383,Blue,270,0,58,2023-02-19,Week-8,Q1,2023,10001,0,4167,74,0,Chip ,Entertainment,958.41,0
711069483,Blue,460,0,80,2023-02-19,Week-8,Q1,2023,1538,0,4884,79,0,Swipe ,Entertainment,1025.64,0
711070683,Blue,150,0,79,2023-02-19,Week-8,Q1,2023,6725,493,13891,106,0.073,Online ,Travel,2639.29,0
711076533,Blue,280,1,88,2023-02-19,Week-8,Q1,2023,9706,1968,3435,58,0.203,Swipe ,Entertainment,824.4,0
711079308,Blue,100,1,77,2023-02-19,Week-8,Q1,2023,15186,0,1884,33,0,Swipe ,Grocery,339.12,0
711080358,Blue,450,1,146,2023-02-19,Week-8,Q1,2023,19849,2205,3657,66,0.111,Swipe ,Entertainment,329.13,0
711082908,Blue,300,0,98,2023-02-19,Week-8,Q1,2023,19719,1303,8385,97,0.066,Swipe ,Grocery,1760.85,0
711084183,Blue,470,0,104,2023-02-19,Week-8,Q1,2023,5168,2265,8211,80,0.438,Online ,Bills,1724.31,0
711089733,Blue,125,0,70,2023-02-19,Week-8,Q1,2023,1491,0,1058,34,0,Swipe ,Bills,179.86,0
711092658,Blue,490,1,105,2023-02-19,Week-8,Q1,2023,4376,855,2862,52,0.195,Online ,Fuel,543.78,0
711093408,Blue,365,1,118,2023-02-19,Week-8,Q1,2023,2644,1517,4815,83,0.574,Swipe ,Fuel,818.55,0
711096633,Silver,150,1,112,2023-02-19,Week-8,Q1,2023,12203,0,8600,94,0,Chip ,Fuel,946,0
711099408,Blue,200,0,104,2023-02-19,Week-8,Q1,2023,2684,1658,4657,76,0.618,Swipe ,Bills,279.42,0
711100608,Blue,100,1,81,2023-02-19,Week-8,Q1,2023,1723,0,2574,43,0,Chip ,Bills,205.92,0
711102858,Blue,300,0,109,2023-02-19,Week-8,Q1,2023,3137,860,1618,34,0.274,Swipe ,Bills,275.06,0
711108408,Blue,125,1,134,2023-02-19,Week-8,Q1,2023,17540,1337,14244,96,0.076,Swipe ,Food,2991.24,0
711109908,Blue,100,0,98,2023-02-19,Week-8,Q1,2023,9684,2475,1400,31,0.256,Swipe ,Travel,168,0
711110733,Silver,150,0,85,2023-02-19,Week-8,Q1,2023,16928,1519,3355,66,0.09,Chip ,Travel,771.65,0
711111633,Silver,460,0,112,2023-02-19,Week-8,Q1,2023,21681,0,3844,75,0,Online ,Entertainment,499.72,0
711112683,Blue,320,0,99,2023-02-19,Week-8,Q1,2023,3967,1568,1657,29,0.395,Swipe ,Travel,165.7,0
711113958,Blue,300,0,87,2023-02-19,Week-8,Q1,2023,1438.3,674,1717,31,0.469,Swipe ,Bills,429.25,0
711116133,Blue,365,1,120,2023-02-19,Week-8,Q1,2023,1838,0,2461,47,0,Chip ,Grocery,369.15,0
711117108,Silver,430,1,45,2023-02-19,Week-8,Q1,2023,32611,1718,3916,61,0.053,Swipe ,Food,1057.32,0
711118083,Blue,200,0,99,2023-02-19,Week-8,Q1,2023,2506,1784,4504,80,0.712,Swipe ,Bills,1216.08,0
711119358,Blue,465,0,90,2023-02-19,Week-8,Q1,2023,2014,896,2460,52,0.445,Swipe ,Entertainment,492,0
711120333,Blue,250,1,84,2023-02-19,Week-8,Q1,2023,7411,1341,4278,80,0.181,Chip ,Grocery,556.14,0
711122958,Blue,500,1,89,2023-02-19,Week-8,Q1,2023,1764,0,2105,57,0,Swipe ,Entertainment,126.3,0
711125358,Blue,295,0,103,2023-02-19,Week-8,Q1,2023,1765,1694,4803,72,0.96,Swipe ,Bills,528.33,0
711126483,Blue,175,0,82,2023-02-19,Week-8,Q1,2023,1438.3,599,5136,76,0.416,Chip ,Bills,1335.36,0
711128433,Blue,245,0,99,2023-02-19,Week-8,Q1,2023,10949,829,7685,91,0.076,Swipe ,Entertainment,1306.45,0
711129483,Blue,465,1,101,2023-02-19,Week-8,Q1,2023,14593,1504,3447,72,0.103,Swipe ,Grocery,379.17,0
711131958,Blue,190,1,139,2023-02-19,Week-8,Q1,2023,3743,881,4621,71,0.235,Chip ,Grocery,1247.67,0
711136008,Blue,100,1,156,2023-02-19,Week-8,Q1,2023,31560,1298,7641,93,0.041,Swipe ,Entertainment,687.69,0
711142308,Blue,125,1,100,2023-02-19,Week-8,Q1,2023,3091,0,2572,65,0,Swipe ,Entertainment,514.4,0
711144183,Blue,285,0,65,2023-02-19,Week-8,Q1,2023,2815,1848,2618,29,0.656,Chip ,Fuel,183.26,0
711145008,Blue,385,1,119,2023-02-19,Week-8,Q1,2023,5015,2053,1325,29,0.409,Swipe ,Bills,304.75,0
711146358,Blue,390,1,89,2023-02-19,Week-8,Q1,2023,3358,1758,1759,33,0.524,Swipe ,Entertainment,457.34,0
711147483,Blue,280,1,47,2023-02-19,Week-8,Q1,2023,8551,1067,1097,32,0.125,Swipe ,Bills,252.31,0
711148308,Blue,200,1,117,2023-02-19,Week-8,Q1,2023,9357,1285,4173,77,0.137,Chip ,Grocery,1126.71,0
711149133,Blue,245,1,118,2023-02-19,Week-8,Q1,2023,4377,2517,8759,74,0.575,Online ,Entertainment,1576.62,1
711150333,Blue,350,1,96,2023-02-19,Week-8,Q1,2023,2391,0,2857,40,0,Swipe ,Food,314.27,1
711151383,Blue,450,0,81,2023-02-19,Week-8,Q1,2023,2066,347,2157,37,0.168,Online ,Grocery,215.7,0
711152658,Silver,435,1,90,2023-02-19,Week-8,Q1,2023,34516,1635,7219,86,0.047,Swipe ,Food,866.28,0
711153783,Blue,175,1,95,2023-02-19,Week-8,Q1,2023,1438.3,541,4173,70,0.376,Swipe ,Entertainment,250.38,0
711154908,Blue,225,1,98,2023-02-19,Week-8,Q1,2023,1845,1076,4319,76,0.583,Chip ,Travel,388.71,0
711156858,Blue,200,1,87,2023-02-19,Week-8,Q1,2023,8297,2517,9819,74,0.303,Chip ,Travel,1374.66,0
711157833,Blue,125,1,60,2023-02-19,Week-8,Q1,2023,5108,1656,1631,41,0.324,Swipe ,Fuel,326.2,0
711159108,Blue,460,1,96,2023-02-19,Week-8,Q1,2023,7418,396,911,26,0.053,Swipe ,Bills,255.08,0
711160233,Blue,175,1,100,2023-02-19,Week-8,Q1,2023,12024,0,14551,105,0,Online ,Entertainment,3201.22,0
711161133,Blue,285,1,140,2023-02-19,Week-8,Q1,2023,6071,0,9338,59,0,Chip ,Fuel,1587.46,0
711164508,Silver,320,1,98,2023-02-19,Week-8,Q1,2023,34516,1163,3941,71,0.034,Swipe ,Bills,512.33,0
711167808,Blue,495,1,65,2023-02-19,Week-8,Q1,2023,18975,0,4803,65,0,Swipe ,Food,480.3,0
711173058,Blue,325,1,115,2023-02-19,Week-8,Q1,2023,5406,1782,1407,29,0.33,Swipe ,Bills,126.63,0
711173883,Blue,300,0,74,2023-02-19,Week-8,Q1,2023,1651,770,2516,54,0.466,Swipe ,Entertainment,427.72,0
711175083,Blue,345,1,78,2023-02-19,Week-8,Q1,2023,9110,0,2999,75,0,Chip ,Travel,329.89,0
711176133,Blue,195,1,102,2023-02-19,Week-8,Q1,2023,2295,1015,3366,82,0.442,Swipe ,Fuel,673.2,0
711178383,Blue,450,1,119,2023-02-19,Week-8,Q1,2023,30300,1166,4146,64,0.038,Online ,Food,1160.88,0
711181608,Blue,245,0,97,2023-02-19,Week-8,Q1,2023,1606,0,4129,68,0,Swipe ,Entertainment,990.96,0
711183558,Blue,450,1,79,2023-02-19,Week-8,Q1,2023,2221,1291,8618,98,0.581,Swipe ,Entertainment,1809.78,0
711184983,Blue,245,1,82,2023-02-19,Week-8,Q1,2023,11191,0,3839,73,0,Swipe ,Bills,575.85,0
711190233,Blue,415,0,93,2023-02-19,Week-8,Q1,2023,4549,990,13804,123,0.218,Chip ,Entertainment,2346.68,0
711191808,Gold,245,0,74,2023-02-19,Week-8,Q1,2023,34516,1793,4256,82,0.052,Swipe ,Grocery,851.2,0
711195558,Blue,200,0,107,2023-02-19,Week-8,Q1,2023,7251,1603,1300,36,0.221,Swipe ,Bills,130,0
711196458,Blue,335,1,113,2023-02-19,Week-8,Q1,2023,1621,580,1893,41,0.358,Swipe ,Bills,246.09,0
711197658,Blue,425,1,137,2023-02-19,Week-8,Q1,2023,2618,2026,4198,68,0.774,Chip ,Entertainment,587.72,0
711199008,Blue,125,0,72,2023-02-19,Week-8,Q1,2023,2919,2192,2399,57,0.751,Swipe ,Fuel,623.74,0
711199908,Blue,125,1,147,2023-02-19,Week-8,Q1,2023,2317,1232,3057,71,0.532,Chip ,Bills,397.41,1
711201108,Blue,150,0,135,2023-02-19,Week-8,Q1,2023,1653,0,2284,35,0,Swipe ,Entertainment,205.56,1
711203658,Blue,290,1,95,2023-02-19,Week-8,Q1,2023,2259,1346,7745,88,0.596,Swipe ,Grocery,1006.85,1
711204483,Blue,425,0,98,2023-02-19,Week-8,Q1,2023,2340,1930,781,15,0.825,Online ,Entertainment,132.77,1
711205758,Silver,430,0,115,2023-02-19,Week-8,Q1,2023,34516,0,2534,43,0,Swipe ,Entertainment,532.14,1
711206958,Blue,350,0,87,2023-02-19,Week-8,Q1,2023,2416,1305,4163,73,0.54,Chip ,Bills,1124.01,1
711208083,Blue,405,0,77,2023-02-19,Week-8,Q1,2023,2925,1447,4455,77,0.495,Chip ,Food,668.25,1
711210633,Blue,125,0,100,2023-02-19,Week-8,Q1,2023,1922,1124,8049,76,0.585,Swipe ,Grocery,1368.33,0
711213108,Blue,445,1,83,2023-02-19,Week-8,Q1,2023,34516,0,2305,60,0,Swipe ,Bills,322.7,0
711216933,Blue,405,1,81,2023-02-19,Week-8,Q1,2023,2190,1299,5026,77,0.593,Swipe ,Bills,1407.28,0
711219333,Blue,250,1,93,2023-02-19,Week-8,Q1,2023,7571,2264,2273,49,0.299,Swipe ,Bills,386.41,0
711220683,Blue,150,0,101,2023-02-19,Week-8,Q1,2023,11770,1813,3280,70,0.154,Online ,Entertainment,754.4,0
711221958,Blue,445,1,85,2023-02-19,Week-8,Q1,2023,2867,0,2646,41,0,Swipe ,Entertainment,343.98,0
711224733,Blue,460,0,82,2023-02-19,Week-8,Q1,2023,22382,0,695,10,0,Swipe ,Bills,97.3,0
711225933,Blue,415,0,97,2023-02-19,Week-8,Q1,2023,2265,1935,2306,61,0.854,Swipe ,Entertainment,368.96,0
711226758,Blue,245,1,132,2023-02-19,Week-8,Q1,2023,4002,1669,2024,53,0.417,Swipe ,Bills,323.84,0
711227883,Silver,250,1,102,2023-02-19,Week-8,Q1,2023,3624,1641,15824,121,0.453,Swipe ,Entertainment,2531.84,0
711231558,Blue,290,0,111,2023-02-19,Week-8,Q1,2023,8308,2517,1915,37,0.303,Swipe ,Bills,402.15,0
711232608,Blue,250,0,50,2023-02-19,Week-8,Q1,2023,1636,0,2235,35,0,Online ,Bills,156.45,0
711234783,Blue,245,0,84,2023-02-19,Week-8,Q1,2023,2020,0,2621,45,0,Swipe ,Entertainment,760.09,0
711237633,Blue,140,1,83,2023-02-19,Week-8,Q1,2023,1460,0,2329,36,0,Swipe ,Bills,628.83,0
711238908,Blue,100,1,113,2023-02-19,Week-8,Q1,2023,7699,1758,5103,62,0.228,Swipe ,Fuel,816.48,0
711240108,Blue,345,0,113,2023-02-19,Week-8,Q1,2023,13116,1225,4800,61,0.093,Chip ,Food,768,0
711242058,Blue,200,1,86,2023-02-19,Week-8,Q1,2023,11862,2517,643,16,0.212,Swipe ,Bills,115.74,0
711243108,Blue,225,0,106,2023-02-19,Week-8,Q1,2023,18964,2207,3835,78,0.116,Chip ,Entertainment,805.35,0
711245433,Blue,175,1,40,2023-02-19,Week-8,Q1,2023,2509,0,2281,41,0,Chip ,Grocery,250.91,0
711249858,Blue,175,1,106,2023-02-19,Week-8,Q1,2023,29890,0,3315,47,0,Swipe ,Fuel,464.1,0
711251133,Blue,420,0,85,2023-02-26,Week-9,Q1,2023,15326,0,2990,55,0,Swipe ,Grocery,538.2,0
711252258,Blue,250,1,86,2023-02-26,Week-9,Q1,2023,1572,985,4148,54,0.627,Swipe ,Grocery,1078.48,0
711253383,Blue,175,1,41,2023-02-26,Week-9,Q1,2023,4382,0,2446,34,0,Swipe ,Fuel,587.04,0
711255858,Blue,150,0,99,2023-02-26,Week-9,Q1,2023,8777,1668,4141,83,0.19,Chip ,Bills,496.92,0
711256908,Blue,450,0,161,2023-02-26,Week-9,Q1,2023,10331,957,3695,81,0.093,Swipe ,Grocery,849.85,0
711258108,Blue,100,1,115,2023-02-26,Week-9,Q1,2023,2821,2415,1419,36,0.856,Swipe ,Food,368.94,0
711263058,Blue,290,0,157,2023-02-26,Week-9,Q1,2023,2763,1879,4660,80,0.68,Swipe ,Bills,885.4,0
711264033,Blue,150,1,108,2023-02-26,Week-9,Q1,2023,4786,1516,4973,74,0.317,Swipe ,Food,1193.52,0
711267633,Blue,110,0,69,2023-02-26,Week-9,Q1,2023,4248,316,2271,36,0.074,Chip ,Fuel,476.91,0
711272058,Blue,200,1,66,2023-02-26,Week-9,Q1,2023,1622,972,4216,71,0.599,Swipe ,Grocery,590.24,0
711274458,Blue,410,1,96,2023-02-26,Week-9,Q1,2023,1438.3,0,2478,45,0,Swipe ,Bills,446.04,0
711275433,Blue,175,0,83,2023-02-26,Week-9,Q1,2023,18873,0,2021,38,0,Swipe ,Entertainment,303.15,0
711276933,Blue,125,1,85,2023-02-26,Week-9,Q1,2023,2030,1262,4851,84,0.622,Swipe ,Entertainment,1309.77,0
711278283,Blue,100,1,91,2023-02-26,Week-9,Q1,2023,8604,1075,4705,65,0.125,Chip ,Bills,799.85,0
711283008,Silver,460,0,138,2023-02-26,Week-9,Q1,2023,34516,0,16019,105,0,Chip ,Travel,1441.71,0
711285633,Blue,415,1,109,2023-02-26,Week-9,Q1,2023,2735,1769,3306,71,0.647,Swipe ,Grocery,859.56,0
711286533,Blue,95,1,144,2023-02-26,Week-9,Q1,2023,13448,0,5067,62,0,Chip ,Food,861.39,0
711287733,Blue,190,0,104,2023-02-26,Week-9,Q1,2023,4721,1289,3856,74,0.273,Swipe ,Bills,269.92,0
711288558,Blue,300,0,73,2023-02-26,Week-9,Q1,2023,2035,1174,4670,77,0.577,Swipe ,Entertainment,1120.8,0
711289533,Blue,100,0,92,2023-02-26,Week-9,Q1,2023,26710,1681,14043,117,0.063,Chip ,Travel,2106.45,0
711291558,Blue,330,1,141,2023-02-26,Week-9,Q1,2023,2464,0,2636,50,0,Swipe ,Entertainment,579.92,0
711294258,Blue,200,0,109,2023-02-26,Week-9,Q1,2023,2642,2377,4780,88,0.9,Chip ,Fuel,286.8,0
711296508,Blue,125,1,85,2023-02-26,Week-9,Q1,2023,2608,2455,4776,85,0.941,Swipe ,Fuel,859.68,0
711297483,Silver,345,1,95,2023-02-26,Week-9,Q1,2023,13878,2222,1658,38,0.16,Swipe ,Travel,149.22,0
711298458,Blue,150,1,137,2023-02-26,Week-9,Q1,2023,2190,0,2338,40,0,Swipe ,Bills,584.5,0
711302883,Blue,490,0,88,2023-02-26,Week-9,Q1,2023,2165,1392,4194,72,0.643,Swipe ,Entertainment,545.22,0
711305208,Blue,250,1,113,2023-02-26,Week-9,Q1,2023,14785,1088,4354,70,0.074,Chip ,Entertainment,304.78,0
711309033,Blue,475,0,110,2023-02-26,Week-9,Q1,2023,17298,2310,3663,65,0.134,Swipe ,Fuel,549.45,0
711310908,Blue,100,1,118,2023-02-26,Week-9,Q1,2023,2972,2160,2552,62,0.727,Swipe ,Entertainment,433.84,1
711311883,Silver,220,1,105,2023-02-26,Week-9,Q1,2023,13994,0,3299,63,0,Chip ,Fuel,494.85,1
711313158,Blue,280,0,66,2023-02-26,Week-9,Q1,2023,10721,0,4962,74,0,Chip ,Bills,843.54,1
711314058,Blue,455,0,73,2023-02-26,Week-9,Q1,2023,1687,1107,1670,17,0.656,Swipe ,Bills,133.6,1
711315783,Blue,420,1,91,2023-02-26,Week-9,Q1,2023,7451,683,2165,49,0.092,Swipe ,Fuel,324.75,1
711318033,Blue,450,1,94,2023-02-26,Week-9,Q1,2023,2926,0,1304,24,0,Swipe ,Bills,312.96,1
711320508,Blue,175,1,153,2023-02-26,Week-9,Q1,2023,3038,1410,1762,34,0.464,Swipe ,Entertainment,510.98,1
711323283,Blue,250,1,92,2023-02-26,Week-9,Q1,2023,2527,1030,2767,43,0.408,Swipe ,Bills,442.72,1
711325308,Blue,470,1,88,2023-02-26,Week-9,Q1,2023,9959,0,4859,64,0,Swipe ,Fuel,971.8,0
711326583,Blue,245,1,80,2023-02-26,Week-9,Q1,2023,3989,0,4274,68,0,Swipe ,Bills,427.4,0
711327558,Blue,280,1,102,2023-02-26,Week-9,Q1,2023,2801,1980,1600,45,0.707,Swipe ,Fuel,272,0
711328458,Gold,200,1,74,2023-02-26,Week-9,Q1,2023,34516,1341,13988,127,0.039,Swipe ,Food,2657.72,0
711329658,Blue,360,0,118,2023-02-26,Week-9,Q1,2023,9007,1965,1925,42,0.218,Swipe ,Grocery,288.75,0
711330408,Blue,290,1,94,2023-02-26,Week-9,Q1,2023,2939,1865,2077,47,0.635,Swipe ,Food,456.94,0
711332883,Blue,125,1,138,2023-02-26,Week-9,Q1,2023,7547,2477,5294,73,0.328,Swipe ,Food,1058.8,0
711333933,Blue,250,0,118,2023-02-26,Week-9,Q1,2023,3005,1660,4586,72,0.552,Online ,Grocery,642.04,0
711334983,Blue,345,0,76,2023-02-26,Week-9,Q1,2023,26229,0,2077,46,0,Swipe ,Entertainment,166.16,0
711336033,Blue,485,0,110,2023-02-26,Week-9,Q1,2023,7595,1032,4080,72,0.136,Chip ,Grocery,1183.2,0
711337158,Blue,220,1,74,2023-02-26,Week-9,Q1,2023,3059,2387,4774,81,0.78,Swipe ,Entertainment,668.36,0
711338058,Blue,150,1,104,2023-02-26,Week-9,Q1,2023,1438.3,1201,4851,86,0.835,Swipe ,Entertainment,630.63,0
711339258,Silver,250,0,82,2023-02-26,Week-9,Q1,2023,20176,2219,8255,86,0.11,Swipe ,Grocery,2146.3,0
711340233,Blue,320,0,119,2023-02-26,Week-9,Q1,2023,9216,2059,3630,78,0.223,Swipe ,Fuel,943.8,0
711341433,Blue,385,0,74,2023-02-26,Week-9,Q1,2023,3095,2010,3901,77,0.649,Chip ,Bills,858.22,0
711342483,Blue,355,0,96,2023-02-26,Week-9,Q1,2023,2418,1720,3896,58,0.711,Swipe ,Bills,311.68,0
711343233,Blue,325,0,106,2023-02-26,Week-9,Q1,2023,1438.3,1183,4551,65,0.822,Swipe ,Fuel,637.14,0
711345258,Blue,200,1,102,2023-02-26,Week-9,Q1,2023,5731,0,4751,85,0,Chip ,Bills,997.71,0
711346383,Blue,480,1,140,2023-02-26,Week-9,Q1,2023,34516,0,2804,70,0,Swipe ,Entertainment,308.44,0
711348033,Blue,340,1,93,2023-02-26,Week-9,Q1,2023,5435,1243,16202,117,0.229,Chip ,Bills,2106.26,0
711349083,Blue,150,0,117,2023-02-26,Week-9,Q1,2023,4012,0,2962,60,0,Swipe ,Entertainment,829.36,0
711350133,Blue,250,0,135,2023-02-26,Week-9,Q1,2023,13587,2374,4995,88,0.175,Swipe ,Entertainment,1098.9,0
711351108,Blue,245,0,118,2023-02-26,Week-9,Q1,2023,2608,1804,4671,61,0.692,Chip ,Grocery,280.26,0
711355908,Silver,370,1,93,2023-02-26,Week-9,Q1,2023,34516,941,12042,117,0.027,Chip ,Grocery,2167.56,0
711356733,Blue,300,0,108,2023-02-26,Week-9,Q1,2023,3883,847,4667,90,0.218,Swipe ,Bills,793.39,0
711357858,Blue,150,0,71,2023-02-26,Week-9,Q1,2023,7246,0,777,13,0,Swipe ,Entertainment,139.86,0
711359058,Blue,175,0,86,2023-02-26,Week-9,Q1,2023,3942,1711,4622,71,0.434,Chip ,Entertainment,1016.84,0
711360783,Gold,300,0,82,2023-02-26,Week-9,Q1,2023,4366,1870,15451,127,0.428,Swipe ,Entertainment,3399.22,0
711363258,Blue,250,0,92,2023-02-26,Week-9,Q1,2023,4821,0,4680,77,0,Online ,Fuel,748.8,0
711364233,Platinum,400,1,146,2023-02-26,Week-9,Q1,2023,34516,1559,8888,104,0.045,Swipe ,Grocery,2044.24,0
711365133,Blue,430,1,90,2023-02-26,Week-9,Q1,2023,2283,1470,5100,76,0.644,Swipe ,Grocery,408,0
711367308,Blue,320,1,120,2023-02-26,Week-9,Q1,2023,2186,1185,2614,67,0.542,Swipe ,Bills,601.22,0
711368283,Blue,150,1,115,2023-02-26,Week-9,Q1,2023,34516,1629,3448,53,0.047,Swipe ,Grocery,344.8,0
711370458,Gold,220,0,54,2023-02-26,Week-9,Q1,2023,15016,2016,7685,84,0.134,Swipe ,Food,2151.8,0
711371208,Blue,270,0,76,2023-02-26,Week-9,Q1,2023,6465,1863,4490,68,0.288,Chip ,Bills,987.8,0
711372258,Blue,350,1,81,2023-02-26,Week-9,Q1,2023,5042,1002,2897,62,0.199,Swipe ,Grocery,289.7,0
711374283,Blue,385,1,54,2023-02-26,Week-9,Q1,2023,24480,1923,1416,32,0.079,Swipe ,Bills,184.08,0
711375558,Blue,285,0,118,2023-02-26,Week-9,Q1,2023,3072,1734,4540,78,0.564,Swipe ,Bills,272.4,0
711377808,Blue,365,1,42,2023-02-26,Week-9,Q1,2023,21142,0,4360,66,0,Chip ,Fuel,1002.8,0
711379083,Blue,330,1,79,2023-02-26,Week-9,Q1,2023,2758,1429,5124,74,0.518,Online ,Bills,666.12,0
711381183,Blue,435,0,76,2023-02-26,Week-9,Q1,2023,1438.3,1141,4485,85,0.793,Swipe ,Bills,448.5,0
711382458,Blue,295,1,82,2023-02-26,Week-9,Q1,2023,1438.3,0,2389,49,0,Swipe ,Entertainment,692.81,0
711388458,Blue,445,1,87,2023-02-26,Week-9,Q1,2023,17072,1519,8591,99,0.089,Swipe ,Food,1116.83,0
711389358,Blue,385,0,56,2023-02-26,Week-9,Q1,2023,5791,2517,2516,64,0.435,Swipe ,Bills,478.04,0
711390333,Blue,495,1,149,2023-02-26,Week-9,Q1,2023,6526,489,2331,45,0.075,Chip ,Bills,582.75,0
711391308,Blue,150,1,112,2023-02-26,Week-9,Q1,2023,2168,1704,4584,92,0.786,Swipe ,Entertainment,320.88,0
711392508,Blue,405,1,81,2023-02-26,Week-9,Q1,2023,1438.3,0,4513,75,0,Swipe ,Grocery,586.69,0
711393483,Blue,100,0,91,2023-02-26,Week-9,Q1,2023,2432,0,4340,76,0,Chip ,Fuel,824.6,0
711396483,Blue,220,1,50,2023-02-26,Week-9,Q1,2023,6033,0,4505,74,0,Swipe ,Bills,1216.35,0
711397533,Blue,440,0,95,2023-02-26,Week-9,Q1,2023,5616,2410,3410,62,0.429,Chip ,Bills,647.9,0
711398433,Platinum,125,0,118,2023-02-26,Week-9,Q1,2023,16565,1200,16736,99,0.072,Swipe ,Travel,2510.4,0
711399408,Blue,150,1,66,2023-02-26,Week-9,Q1,2023,12373,0,2462,40,0,Swipe ,Grocery,393.92,0
711402333,Blue,495,0,101,2023-02-26,Week-9,Q1,2023,3235,797,1493,32,0.246,Swipe ,Travel,238.88,0
711403383,Blue,415,1,85,2023-02-26,Week-9,Q1,2023,2562,1968,2256,70,0.768,Swipe ,Travel,451.2,0
711405333,Blue,395,0,44,2023-02-26,Week-9,Q1,2023,6849,2126,1651,43,0.31,Swipe ,Fuel,264.16,0
711406758,Blue,410,0,171,2023-02-26,Week-9,Q1,2023,1667,0,4385,80,0,Chip ,Fuel,1008.55,0
711409833,Blue,100,0,97,2023-02-26,Week-9,Q1,2023,1830,650,4838,71,0.355,Chip ,Fuel,1064.36,0
711410958,Blue,245,0,139,2023-02-26,Week-9,Q1,2023,13452,2517,7582,69,0.187,Swipe ,Bills,758.2,0
711412533,Blue,350,0,160,2023-02-26,Week-9,Q1,2023,5492,1573,2416,45,0.286,Swipe ,Fuel,434.88,0
711416958,Blue,245,0,76,2023-02-26,Week-9,Q1,2023,5795,0,2322,65,0,Swipe ,Bills,139.32,0
711419133,Blue,375,1,104,2023-02-26,Week-9,Q1,2023,3057,1077,4449,77,0.352,Swipe ,Food,978.78,0
711420258,Blue,270,1,151,2023-02-26,Week-9,Q1,2023,1438.3,0,4432,71,0,Swipe ,Food,1285.28,0
711421233,Blue,355,0,112,2023-02-26,Week-9,Q1,2023,7119,1513,4969,84,0.213,Chip ,Fuel,447.21,0
711422358,Silver,300,1,108,2023-02-26,Week-9,Q1,2023,10531,2330,14955,118,0.221,Swipe ,Food,1794.6,0
711423558,Blue,300,0,111,2023-02-26,Week-9,Q1,2023,4606,0,4181,63,0,Chip ,Fuel,376.29,0
711426033,Blue,350,0,59,2023-02-26,Week-9,Q1,2023,11332,946,3806,65,0.083,Swipe ,Fuel,1103.74,0
711427458,Blue,175,1,80,2023-02-26,Week-9,Q1,2023,6273,978,1359,25,0.156,Swipe ,Bills,394.11,0
711428733,Blue,175,1,67,2023-02-26,Week-9,Q1,2023,3028,1339,4144,64,0.442,Swipe ,Travel,455.84,0
711430908,Blue,375,1,80,2023-02-26,Week-9,Q1,2023,1438.3,0,2153,35,0,Chip ,Food,473.66,0
711432258,Blue,125,0,59,2023-02-26,Week-9,Q1,2023,4178,0,7914,54,0,Online ,Fuel,1424.52,0
711433908,Blue,200,1,112,2023-02-26,Week-9,Q1,2023,9491,0,9061,51,0,Online ,Travel,2537.08,0
711436083,Blue,245,0,88,2023-02-26,Week-9,Q1,2023,2032,1003,2454,46,0.494,Swipe ,Bills,269.94,0
711436983,Silver,200,0,78,2023-02-26,Week-9,Q1,2023,34516,2517,8596,102,0.073,Swipe ,Grocery,1289.4,0
711438033,Blue,425,0,127,2023-02-26,Week-9,Q1,2023,1894,0,5750,73,0,Swipe ,Food,1495,0
711441333,Silver,460,1,42,2023-02-26,Week-9,Q1,2023,10514,1580,1229,27,0.15,Swipe ,Bills,184.35,0
711443808,Blue,355,0,114,2023-02-26,Week-9,Q1,2023,2695,1657,4068,53,0.615,Swipe ,Bills,406.8,0
711445233,Blue,150,0,78,2023-02-26,Week-9,Q1,2023,1438.3,0,4653,78,0,Swipe ,Bills,1302.84,0
711447783,Blue,360,1,77,2023-02-26,Week-9,Q1,2023,2375,1353,5000,76,0.57,Swipe ,Fuel,500,0
711448983,Blue,125,1,98,2023-02-26,Week-9,Q1,2023,2234,2024,2313,37,0.906,Swipe ,Food,323.82,0
711452583,Blue,125,1,91,2023-02-26,Week-9,Q1,2023,2778,2517,4575,60,0.906,Swipe ,Bills,869.25,0
711453783,Blue,385,0,103,2023-02-26,Week-9,Q1,2023,1966,1452,4666,74,0.739,Chip ,Fuel,419.94,0
711455133,Blue,350,1,105,2023-02-26,Week-9,Q1,2023,12948,1839,2481,42,0.142,Swipe ,Entertainment,645.06,0
711456108,Blue,490,1,119,2023-02-26,Week-9,Q1,2023,1438.3,819,2488,44,0.569,Swipe ,Bills,323.44,0
711458583,Silver,125,1,85,2023-02-26,Week-9,Q1,2023,34516,1349,8582,106,0.039,Swipe ,Fuel,1458.94,0
711459483,Blue,440,0,83,2023-02-26,Week-9,Q1,2023,2242,0,4845,66,0,Swipe ,Entertainment,1356.6,0
711460458,Blue,150,0,69,2023-02-26,Week-9,Q1,2023,10973,0,10583,75,0,Chip ,Travel,1904.94,0
711461658,Blue,125,1,92,2023-02-26,Week-9,Q1,2023,3291,1197,3228,82,0.364,Swipe ,Bills,742.44,0
711465333,Blue,480,0,114,2023-02-26,Week-9,Q1,2023,24250,0,12593,99,0,Swipe ,Food,1385.23,0
711466533,Blue,195,0,70,2023-02-26,Week-9,Q1,2023,3933,852,1489,45,0.217,Swipe ,Bills,416.92,0
711468708,Blue,470,1,72,2023-02-26,Week-9,Q1,2023,1438.3,0,1986,52,0,Chip ,Bills,575.94,0
711473058,Blue,250,1,90,2023-02-26,Week-9,Q1,2023,11651,1368,3870,64,0.117,Swipe ,Bills,387,0
711474333,Blue,245,0,67,2023-02-26,Week-9,Q1,2023,1614,0,1690,38,0,Swipe ,Fuel,236.6,0
711478233,Blue,385,0,131,2023-02-26,Week-9,Q1,2023,2652,2496,3691,58,0.941,Swipe ,Grocery,922.75,0
711480108,Blue,410,1,88,2023-02-26,Week-9,Q1,2023,5335,2145,1888,43,0.402,Swipe ,Travel,358.72,0
711481533,Blue,200,1,97,2023-02-26,Week-9,Q1,2023,5926,1251,1316,28,0.211,Swipe ,Travel,381.64,0
711487533,Blue,365,0,84,2023-02-26,Week-9,Q1,2023,1438.3,0,1687,38,0,Swipe ,Bills,404.88,0
711491283,Blue,380,0,64,2023-02-26,Week-9,Q1,2023,1975,1264,2959,63,0.64,Chip ,Grocery,532.62,0
711492258,Blue,200,1,115,2023-02-26,Week-9,Q1,2023,2021,1578,5298,71,0.781,Swipe ,Food,1536.42,0
711493158,Blue,375,1,156,2023-02-26,Week-9,Q1,2023,2801,2467,4926,90,0.881,Chip ,Grocery,689.64,0
711494208,Blue,340,0,99,2023-02-26,Week-9,Q1,2023,2846,1606,5092,86,0.564,Swipe ,Entertainment,458.28,0
711497283,Blue,220,0,91,2023-02-26,Week-9,Q1,2023,2708,1616,4237,87,0.597,Swipe ,Grocery,1143.99,0
711498258,Blue,245,1,73,2023-02-26,Week-9,Q1,2023,20311,1655,1266,34,0.081,Swipe ,Bills,341.82,0
711499158,Silver,220,0,67,2023-02-26,Week-9,Q1,2023,34516,733,3018,60,0.021,Swipe ,Bills,482.88,0
711502908,Blue,370,1,86,2023-02-26,Week-9,Q1,2023,7532,0,3550,68,0,Swipe ,Entertainment,248.5,0
711505308,Blue,425,0,119,2023-02-26,Week-9,Q1,2023,2636,1619,4727,83,0.614,Chip ,Entertainment,661.78,0
711507783,Blue,150,0,116,2023-02-26,Week-9,Q1,2023,1694,0,1930,41,0,Chip ,Entertainment,540.4,0
711508608,Blue,390,0,86,2023-02-26,Week-9,Q1,2023,3069,1482,4351,74,0.483,Chip ,Fuel,652.65,0
711509658,Blue,200,0,113,2023-02-26,Week-9,Q1,2023,11374,2517,1088,26,0.221,Swipe ,Fuel,184.96,0
711515433,Blue,200,0,122,2023-02-26,Week-9,Q1,2023,2850,2517,4320,85,0.883,Chip ,Fuel,432,0
711516783,Blue,435,0,145,2023-02-26,Week-9,Q1,2023,2155,1119,5441,91,0.519,Swipe ,Fuel,1360.25,0
711521958,Blue,420,0,95,2023-02-26,Week-9,Q1,2023,1588,1506,4660,68,0.948,Swipe ,Bills,466,0
711523533,Platinum,100,0,106,2023-02-26,Week-9,Q1,2023,17230,1805,14781,130,0.105,Swipe ,Grocery,1773.72,0
711525033,Blue,490,1,87,2023-02-26,Week-9,Q1,2023,3171,2179,1946,38,0.687,Swipe ,Travel,311.36,0
711526533,Blue,475,0,76,2023-02-26,Week-9,Q1,2023,16434,2104,1726,37,0.128,Swipe ,Bills,431.5,1
711527508,Blue,250,1,98,2023-02-26,Week-9,Q1,2023,8583,0,1794,31,0,Chip ,Entertainment,322.92,1
711529383,Blue,195,1,105,2023-02-26,Week-9,Q1,2023,6602,1224,3163,73,0.185,Online ,Fuel,379.56,1
711531858,Blue,450,0,55,2023-02-26,Week-9,Q1,2023,2447,1267,2132,37,0.518,Chip ,Entertainment,191.88,1
711533058,Blue,415,1,115,2023-02-26,Week-9,Q1,2023,3347,2240,5533,85,0.669,Swipe ,Entertainment,663.96,1
711534183,Blue,360,1,75,2023-02-26,Week-9,Q1,2023,28830,0,3533,57,0,Swipe ,Bills,918.58,1
711535158,Blue,275,1,68,2023-02-26,Week-9,Q1,2023,2197,461,1955,42,0.21,Chip ,Bills,566.95,1
711538758,Blue,440,0,72,2023-02-26,Week-9,Q1,2023,24657,633,1954,46,0.026,Swipe ,Bills,156.32,0
711540108,Blue,125,1,80,2023-02-26,Week-9,Q1,2023,1438.3,0,2316,48,0,Swipe ,Bills,648.48,0
711542358,Gold,440,1,105,2023-02-26,Week-9,Q1,2023,15987,1187,7471,88,0.074,Swipe ,Grocery,1793.04,0
711546333,Blue,490,1,96,2023-02-26,Week-9,Q1,2023,7958,1559,4962,72,0.196,Online ,Grocery,893.16,0
711549408,Blue,300,1,103,2023-02-26,Week-9,Q1,2023,1507,961,4126,90,0.638,Online ,Travel,907.72,0
711550983,Blue,175,0,110,2023-02-26,Week-9,Q1,2023,11343,1175,8313,107,0.104,Swipe ,Fuel,914.43,0
711551958,Blue,420,1,103,2023-02-26,Week-9,Q1,2023,1438.3,0,844,24,0,Swipe ,Bills,236.32,0
711553308,Blue,430,0,112,2023-02-26,Week-9,Q1,2023,1438.3,750,4542,88,0.521,Swipe ,Food,317.94,0
711555483,Blue,300,0,112,2023-02-26,Week-9,Q1,2023,8777,2517,4551,83,0.287,Online ,Fuel,364.08,0
711556533,Blue,415,0,80,2023-02-26,Week-9,Q1,2023,9851,0,1212,24,0,Swipe ,Fuel,266.64,0
711557508,Blue,395,0,83,2023-02-26,Week-9,Q1,2023,3532,764,4066,74,0.216,Chip ,Food,1179.14,0
711559008,Blue,445,1,103,2023-02-26,Week-9,Q1,2023,11642,1501,9137,92,0.129,Swipe ,Grocery,2375.62,0
711560058,Blue,410,0,171,2023-02-26,Week-9,Q1,2023,2465,1334,4806,83,0.541,Swipe ,Fuel,1297.62,0
711561108,Blue,125,0,56,2023-02-26,Week-9,Q1,2023,16335,892,2733,71,0.055,Swipe ,Fuel,464.61,0
711561933,Blue,365,0,107,2023-02-26,Week-9,Q1,2023,2201,1420,4256,70,0.645,Chip ,Grocery,510.72,0
711562833,Blue,125,1,81,2023-02-26,Week-9,Q1,2023,12634,0,717,18,0,Swipe ,Entertainment,57.36,0
711566208,Blue,365,0,68,2023-02-26,Week-9,Q1,2023,5023,1857,14111,98,0.37,Chip ,Grocery,846.66,0
711567333,Blue,300,0,117,2023-02-26,Week-9,Q1,2023,2834,1720,4581,70,0.607,Chip ,Entertainment,1145.25,0
711569433,Blue,175,1,138,2023-02-26,Week-9,Q1,2023,9648,1926,1083,22,0.2,Swipe ,Bills,140.79,0
711571383,Blue,270,0,114,2023-02-26,Week-9,Q1,2023,6118,1092,4434,81,0.178,Chip ,Food,753.78,0
711574008,Blue,250,0,67,2023-02-26,Week-9,Q1,2023,21390,0,2477,59,0,Swipe ,Entertainment,470.63,0
711575058,Blue,250,1,57,2023-02-26,Week-9,Q1,2023,2956,2411,1896,31,0.816,Swipe ,Travel,417.12,0
711577458,Blue,320,1,115,2023-02-26,Week-9,Q1,2023,3244,1855,8087,95,0.572,Swipe ,Bills,1051.31,0
711578658,Blue,395,1,140,2023-02-26,Week-9,Q1,2023,6380,2517,13945,97,0.395,Swipe ,Food,4044.05,0
711580908,Blue,280,0,93,2023-02-26,Week-9,Q1,2023,3028,2258,4119,81,0.746,Swipe ,Entertainment,782.61,0
711583458,Blue,490,0,80,2023-02-26,Week-9,Q1,2023,1438.3,0,4913,82,0,Swipe ,Entertainment,1031.73,0
711587433,Blue,245,0,106,2023-02-26,Week-9,Q1,2023,10714,2407,4328,71,0.225,Swipe ,Grocery,1211.84,0
711588708,Blue,250,1,100,2023-02-26,Week-9,Q1,2023,1438.3,458,1863,42,0.318,Chip ,Bills,353.97,0
711589758,Blue,445,0,103,2023-02-26,Week-9,Q1,2023,4162,1641,3967,75,0.394,Swipe ,Grocery,317.36,0
711593808,Blue,440,1,50,2023-02-26,Week-9,Q1,2023,1438.3,0,888,18,0,Swipe ,Bills,133.2,0
711594858,Blue,245,1,79,2023-02-26,Week-9,Q1,2023,2936,1297,4509,70,0.442,Swipe ,Fuel,1037.07,0
711595833,Blue,420,1,45,2023-02-26,Week-9,Q1,2023,9981,807,1456,30,0.081,Swipe ,Bills,291.2,0
711597183,Blue,245,1,49,2023-02-26,Week-9,Q1,2023,1452,0,4571,72,0,Chip ,Entertainment,1325.59,0
711598533,Blue,280,0,69,2023-02-26,Week-9,Q1,2023,4255,1729,3607,75,0.406,Swipe ,Fuel,757.47,0
711600033,Silver,200,0,164,2023-02-26,Week-9,Q1,2023,10729,0,14364,108,0,Chip ,Food,2010.96,0
711605208,Blue,450,0,79,2023-02-26,Week-9,Q1,2023,1438.3,0,1958,47,0,Swipe ,Food,509.08,0
711606558,Blue,125,0,116,2023-02-26,Week-9,Q1,2023,1909,866,4697,83,0.454,Chip ,Grocery,516.67,0
711607833,Blue,175,0,96,2023-02-26,Week-9,Q1,2023,2810,2384,4875,97,0.848,Chip ,Entertainment,1170,0
711608958,Blue,200,1,118,2023-02-26,Week-9,Q1,2023,2071,1035,4092,74,0.5,Swipe ,Bills,777.48,0
711613308,Blue,100,1,160,2023-03-05,Week-10,Q1,2023,2236,710,2562,38,0.318,Swipe ,Grocery,384.3,0
711614658,Blue,370,1,90,2023-03-05,Week-10,Q1,2023,2258,1338,2511,55,0.593,Swipe ,Fuel,175.77,0
711615933,Blue,245,0,98,2023-03-05,Week-10,Q1,2023,28170,1859,1013,28,0.066,Swipe ,Bills,283.64,0
711619608,Blue,480,0,102,2023-03-05,Week-10,Q1,2023,21630,0,4584,84,0,Chip ,Food,1100.16,0
711622683,Blue,325,1,69,2023-03-05,Week-10,Q1,2023,7712,1387,1597,39,0.18,Swipe ,Bills,415.22,0
711625683,Blue,495,1,95,2023-03-05,Week-10,Q1,2023,3104,862,2781,74,0.278,Swipe ,Entertainment,444.96,0
711626658,Blue,125,0,70,2023-03-05,Week-10,Q1,2023,1930,0,1971,45,0,Chip ,Fuel,315.36,0
711627558,Blue,150,1,67,2023-03-05,Week-10,Q1,2023,1625,912,3968,73,0.561,Chip ,Bills,1031.68,0
711628458,Blue,480,1,128,2023-03-05,Week-10,Q1,2023,8829,901,1902,45,0.102,Swipe ,Bills,266.28,0
711629733,Blue,410,1,82,2023-03-05,Week-10,Q1,2023,5371,1499,3282,66,0.279,Chip ,Food,754.86,0
711631158,Blue,395,1,87,2023-03-05,Week-10,Q1,2023,1438.3,869,4664,77,0.604,Swipe ,Bills,326.48,0
711634008,Blue,250,1,103,2023-03-05,Week-10,Q1,2023,5821,0,4591,70,0,Chip ,Entertainment,459.1,0
711635358,Blue,385,1,43,2023-03-05,Week-10,Q1,2023,7291,2517,2198,56,0.345,Swipe ,Entertainment,483.56,0
711636558,Blue,100,0,96,2023-03-05,Week-10,Q1,2023,2711,2073,1567,42,0.765,Swipe ,Travel,156.7,0
711637458,Blue,400,1,122,2023-03-05,Week-10,Q1,2023,2228,0,2523,45,0,Swipe ,Entertainment,504.6,0
711638658,Blue,245,1,153,2023-03-05,Week-10,Q1,2023,8650,1929,2878,63,0.223,Swipe ,Entertainment,546.82,0
711639708,Blue,225,1,101,2023-03-05,Week-10,Q1,2023,1438.3,0,1794,45,0,Swipe ,Grocery,287.04,0
711642108,Blue,300,1,123,2023-03-05,Week-10,Q1,2023,4016,917,2572,35,0.228,Swipe ,Fuel,720.16,0
711643458,Blue,455,0,80,2023-03-05,Week-10,Q1,2023,1438.3,0,1439,41,0,Swipe ,Bills,359.75,0
711644508,Blue,270,1,70,2023-03-05,Week-10,Q1,2023,12182,1136,2295,63,0.093,Online ,Bills,573.75,0
711646908,Blue,365,0,103,2023-03-05,Week-10,Q1,2023,7821,2517,2010,43,0.322,Chip ,Grocery,140.7,0
711647808,Blue,345,1,93,2023-03-05,Week-10,Q1,2023,2069,1028,4414,82,0.497,Swipe ,Bills,1280.06,0
711648708,Blue,285,1,111,2023-03-05,Week-10,Q1,2023,25666,756,4088,84,0.029,Swipe ,Travel,490.56,0
711649908,Blue,475,0,101,2023-03-05,Week-10,Q1,2023,1438.3,1055,4208,67,0.734,Chip ,Bills,1094.08,0
711654558,Blue,280,1,109,2023-03-05,Week-10,Q1,2023,2179,1632,4025,69,0.749,Chip ,Bills,805,0
711655683,Silver,345,1,119,2023-03-05,Week-10,Q1,2023,25991,0,2996,62,0,Chip ,Food,719.04,0
711657783,Blue,225,1,74,2023-03-05,Week-10,Q1,2023,1438.3,0,4617,67,0,Chip ,Bills,554.04,0
711658758,Blue,95,1,82,2023-03-05,Week-10,Q1,2023,2069,1101,7307,82,0.532,Swipe ,Food,1972.89,0
711659958,Blue,200,1,109,2023-03-05,Week-10,Q1,2023,2692,1869,1594,36,0.694,Swipe ,Entertainment,127.52,0
711663858,Gold,190,1,89,2023-03-05,Week-10,Q1,2023,20030,1204,15862,127,0.06,Chip ,Travel,4124.12,0
711666708,Blue,175,1,85,2023-03-05,Week-10,Q1,2023,2233,1790,2888,50,0.802,Online ,Fuel,808.64,0
711668283,Blue,290,1,75,2023-03-05,Week-10,Q1,2023,30948,2404,1511,35,0.078,Swipe ,Fuel,226.65,0
711669258,Blue,175,1,133,2023-03-05,Week-10,Q1,2023,3187,986,2381,47,0.309,Swipe ,Grocery,261.91,0
711670308,Blue,300,1,98,2023-03-05,Week-10,Q1,2023,6006,1576,3199,65,0.262,Swipe ,Grocery,319.9,0
711671058,Blue,220,1,71,2023-03-05,Week-10,Q1,2023,1438.3,0,2171,38,0,Online ,Entertainment,607.88,0
711673983,Blue,285,1,106,2023-03-05,Week-10,Q1,2023,18721,1568,4537,81,0.084,Chip ,Travel,544.44,0
711675108,Blue,175,0,100,2023-03-05,Week-10,Q1,2023,4075,2189,3956,71,0.537,Chip ,Entertainment,830.76,0
711676008,Blue,200,1,102,2023-03-05,Week-10,Q1,2023,2019,991,3603,59,0.491,Swipe ,Bills,900.75,0
711676908,Blue,250,0,97,2023-03-05,Week-10,Q1,2023,12605,1449,1870,56,0.115,Swipe ,Fuel,467.5,0
711679533,Blue,455,1,63,2023-03-05,Week-10,Q1,2023,5569,968,2600,60,0.174,Swipe ,Grocery,338,0
711683358,Blue,490,0,87,2023-03-05,Week-10,Q1,2023,3313,0,2135,44,0,Swipe ,Bills,128.1,0
711684408,Blue,290,1,127,2023-03-05,Week-10,Q1,2023,4935,1574,8527,84,0.319,Chip ,Entertainment,2131.75,0
711685758,Blue,125,1,109,2023-03-05,Week-10,Q1,2023,3334,1151,4791,101,0.345,Swipe ,Bills,1197.75,0
711686658,Silver,455,1,76,2023-03-05,Week-10,Q1,2023,34516,1417,16579,109,0.041,Chip ,Grocery,4144.75,0
711688158,Blue,200,1,88,2023-03-05,Week-10,Q1,2023,11760,2306,1498,49,0.196,Swipe ,Bills,344.54,0
711688983,Blue,125,1,97,2023-03-05,Week-10,Q1,2023,21382,1692,3060,66,0.079,Chip ,Grocery,795.6,0
711691608,Blue,425,1,136,2023-03-05,Week-10,Q1,2023,2881,2450,2450,49,0.85,Swipe ,Food,686,0
711692508,Blue,190,1,138,2023-03-05,Week-10,Q1,2023,1438.3,0,1154,22,0,Swipe ,Entertainment,230.8,0
711694083,Blue,375,0,165,2023-03-05,Week-10,Q1,2023,3030,1251,4724,71,0.413,Swipe ,Food,377.92,0
711697158,Blue,350,0,94,2023-03-05,Week-10,Q1,2023,1976,1311,1498,43,0.663,Swipe ,Bills,359.52,0
711699183,Blue,300,1,85,2023-03-05,Week-10,Q1,2023,7261,1079,3723,58,0.149,Swipe ,Fuel,595.68,0
711700158,Blue,100,0,79,2023-03-05,Week-10,Q1,2023,1580,620,4384,70,0.392,Chip ,Entertainment,394.56,0
711701058,Silver,125,0,104,2023-03-05,Week-10,Q1,2023,10973,1466,4892,94,0.134,Online ,Food,929.48,0
711701958,Blue,380,1,115,2023-03-05,Week-10,Q1,2023,11367,1999,4175,63,0.176,Swipe ,Fuel,584.5,0
711706458,Blue,400,1,77,2023-03-05,Week-10,Q1,2023,24134,1290,13311,110,0.053,Swipe ,Grocery,2928.42,1
711708408,Blue,150,1,97,2023-03-05,Week-10,Q1,2023,4798,0,3967,72,0,Swipe ,Entertainment,753.73,1
711709683,Blue,225,1,72,2023-03-05,Week-10,Q1,2023,3506,1405,1999,48,0.401,Online ,Bills,479.76,1
711711483,Blue,175,1,129,2023-03-05,Week-10,Q1,2023,2800,2448,1433,40,0.874,Swipe ,Entertainment,157.63,1
711712983,Blue,175,0,108,2023-03-05,Week-10,Q1,2023,15982,0,4503,80,0,Chip ,Fuel,900.6,1
711716133,Blue,465,1,73,2023-03-05,Week-10,Q1,2023,1585,1381,2360,40,0.871,Swipe ,Bills,212.4,1
711717258,Blue,325,0,110,2023-03-05,Week-10,Q1,2023,4036,1329,5315,82,0.329,Swipe ,Entertainment,1435.05,1
711720408,Platinum,125,0,120,2023-03-05,Week-10,Q1,2023,9070,1273,15211,129,0.14,Chip ,Food,1521.1,0
711721458,Blue,225,1,84,2023-03-05,Week-10,Q1,2023,1438.3,0,2329,43,0,Chip ,Grocery,675.41,0
711722808,Blue,100,1,95,2023-03-05,Week-10,Q1,2023,1483,0,2520,40,0,Swipe ,Bills,327.6,0
711724083,Blue,125,0,95,2023-03-05,Week-10,Q1,2023,1835,1647,1903,44,0.898,Swipe ,Grocery,551.87,0
711727083,Blue,175,1,50,2023-03-05,Week-10,Q1,2023,2833,1622,14341,101,0.573,Swipe ,Food,3585.25,0
711728208,Blue,405,0,99,2023-03-05,Week-10,Q1,2023,34516,0,4143,68,0,Swipe ,Fuel,1035.75,0
711733308,Blue,220,0,78,2023-03-05,Week-10,Q1,2023,1839,0,4930,91,0,Swipe ,Food,1232.5,0
711734508,Blue,250,1,96,2023-03-05,Week-10,Q1,2023,9959,1209,1584,28,0.121,Swipe ,Bills,126.72,0
711736083,Blue,425,1,91,2023-03-05,Week-10,Q1,2023,6769,274,4885,54,0.04,Swipe ,Entertainment,683.9,0
711738333,Blue,455,0,85,2023-03-05,Week-10,Q1,2023,7567,1776,2361,45,0.235,Swipe ,Fuel,188.88,0
711740508,Blue,250,1,88,2023-03-05,Week-10,Q1,2023,2661,1575,4615,82,0.592,Chip ,Bills,323.05,0
711741708,Blue,335,1,121,2023-03-05,Week-10,Q1,2023,7591,0,2302,42,0,Chip ,Fuel,483.42,0
711742758,Blue,295,1,87,2023-03-05,Week-10,Q1,2023,11508,0,5242,74,0,Swipe ,Food,471.78,0
711743883,Blue,280,1,165,2023-03-05,Week-10,Q1,2023,4026,0,1237,32,0,Swipe ,Travel,123.7,0
711745233,Blue,395,1,97,2023-03-05,Week-10,Q1,2023,13894,0,9351,69,0,Chip ,Travel,748.08,0
711746133,Blue,385,0,145,2023-03-05,Week-10,Q1,2023,32563,0,9220,81,0,Chip ,Food,829.8,0
711748983,Blue,190,1,66,2023-03-05,Week-10,Q1,2023,7906,1631,1946,45,0.206,Swipe ,Bills,214.06,0
711750183,Gold,245,1,118,2023-03-05,Week-10,Q1,2023,15987,1345,3640,56,0.084,Swipe ,Entertainment,618.8,0
711751533,Blue,465,1,88,2023-03-05,Week-10,Q1,2023,2447,1973,4784,75,0.806,Online ,Bills,287.04,0
711757383,Blue,245,0,89,2023-03-05,Week-10,Q1,2023,2240,0,1905,39,0,Swipe ,Bills,533.4,0
711762408,Blue,300,0,72,2023-03-05,Week-10,Q1,2023,2243,0,4023,63,0,Swipe ,Fuel,522.99,0
711764733,Silver,480,0,91,2023-03-05,Week-10,Q1,2023,19704,0,7766,81,0,Swipe ,Grocery,1320.22,0
711765708,Blue,225,1,91,2023-03-05,Week-10,Q1,2023,6690,1912,3875,60,0.286,Swipe ,Food,581.25,0
711766758,Blue,125,0,86,2023-03-05,Week-10,Q1,2023,1531,987,4373,67,0.645,Swipe ,Entertainment,262.38,0
711768858,Blue,430,0,97,2023-03-05,Week-10,Q1,2023,6514,2258,1383,20,0.347,Swipe ,Bills,318.09,0
711772008,Blue,245,0,119,2023-03-05,Week-10,Q1,2023,1890,666,1483,36,0.352,Swipe ,Entertainment,237.28,0
711772983,Blue,320,1,105,2023-03-05,Week-10,Q1,2023,1849,1293,4678,71,0.699,Swipe ,Bills,1029.16,0
711775383,Blue,375,1,52,2023-03-05,Week-10,Q1,2023,2466,0,4059,66,0,Swipe ,Entertainment,690.03,0
711776433,Blue,350,0,74,2023-03-05,Week-10,Q1,2023,23622,1153,2574,65,0.049,Swipe ,Entertainment,180.18,0
711777633,Blue,455,1,111,2023-03-05,Week-10,Q1,2023,5784,0,4173,80,0,Swipe ,Entertainment,1168.44,0
711780108,Blue,480,1,109,2023-03-05,Week-10,Q1,2023,4120,1578,4792,81,0.383,Online ,Bills,575.04,0
711781233,Blue,150,1,67,2023-03-05,Week-10,Q1,2023,1882,0,5221,87,0,Chip ,Bills,522.1,0
711782733,Blue,410,1,72,2023-03-05,Week-10,Q1,2023,3097,827,1390,24,0.267,Swipe ,Bills,361.4,0
711783483,Blue,150,1,149,2023-03-05,Week-10,Q1,2023,5162,984,3562,72,0.191,Swipe ,Entertainment,890.5,0
711784908,Blue,365,1,114,2023-03-05,Week-10,Q1,2023,3322,2517,3913,86,0.758,Swipe ,Entertainment,547.82,0
711786108,Blue,340,1,61,2023-03-05,Week-10,Q1,2023,7187,2014,1159,26,0.28,Swipe ,Travel,115.9,0
711787383,Blue,125,0,120,2023-03-05,Week-10,Q1,2023,1960,1428,3782,64,0.729,Swipe ,Fuel,264.74,0
711788583,Gold,95,1,102,2023-03-05,Week-10,Q1,2023,3466,1444,15075,124,0.417,Chip ,Travel,3768.75,0
711790308,Blue,250,1,109,2023-03-05,Week-10,Q1,2023,2223,632,2538,49,0.284,Swipe ,Grocery,532.98,0
711791583,Blue,175,0,56,2023-03-05,Week-10,Q1,2023,2317,0,884,19,0,Swipe ,Grocery,229.84,0
711792783,Blue,125,1,119,2023-03-05,Week-10,Q1,2023,2032,1195,4479,80,0.588,Swipe ,Fuel,1074.96,0
711794358,Blue,110,0,90,2023-03-05,Week-10,Q1,2023,21398,0,3119,53,0,Swipe ,Grocery,374.28,0
711795633,Blue,400,0,83,2023-03-05,Week-10,Q1,2023,3675,0,3798,53,0,Chip ,Fuel,873.54,0
711796683,Blue,490,1,98,2023-03-05,Week-10,Q1,2023,7398,1581,4311,73,0.214,Chip ,Grocery,258.66,0
711799458,Blue,445,0,117,2023-03-05,Week-10,Q1,2023,6507,1452,4544,89,0.223,Chip ,Entertainment,363.52,0
711800658,Blue,150,1,91,2023-03-05,Week-10,Q1,2023,2145,0,2465,42,0,Swipe ,Food,566.95,0
711801933,Blue,290,0,118,2023-03-05,Week-10,Q1,2023,1438.3,0,2092,42,0,Chip ,Fuel,271.96,0
711802758,Blue,175,1,114,2023-03-05,Week-10,Q1,2023,6128,1895,1700,42,0.309,Swipe ,Grocery,391,0
711807333,Blue,320,1,115,2023-03-05,Week-10,Q1,2023,1438.3,0,3948,84,0,Swipe ,Entertainment,1105.44,0
711808383,Blue,460,0,92,2023-03-05,Week-10,Q1,2023,6362,1709,4476,85,0.269,Swipe ,Entertainment,760.92,0
711809283,Blue,150,0,119,2023-03-05,Week-10,Q1,2023,1868,1515,2229,35,0.811,Swipe ,Bills,133.74,0
711813258,Gold,245,0,94,2023-03-05,Week-10,Q1,2023,34516,2022,13633,116,0.059,Swipe ,Food,2317.61,0
711814608,Silver,400,1,135,2023-03-05,Week-10,Q1,2023,19281,1805,15423,110,0.094,Online ,Food,2313.45,0
711816108,Blue,455,1,96,2023-03-05,Week-10,Q1,2023,18563,0,2395,45,0,Swipe ,Entertainment,598.75,0
711817158,Blue,290,1,92,2023-03-05,Week-10,Q1,2023,3143,1075,2510,57,0.342,Swipe ,Bills,351.4,0
711819708,Blue,470,0,89,2023-03-05,Week-10,Q1,2023,4734,2517,2275,55,0.532,Swipe ,Entertainment,136.5,0
711822933,Blue,400,0,117,2023-03-05,Week-10,Q1,2023,2985,1651,14187,103,0.553,Chip ,Food,1418.7,0
711824358,Blue,405,1,151,2023-03-05,Week-10,Q1,2023,3228,0,4524,70,0,Chip ,Grocery,271.44,0
711825558,Blue,190,1,80,2023-03-05,Week-10,Q1,2023,1518,1115,3595,65,0.735,Swipe ,Entertainment,215.7,0
711826983,Blue,150,1,83,2023-03-05,Week-10,Q1,2023,5822,0,3240,38,0,Swipe ,Food,874.8,0
711827958,Blue,245,1,53,2023-03-05,Week-10,Q1,2023,5100,1970,1032,26,0.386,Swipe ,Fuel,278.64,0
711830433,Blue,410,1,105,2023-03-05,Week-10,Q1,2023,7926,1051,7677,87,0.133,Online ,Fuel,460.62,0
711831558,Blue,330,1,88,2023-03-05,Week-10,Q1,2023,7184,1207,3244,58,0.168,Swipe ,Entertainment,940.76,0
711832533,Silver,440,0,50,2023-03-05,Week-10,Q1,2023,34516,1396,3748,62,0.04,Chip ,Bills,824.56,0
711833508,Blue,195,1,99,2023-03-05,Week-10,Q1,2023,1536,0,4643,89,0,Swipe ,Entertainment,417.87,0
711834708,Gold,175,1,93,2023-03-05,Week-10,Q1,2023,4047,1482,16191,102,0.366,Chip ,Food,2752.47,0
711835758,Blue,325,1,80,2023-03-05,Week-10,Q1,2023,34516,2099,1756,35,0.061,Swipe ,Grocery,122.92,0
711836733,Blue,415,1,120,2023-03-05,Week-10,Q1,2023,1438.3,0,1867,45,0,Swipe ,Travel,298.72,0
711838008,Blue,125,0,116,2023-03-05,Week-10,Q1,2023,6407,478,9322,77,0.075,Swipe ,Bills,2610.16,0
711840408,Blue,150,1,83,2023-03-05,Week-10,Q1,2023,2492,1424,1375,30,0.571,Swipe ,Food,110,0
711842508,Blue,455,0,68,2023-03-05,Week-10,Q1,2023,9303,1580,7825,87,0.17,Swipe ,Grocery,469.5,0
711843708,Blue,200,1,86,2023-03-05,Week-10,Q1,2023,2125,0,2860,38,0,Swipe ,Fuel,657.8,0
711844758,Blue,410,1,120,2023-03-05,Week-10,Q1,2023,13551,1294,1388,37,0.095,Swipe ,Bills,305.36,0
711846183,Blue,335,1,118,2023-03-05,Week-10,Q1,2023,2669,0,2271,31,0,Swipe ,Bills,613.17,0
711847833,Blue,340,1,103,2023-03-05,Week-10,Q1,2023,1933,1127,4833,71,0.583,Swipe ,Fuel,869.94,0
711848658,Blue,395,1,84,2023-03-05,Week-10,Q1,2023,2259,1776,1790,31,0.786,Swipe ,Bills,393.8,0
711850533,Blue,420,1,76,2023-03-05,Week-10,Q1,2023,3818,0,4272,71,0,Chip ,Bills,341.76,0
711851583,Blue,335,1,86,2023-03-05,Week-10,Q1,2023,8220,1015,4794,77,0.123,Swipe ,Entertainment,1246.44,0
711852783,Blue,410,0,90,2023-03-05,Week-10,Q1,2023,5746,1572,3446,56,0.274,Swipe ,Bills,482.44,0
711854808,Blue,245,0,86,2023-03-05,Week-10,Q1,2023,34516,0,4734,57,0,Swipe ,Fuel,852.12,0
711856683,Blue,200,0,105,2023-03-05,Week-10,Q1,2023,1590,1273,7352,80,0.801,Swipe ,Entertainment,441.12,0
711857733,Blue,455,0,115,2023-03-05,Week-10,Q1,2023,18584,2517,1330,34,0.135,Swipe ,Bills,359.1,0
711861258,Blue,300,1,81,2023-03-05,Week-10,Q1,2023,4182,0,4046,57,0,Swipe ,Entertainment,1132.88,0
711862533,Blue,460,1,92,2023-03-05,Week-10,Q1,2023,2258,2000,2500,42,0.886,Swipe ,Grocery,500,0
711863433,Blue,290,1,104,2023-03-05,Week-10,Q1,2023,3789,1782,15670,116,0.47,Chip ,Food,4230.9,0
711864783,Blue,435,0,88,2023-03-05,Week-10,Q1,2023,2201,1138,1199,32,0.517,Swipe ,Bills,239.8,0
711866358,Blue,175,0,85,2023-03-05,Week-10,Q1,2023,10136,0,4429,78,0,Swipe ,Entertainment,265.74,0
711870333,Blue,350,1,94,2023-03-05,Week-10,Q1,2023,34516,1597,1628,51,0.046,Swipe ,Bills,293.04,0
711871758,Blue,225,1,101,2023-03-05,Week-10,Q1,2023,2905,2517,2487,39,0.866,Chip ,Grocery,373.05,0
711873033,Blue,440,0,121,2023-03-05,Week-10,Q1,2023,1438.3,0,2549,56,0,Swipe ,Bills,407.84,0
711873858,Blue,350,1,78,2023-03-05,Week-10,Q1,2023,3717,1882,4667,91,0.506,Swipe ,Fuel,1306.76,0
711874833,Blue,200,0,119,2023-03-05,Week-10,Q1,2023,2449,0,5497,88,0,Online ,Entertainment,1099.4,0
711876333,Blue,250,0,58,2023-03-05,Week-10,Q1,2023,7290,2151,1312,29,0.295,Swipe ,Food,91.84,0
711877458,Blue,395,1,78,2023-03-05,Week-10,Q1,2023,1936,0,4072,72,0,Chip ,Food,895.84,0
711878733,Blue,420,1,104,2023-03-05,Week-10,Q1,2023,10264,2073,1685,45,0.202,Swipe ,Entertainment,219.05,0
711879633,Blue,125,0,49,2023-03-05,Week-10,Q1,2023,2766,1985,4480,70,0.718,Chip ,Bills,1254.4,0
711881733,Blue,200,0,79,2023-03-05,Week-10,Q1,2023,1606,0,4548,76,0,Chip ,Bills,1046.04,0
711883833,Blue,100,1,158,2023-03-05,Week-10,Q1,2023,1837,665,4752,88,0.362,Chip ,Entertainment,950.4,0
711885258,Blue,280,1,105,2023-03-05,Week-10,Q1,2023,7711,988,2078,42,0.128,Swipe ,Entertainment,187.02,0
711886383,Blue,300,1,114,2023-03-05,Week-10,Q1,2023,5342,605,2426,46,0.113,Swipe ,Entertainment,460.94,0
711887583,Blue,445,0,133,2023-03-05,Week-10,Q1,2023,5449,1628,836,18,0.299,Online ,Bills,183.92,0
711890808,Blue,200,1,70,2023-03-05,Week-10,Q1,2023,2526,2048,4267,72,0.811,Swipe ,Fuel,1066.75,0
711891933,Blue,295,1,85,2023-03-05,Week-10,Q1,2023,12945,1582,3369,59,0.122,Swipe ,Grocery,370.59,0
711893358,Blue,330,1,95,2023-03-05,Week-10,Q1,2023,2375,1196,4087,66,0.504,Chip ,Entertainment,940.01,0
711900033,Blue,250,1,106,2023-03-05,Week-10,Q1,2023,4661,1734,5242,81,0.372,Swipe ,Grocery,733.88,0
711902058,Blue,245,0,81,2023-03-05,Week-10,Q1,2023,1438.3,0,2492,55,0,Swipe ,Entertainment,523.32,0
711904008,Blue,250,1,162,2023-03-05,Week-10,Q1,2023,5869,0,2203,41,0,Online ,Food,594.81,0
711906033,Blue,150,1,90,2023-03-05,Week-10,Q1,2023,6182,1131,3546,63,0.183,Swipe ,Fuel,815.58,0
711907083,Blue,420,1,86,2023-03-05,Week-10,Q1,2023,14111,1034,2950,64,0.073,Online ,Bills,708,0
711909933,Blue,415,0,114,2023-03-05,Week-10,Q1,2023,1621,618,4815,83,0.381,Swipe ,Bills,337.05,0
711913833,Blue,200,0,40,2023-03-05,Week-10,Q1,2023,8818,1437,1865,31,0.163,Swipe ,Bills,167.85,0
711916533,Blue,100,1,65,2023-03-05,Week-10,Q1,2023,5612,1884,4734,83,0.336,Chip ,Fuel,994.14,0
711918033,Blue,300,1,106,2023-03-05,Week-10,Q1,2023,1468,1074,2050,32,0.732,Chip ,Grocery,328,0
711919608,Blue,125,1,136,2023-03-05,Week-10,Q1,2023,2031,1720,2702,32,0.847,Swipe ,Fuel,324.24,0
711922158,Blue,335,0,119,2023-03-05,Week-10,Q1,2023,1860,0,5109,62,0,Swipe ,Grocery,306.54,1
711925608,Blue,250,1,86,2023-03-05,Week-10,Q1,2023,18274,1623,3886,81,0.089,Chip ,Grocery,738.34,1
711927108,Blue,110,1,66,2023-03-05,Week-10,Q1,2023,9457,350,1196,28,0.037,Swipe ,Bills,107.64,1
711929058,Blue,245,1,105,2023-03-05,Week-10,Q1,2023,25618,1209,2157,49,0.047,Swipe ,Fuel,323.55,1
711934308,Blue,125,0,118,2023-03-05,Week-10,Q1,2023,1705,0,3342,62,0,Swipe ,Food,434.46,1
711935283,Blue,320,1,95,2023-03-05,Week-10,Q1,2023,1438.3,0,1427,36,0,Online ,Entertainment,356.75,1
711937158,Blue,95,1,73,2023-03-05,Week-10,Q1,2023,2501,0,4837,87,0,Chip ,Fuel,870.66,1
711939558,Blue,385,1,73,2023-03-05,Week-10,Q1,2023,1534,0,2596,39,0,Chip ,Entertainment,752.84,0
711942783,Blue,460,1,66,2023-03-05,Week-10,Q1,2023,2354,1909,4048,61,0.811,Online ,Grocery,809.6,0
711944733,Blue,195,0,77,2023-03-05,Week-10,Q1,2023,1457,828,5401,93,0.568,Swipe ,Entertainment,540.1,0
711947358,Blue,485,0,107,2023-03-05,Week-10,Q1,2023,18991,1208,7716,83,0.064,Swipe ,Bills,1003.08,0
711948333,Blue,250,1,104,2023-03-05,Week-10,Q1,2023,9247,710,1190,30,0.077,Swipe ,Bills,249.9,0
711949683,Blue,490,1,121,2023-03-05,Week-10,Q1,2023,4410,2517,1883,44,0.571,Online ,Bills,320.11,0
711953358,Blue,460,1,100,2023-03-05,Week-10,Q1,2023,6205,2264,4605,88,0.365,Swipe ,Food,552.6,0
711954558,Blue,100,1,84,2023-03-05,Week-10,Q1,2023,2636,2357,1333,34,0.894,Swipe ,Fuel,213.28,0
711957708,Blue,245,1,78,2023-03-05,Week-10,Q1,2023,2717,1591,2064,33,0.586,Swipe ,Entertainment,144.48,0
711963183,Blue,335,1,122,2023-03-05,Week-10,Q1,2023,5128,0,7588,98,0,Swipe ,Grocery,607.04,0
711964533,Blue,175,1,86,2023-03-05,Week-10,Q1,2023,6111,2517,4155,68,0.412,Swipe ,Fuel,498.6,0
711967158,Blue,200,1,116,2023-03-05,Week-10,Q1,2023,2211,1370,4359,79,0.62,Chip ,Travel,348.72,0
711968358,Blue,245,0,92,2023-03-05,Week-10,Q1,2023,2638,1423,4153,77,0.539,Swipe ,Food,872.13,0
711970533,Blue,200,0,123,2023-03-12,Week-11,Q1,2023,1491,1349,4365,71,0.905,Chip ,Bills,436.5,0
711977508,Blue,190,1,112,2023-03-12,Week-11,Q1,2023,1440,1211,2141,40,0.841,Chip ,Bills,428.2,0
711978858,Blue,330,1,114,2023-03-12,Week-11,Q1,2023,6834,900,4422,70,0.132,Swipe ,Entertainment,265.32,0
711982383,Blue,390,0,164,2023-03-12,Week-11,Q1,2023,21805,1777,4694,79,0.081,Online ,Grocery,281.64,0
711984633,Blue,150,0,111,2023-03-12,Week-11,Q1,2023,2328,1953,4373,89,0.839,Swipe ,Food,262.38,0
711985833,Blue,250,1,111,2023-03-12,Week-11,Q1,2023,2569,1605,1190,46,0.625,Swipe ,Bills,285.6,0
711989358,Blue,465,1,126,2023-03-12,Week-11,Q1,2023,19595,1187,3811,62,0.061,Swipe ,Entertainment,342.99,0
711990933,Blue,385,0,40,2023-03-12,Week-11,Q1,2023,2295,0,3292,62,0,Swipe ,Bills,823,0
711992133,Blue,125,1,84,2023-03-12,Week-11,Q1,2023,2596,868,4801,72,0.334,Swipe ,Bills,1008.21,0
711993258,Blue,250,0,89,2023-03-12,Week-11,Q1,2023,8264,2057,4240,73,0.249,Chip ,Entertainment,296.8,0
711994458,Blue,345,0,73,2023-03-12,Week-11,Q1,2023,1537,0,4234,75,0,Swipe ,Grocery,508.08,0
711999783,Blue,395,1,114,2023-03-12,Week-11,Q1,2023,4740,1348,1406,23,0.284,Swipe ,Bills,224.96,0
712000758,Silver,465,1,65,2023-03-12,Week-11,Q1,2023,34516,1959,3997,54,0.057,Swipe ,Fuel,959.28,0
712003083,Blue,475,0,78,2023-03-12,Week-11,Q1,2023,34516,2102,1612,33,0.061,Swipe ,Travel,274.04,0
712004208,Blue,250,0,78,2023-03-12,Week-11,Q1,2023,3422,0,1973,59,0,Swipe ,Bills,177.57,0
712005108,Silver,450,1,48,2023-03-12,Week-11,Q1,2023,3156,2155,1376,44,0.683,Swipe ,Grocery,302.72,0
712006308,Blue,100,1,108,2023-03-12,Week-11,Q1,2023,5923,1686,1236,35,0.285,Swipe ,Bills,333.72,0
712009083,Blue,200,0,119,2023-03-12,Week-11,Q1,2023,8290,1030,8980,93,0.124,Online ,Food,1347,0
712010358,Blue,150,1,44,2023-03-12,Week-11,Q1,2023,3999,0,7567,76,0,Swipe ,Food,529.69,0
712011633,Blue,325,0,75,2023-03-12,Week-11,Q1,2023,2797,850,3652,64,0.304,Swipe ,Grocery,1059.08,0
712012758,Blue,325,1,138,2023-03-12,Week-11,Q1,2023,2189,1860,4195,81,0.85,Swipe ,Entertainment,964.85,0
712013808,Blue,435,0,93,2023-03-12,Week-11,Q1,2023,2717,1720,4196,71,0.633,Swipe ,Grocery,755.28,0
712014708,Blue,300,0,98,2023-03-12,Week-11,Q1,2023,2912,1501,4518,90,0.515,Chip ,Fuel,496.98,0
712018233,Blue,200,0,79,2023-03-12,Week-11,Q1,2023,16612,2517,4697,94,0.152,Chip ,Food,1127.28,0
712019883,Blue,435,1,78,2023-03-12,Week-11,Q1,2023,12778,1528,3337,69,0.12,Swipe ,Grocery,333.7,0
712021233,Blue,495,0,118,2023-03-12,Week-11,Q1,2023,23399,0,9356,74,0,Swipe ,Grocery,748.48,0
712022883,Blue,100,1,110,2023-03-12,Week-11,Q1,2023,2204,919,4555,82,0.417,Chip ,Grocery,865.45,0
712024908,Blue,125,0,73,2023-03-12,Week-11,Q1,2023,2641,1257,1439,39,0.476,Swipe ,Bills,187.07,0
712025958,Silver,220,0,83,2023-03-12,Week-11,Q1,2023,34516,1420,14672,110,0.041,Swipe ,Bills,4254.88,0
712027683,Blue,270,0,119,2023-03-12,Week-11,Q1,2023,5544,1184,1336,38,0.214,Swipe ,Bills,280.56,0
712029783,Silver,400,1,114,2023-03-12,Week-11,Q1,2023,34516,2253,7836,93,0.065,Swipe ,Food,548.52,0
712030833,Silver,425,0,164,2023-03-12,Week-11,Q1,2023,34516,0,691,15,0,Swipe ,Travel,89.83,0
712033833,Blue,490,1,80,2023-03-12,Week-11,Q1,2023,1874,1341,3899,70,0.716,Online ,Fuel,1130.71,0
712036383,Blue,125,1,111,2023-03-12,Week-11,Q1,2023,18418,0,9980,68,0,Chip ,Travel,1696.6,0
712037358,Blue,340,1,75,2023-03-12,Week-11,Q1,2023,5146,1773,1509,45,0.345,Swipe ,Entertainment,301.8,0
712038258,Blue,250,1,91,2023-03-12,Week-11,Q1,2023,32838,1717,2538,42,0.052,Chip ,Grocery,228.42,0
712040433,Blue,415,1,62,2023-03-12,Week-11,Q1,2023,2306,2200,2097,57,0.954,Swipe ,Fuel,587.16,0
712043433,Blue,420,1,104,2023-03-12,Week-11,Q1,2023,11329,1180,1213,33,0.104,Swipe ,Fuel,72.78,0
712044558,Silver,465,1,72,2023-03-12,Week-11,Q1,2023,14563,1309,6408,70,0.09,Swipe ,Food,961.2,0
712046808,Blue,445,0,159,2023-03-12,Week-11,Q1,2023,3802,1558,2003,43,0.41,Swipe ,Fuel,280.42,0
712048008,Blue,480,1,112,2023-03-12,Week-11,Q1,2023,2610,1988,4127,69,0.762,Chip ,Food,371.43,0
712049208,Blue,370,1,130,2023-03-12,Week-11,Q1,2023,3955,2517,1238,25,0.636,Swipe ,Travel,74.28,0
712050933,Blue,300,1,90,2023-03-12,Week-11,Q1,2023,25190,0,1533,41,0,Online ,Entertainment,337.26,0
712052058,Blue,250,1,90,2023-03-12,Week-11,Q1,2023,9426,1574,4212,75,0.167,Swipe ,Entertainment,758.16,0
712053033,Blue,470,0,87,2023-03-12,Week-11,Q1,2023,3841,1411,8444,81,0.367,Swipe ,Entertainment,759.96,0
712055433,Blue,200,0,107,2023-03-12,Week-11,Q1,2023,3600,2072,14137,116,0.576,Swipe ,Fuel,4099.73,0
712058133,Blue,380,1,81,2023-03-12,Week-11,Q1,2023,2274,708,7735,74,0.311,Swipe ,Food,696.15,0
712058958,Blue,360,0,83,2023-03-12,Week-11,Q1,2023,3480,0,2744,75,0,Online ,Travel,192.08,0
712060158,Blue,430,1,120,2023-03-12,Week-11,Q1,2023,2598,1645,2483,59,0.633,Swipe ,Bills,670.41,0
712064358,Blue,300,0,100,2023-03-12,Week-11,Q1,2023,2507,1544,1999,34,0.616,Swipe ,Fuel,499.75,0
712069008,Blue,150,0,67,2023-03-12,Week-11,Q1,2023,2260,1007,1614,33,0.446,Swipe ,Bills,306.66,0
712070208,Blue,125,0,112,2023-03-12,Week-11,Q1,2023,6673,2458,4141,82,0.368,Swipe ,Fuel,828.2,0
712071708,Blue,300,0,157,2023-03-12,Week-11,Q1,2023,2107,1351,1320,35,0.641,Swipe ,Grocery,277.2,0
712072908,Blue,430,0,71,2023-03-12,Week-11,Q1,2023,2852,736,1382,40,0.258,Swipe ,Bills,179.66,0
712075083,Blue,150,0,95,2023-03-12,Week-11,Q1,2023,6982,0,4830,50,0,Swipe ,Grocery,434.7,0
712076358,Blue,470,1,101,2023-03-12,Week-11,Q1,2023,5155,868,3535,57,0.168,Swipe ,Grocery,777.7,0
712080333,Blue,250,1,102,2023-03-12,Week-11,Q1,2023,3659,1381,16252,112,0.377,Chip ,Travel,1950.24,0
712084383,Blue,485,1,130,2023-03-12,Week-11,Q1,2023,7936,2081,4247,81,0.262,Swipe ,Grocery,1019.28,0
712085733,Blue,200,0,79,2023-03-12,Week-11,Q1,2023,34516,880,3491,64,0.025,Online ,Fuel,279.28,0
712089108,Blue,110,0,40,2023-03-12,Week-11,Q1,2023,28390,1141,4631,76,0.04,Chip ,Bills,833.58,0
712091433,Silver,175,0,87,2023-03-12,Week-11,Q1,2023,18431,902,2950,61,0.049,Swipe ,Entertainment,265.5,0
712092783,Blue,125,1,85,2023-03-12,Week-11,Q1,2023,2437,0,2027,42,0,Swipe ,Entertainment,385.13,0
712096758,Blue,200,1,86,2023-03-12,Week-11,Q1,2023,5370,653,4504,81,0.122,Swipe ,Grocery,675.6,0
712098033,Blue,125,0,97,2023-03-12,Week-11,Q1,2023,12621,912,4945,78,0.072,Swipe ,Bills,939.55,0
712102983,Blue,280,0,86,2023-03-12,Week-11,Q1,2023,1438.3,0,3832,87,0,Chip ,Bills,1111.28,0
712104333,Blue,415,0,92,2023-03-12,Week-11,Q1,2023,9149,1254,14401,100,0.137,Chip ,Bills,2304.16,0
712105533,Blue,245,1,151,2023-03-12,Week-11,Q1,2023,2235,1638,2905,56,0.733,Swipe ,Entertainment,726.25,0
712107783,Blue,225,1,75,2023-03-12,Week-11,Q1,2023,17350,1817,16132,118,0.105,Chip ,Bills,3710.36,0
712110333,Blue,100,0,50,2023-03-12,Week-11,Q1,2023,2179,0,2568,48,0,Online ,Entertainment,256.8,0
712111608,Blue,425,0,99,2023-03-12,Week-11,Q1,2023,1438.3,0,4919,72,0,Swipe ,Grocery,541.09,0
712112733,Blue,390,0,95,2023-03-12,Week-11,Q1,2023,9371,1541,2518,67,0.164,Swipe ,Bills,503.6,0
712113558,Blue,330,0,73,2023-03-12,Week-11,Q1,2023,24844,1273,6549,75,0.051,Swipe ,Entertainment,1702.74,0
712114458,Blue,275,1,108,2023-03-12,Week-11,Q1,2023,2960,1835,3941,64,0.62,Swipe ,Fuel,709.38,0
712115958,Blue,495,0,113,2023-03-12,Week-11,Q1,2023,2808,2264,3562,74,0.806,Online ,Grocery,748.02,0
712117983,Blue,200,0,66,2023-03-12,Week-11,Q1,2023,17285,1853,4787,60,0.107,Swipe ,Food,909.53,0
712120608,Blue,320,1,104,2023-03-12,Week-11,Q1,2023,3575,1884,861,15,0.527,Swipe ,Entertainment,189.42,0
712121508,Blue,110,1,68,2023-03-12,Week-11,Q1,2023,1438.3,0,5200,89,0,Swipe ,Fuel,312,0
712123008,Blue,395,1,63,2023-03-12,Week-11,Q1,2023,13381,1845,14532,116,0.138,Swipe ,Food,1743.84,0
712125258,Blue,250,1,77,2023-03-12,Week-11,Q1,2023,2442,0,701,19,0,Swipe ,Food,63.09,0
712128258,Silver,330,1,102,2023-03-12,Week-11,Q1,2023,13704,2127,15872,116,0.155,Chip ,Food,2856.96,0
712129158,Blue,110,0,85,2023-03-12,Week-11,Q1,2023,7997,1096,7747,104,0.137,Swipe ,Bills,542.29,1
712130058,Blue,390,1,115,2023-03-12,Week-11,Q1,2023,8075,317,2415,41,0.039,Swipe ,Fuel,700.35,1
712132383,Blue,150,1,75,2023-03-12,Week-11,Q1,2023,1876,861,5056,82,0.459,Swipe ,Food,353.92,1
712133508,Blue,245,1,119,2023-03-12,Week-11,Q1,2023,2577,1582,4734,75,0.614,Chip ,Bills,378.72,1
712136058,Blue,285,0,77,2023-03-12,Week-11,Q1,2023,8827,0,2643,50,0,Swipe ,Fuel,237.87,1
712137033,Blue,300,0,70,2023-03-12,Week-11,Q1,2023,2737,1719,4725,63,0.628,Swipe ,Grocery,1370.25,1
712138008,Blue,250,0,117,2023-03-12,Week-11,Q1,2023,2396,1663,4569,70,0.694,Swipe ,Fuel,548.28,1
712138983,Blue,200,0,78,2023-03-12,Week-11,Q1,2023,2947,2216,1744,53,0.752,Swipe ,Bills,296.48,1
712141683,Blue,475,1,96,2023-03-12,Week-11,Q1,2023,2944,753,3457,61,0.256,Swipe ,Grocery,864.25,0
712142733,Blue,245,1,64,2023-03-12,Week-11,Q1,2023,1910,1164,2028,39,0.609,Swipe ,Food,567.84,0
712144158,Blue,270,0,82,2023-03-12,Week-11,Q1,2023,2370,1166,2164,45,0.492,Swipe ,Grocery,454.44,0
712146558,Blue,410,0,110,2023-03-12,Week-11,Q1,2023,2364,1619,3230,65,0.685,Swipe ,Fuel,484.5,0
712149033,Blue,335,0,79,2023-03-12,Week-11,Q1,2023,5184,1856,1834,55,0.358,Swipe ,Bills,513.52,0
712152408,Gold,395,1,113,2023-03-12,Week-11,Q1,2023,34516,1930,12478,97,0.056,Swipe ,Food,1247.8,0
712154883,Blue,125,1,84,2023-03-12,Week-11,Q1,2023,2473,1745,4823,72,0.706,Swipe ,Entertainment,1109.29,0
712157958,Blue,365,1,159,2023-03-12,Week-11,Q1,2023,10908,0,4883,42,0,Swipe ,Grocery,1367.24,0
712159083,Blue,175,1,101,2023-03-12,Week-11,Q1,2023,2536,0,901,35,0,Swipe ,Bills,117.13,0
712160058,Blue,465,0,165,2023-03-12,Week-11,Q1,2023,1438.3,0,2146,44,0,Swipe ,Fuel,257.52,0
712161858,Blue,455,1,72,2023-03-12,Week-11,Q1,2023,1438.3,0,2244,54,0,Online ,Entertainment,605.88,0
712163433,Blue,295,1,77,2023-03-12,Week-11,Q1,2023,1684,644,2164,36,0.382,Swipe ,Food,346.24,0
712164333,Blue,300,1,69,2023-03-12,Week-11,Q1,2023,12544,1636,1758,51,0.13,Swipe ,Food,369.18,0
712165308,Blue,195,1,106,2023-03-12,Week-11,Q1,2023,7738,947,4255,61,0.122,Online ,Grocery,723.35,0
712166583,Blue,470,0,102,2023-03-12,Week-11,Q1,2023,4096,1468,3490,66,0.358,Swipe ,Bills,767.8,0
712168833,Blue,475,1,92,2023-03-12,Week-11,Q1,2023,2133,1469,1426,37,0.689,Swipe ,Bills,185.38,0
712169883,Blue,125,0,144,2023-03-12,Week-11,Q1,2023,13840,1079,4190,74,0.078,Swipe ,Travel,1131.3,0
712171158,Blue,470,0,72,2023-03-12,Week-11,Q1,2023,3124,0,4986,79,0,Swipe ,Bills,1146.78,0
712173108,Blue,385,1,71,2023-03-12,Week-11,Q1,2023,2447,1991,4228,82,0.814,Chip ,Food,591.92,0
712176708,Blue,325,0,109,2023-03-12,Week-11,Q1,2023,3747,2268,4609,87,0.605,Swipe ,Grocery,1060.07,0
712177908,Blue,425,0,94,2023-03-12,Week-11,Q1,2023,2446,1763,4310,75,0.721,Online ,Bills,948.2,0
712178883,Blue,455,1,48,2023-03-12,Week-11,Q1,2023,6371,1946,3592,79,0.305,Chip ,Entertainment,359.2,0
712180308,Blue,150,1,67,2023-03-12,Week-11,Q1,2023,27929,1898,14755,123,0.068,Swipe ,Bills,1475.5,0
712181658,Blue,485,0,105,2023-03-12,Week-11,Q1,2023,2407,1552,4983,86,0.645,Swipe ,Bills,1245.75,0
712184133,Blue,250,1,61,2023-03-12,Week-11,Q1,2023,2178,1408,5089,80,0.646,Swipe ,Food,763.35,0
712187808,Blue,415,0,69,2023-03-12,Week-11,Q1,2023,3682,0,1826,35,0,Swipe ,Entertainment,456.5,0
712189233,Blue,270,0,50,2023-03-12,Week-11,Q1,2023,5153,2517,3095,63,0.488,Swipe ,Entertainment,278.55,0
712190358,Blue,295,1,76,2023-03-12,Week-11,Q1,2023,1843,1802,5199,73,0.978,Swipe ,Grocery,1247.76,0
712191783,Gold,430,1,101,2023-03-12,Week-11,Q1,2023,34516,1634,7788,94,0.047,Swipe ,Bills,1635.48,0
712195383,Blue,445,1,68,2023-03-12,Week-11,Q1,2023,9178,1585,14932,110,0.173,Swipe ,Food,2837.08,0
712196508,Blue,125,1,45,2023-03-12,Week-11,Q1,2023,29543,1164,1015,27,0.039,Swipe ,Entertainment,81.2,0
712198983,Blue,335,1,46,2023-03-12,Week-11,Q1,2023,3258,0,3169,67,0,Swipe ,Fuel,633.8,0
712200033,Blue,450,0,90,2023-03-12,Week-11,Q1,2023,3024,0,4983,78,0,Swipe ,Bills,1395.24,0
712202433,Blue,445,1,100,2023-03-12,Week-11,Q1,2023,2283,1020,3687,68,0.447,Swipe ,Grocery,737.4,0
712203333,Blue,295,0,76,2023-03-12,Week-11,Q1,2023,7088,1750,4691,76,0.247,Swipe ,Food,750.56,0
712204308,Blue,420,1,63,2023-03-12,Week-11,Q1,2023,10023,504,2878,65,0.05,Swipe ,Fuel,777.06,0
712206033,Blue,285,1,108,2023-03-12,Week-11,Q1,2023,3705,1355,16089,119,0.366,Swipe ,Food,4665.81,0
712206858,Blue,340,1,64,2023-03-12,Week-11,Q1,2023,32964,2231,3094,45,0.068,Swipe ,Grocery,464.1,0
712207683,Blue,300,1,85,2023-03-12,Week-11,Q1,2023,5155,684,1555,37,0.133,Swipe ,Bills,342.1,0
712208658,Blue,415,1,69,2023-03-12,Week-11,Q1,2023,13165,1255,8126,95,0.095,Swipe ,Grocery,2194.02,0
712210458,Gold,150,1,103,2023-03-12,Week-11,Q1,2023,5639,1558,16628,109,0.276,Chip ,Travel,4323.28,0
712214283,Blue,245,0,88,2023-03-12,Week-11,Q1,2023,18295,0,4827,70,0,Swipe ,Bills,1303.29,0
712215258,Silver,100,1,91,2023-03-12,Week-11,Q1,2023,18386,0,1298,22,0,Swipe ,Bills,90.86,0
712216533,Blue,245,1,104,2023-03-12,Week-11,Q1,2023,8206,763,1715,43,0.093,Swipe ,Fuel,222.95,0
712219083,Blue,175,0,69,2023-03-12,Week-11,Q1,2023,7142,1917,7892,83,0.268,Swipe ,Food,947.04,0
712220283,Blue,420,1,78,2023-03-12,Week-11,Q1,2023,12222,0,4215,63,0,Swipe ,Food,590.1,0
712221408,Blue,370,1,110,2023-03-12,Week-11,Q1,2023,2654,1489,4767,82,0.561,Swipe ,Bills,1287.09,0
712222758,Blue,245,1,105,2023-03-12,Week-11,Q1,2023,2300,0,2500,47,0,Swipe ,Food,325,0
712225008,Blue,175,0,89,2023-03-12,Week-11,Q1,2023,6054,1103,3998,80,0.182,Online ,Grocery,959.52,0
712228458,Blue,340,1,87,2023-03-12,Week-11,Q1,2023,25645,1083,4302,63,0.042,Swipe ,Entertainment,731.34,0
712229283,Blue,375,0,111,2023-03-12,Week-11,Q1,2023,1438.3,0,2306,46,0,Chip ,Entertainment,161.42,0
712230408,Blue,300,0,88,2023-03-12,Week-11,Q1,2023,6953,1445,3700,80,0.208,Chip ,Fuel,666,0
712231308,Silver,295,1,114,2023-03-12,Week-11,Q1,2023,14002,1413,13849,128,0.101,Chip ,Grocery,4016.21,0
712233183,Blue,395,1,83,2023-03-12,Week-11,Q1,2023,4265,1622,3244,62,0.38,Swipe ,Fuel,681.24,0
712234308,Blue,335,1,87,2023-03-12,Week-11,Q1,2023,4928,1805,4767,90,0.366,Chip ,Bills,762.72,0
712235433,Blue,435,1,135,2023-03-12,Week-11,Q1,2023,2886,0,2326,50,0,Swipe ,Fuel,232.6,0
712236483,Gold,250,1,117,2023-03-12,Week-11,Q1,2023,15704,1991,4487,71,0.127,Swipe ,Fuel,314.09,0
712237458,Blue,495,0,103,2023-03-12,Week-11,Q1,2023,11629,802,3752,78,0.069,Chip ,Food,675.36,0
712238958,Blue,460,0,100,2023-03-12,Week-11,Q1,2023,7231,1047,15571,115,0.145,Swipe ,Fuel,934.26,0
712240083,Blue,245,0,103,2023-03-12,Week-11,Q1,2023,3730,2517,858,22,0.675,Swipe ,Entertainment,197.34,0
712241433,Blue,345,0,46,2023-03-12,Week-11,Q1,2023,1438.3,1003,4247,84,0.697,Chip ,Bills,254.82,0
712242633,Blue,200,0,147,2023-03-12,Week-11,Q1,2023,2677,2517,3911,76,0.94,Chip ,Grocery,547.54,0
712244733,Blue,125,1,130,2023-03-12,Week-11,Q1,2023,3132,2230,4412,73,0.712,Chip ,Food,838.28,0
712246983,Blue,325,0,90,2023-03-12,Week-11,Q1,2023,16748,2413,15338,121,0.144,Chip ,Travel,2607.46,0
712253058,Blue,250,1,95,2023-03-12,Week-11,Q1,2023,2097,1255,4189,83,0.598,Swipe ,Entertainment,754.02,0
712255458,Blue,380,1,128,2023-03-12,Week-11,Q1,2023,8418,2051,2879,63,0.244,Swipe ,Grocery,489.43,0
712256358,Blue,140,1,99,2023-03-12,Week-11,Q1,2023,22729,1581,13672,110,0.07,Swipe ,Bills,1777.36,0
712257258,Blue,150,1,76,2023-03-12,Week-11,Q1,2023,1457,0,1441,39,0,Chip ,Travel,216.15,0
712258308,Blue,485,0,117,2023-03-12,Week-11,Q1,2023,2755,1483,4394,75,0.538,Swipe ,Travel,1098.5,0
712260633,Blue,360,1,165,2023-03-12,Week-11,Q1,2023,26923,2461,13643,94,0.091,Chip ,Travel,1637.16,0
712263258,Blue,470,0,120,2023-03-12,Week-11,Q1,2023,2468,0,3371,62,0,Swipe ,Entertainment,202.26,0
712265508,Blue,340,0,138,2023-03-12,Week-11,Q1,2023,4015,0,8363,65,0,Swipe ,Food,1170.82,0
712266633,Blue,195,1,94,2023-03-12,Week-11,Q1,2023,14800,1020,8796,94,0.069,Swipe ,Entertainment,1055.52,0
712267983,Blue,300,0,76,2023-03-12,Week-11,Q1,2023,3023,2517,2477,42,0.833,Chip ,Bills,445.86,0
712268808,Silver,375,0,67,2023-03-12,Week-11,Q1,2023,34516,2443,8765,105,0.071,Swipe ,Bills,1577.7,0
712270158,Blue,405,0,42,2023-03-12,Week-11,Q1,2023,2052,1250,1208,31,0.609,Swipe ,Bills,157.04,0
712271958,Blue,275,0,81,2023-03-12,Week-11,Q1,2023,9782,1793,3672,75,0.183,Chip ,Travel,257.04,0
712275108,Blue,375,0,82,2023-03-12,Week-11,Q1,2023,5146,1618,1955,44,0.314,Swipe ,Bills,175.95,0
712278108,Blue,100,1,108,2023-03-12,Week-11,Q1,2023,1963,1112,4821,67,0.566,Swipe ,Grocery,530.31,0
712279683,Blue,300,0,103,2023-03-12,Week-11,Q1,2023,9114,0,2740,52,0,Swipe ,Bills,301.4,0
712281183,Blue,175,1,83,2023-03-12,Week-11,Q1,2023,24336,856,1425,33,0.035,Swipe ,Entertainment,256.5,0
712283808,Silver,150,0,114,2023-03-12,Week-11,Q1,2023,10062,1149,1964,44,0.114,Swipe ,Entertainment,432.08,0
712285908,Blue,395,1,100,2023-03-12,Week-11,Q1,2023,2481,1925,5228,73,0.776,Swipe ,Fuel,313.68,0
712287333,Blue,300,0,75,2023-03-12,Week-11,Q1,2023,34516,2055,4048,74,0.06,Swipe ,Bills,931.04,0
712288158,Blue,365,0,94,2023-03-12,Week-11,Q1,2023,4631,1991,2864,37,0.43,Swipe ,Travel,658.72,0
712290258,Blue,445,1,87,2023-03-12,Week-11,Q1,2023,2636,1840,4056,67,0.698,Chip ,Fuel,730.08,0
712291308,Blue,150,1,87,2023-03-12,Week-11,Q1,2023,2259,1721,1852,38,0.762,Swipe ,Bills,296.32,0
712292133,Blue,495,1,91,2023-03-12,Week-11,Q1,2023,2330,2294,2107,40,0.985,Chip ,Entertainment,189.63,0
712294083,Blue,250,0,96,2023-03-12,Week-11,Q1,2023,3778,0,2367,45,0,Swipe ,Fuel,189.36,0
712294983,Blue,445,0,108,2023-03-12,Week-11,Q1,2023,1947,1160,4496,71,0.596,Chip ,Travel,629.44,0
712296408,Gold,395,0,109,2023-03-12,Week-11,Q1,2023,12958,2273,15681,96,0.175,Chip ,Travel,2352.15,0
712297683,Blue,300,0,115,2023-03-12,Week-11,Q1,2023,1781,0,2196,35,0,Swipe ,Grocery,549,0
712298883,Blue,370,1,81,2023-03-12,Week-11,Q1,2023,1438.3,663,2987,73,0.461,Swipe ,Bills,746.75,0
712299858,Blue,490,0,100,2023-03-12,Week-11,Q1,2023,2077,1571,1365,38,0.756,Swipe ,Bills,150.15,0
712300683,Blue,435,1,80,2023-03-12,Week-11,Q1,2023,1438.3,0,4897,96,0,Swipe ,Bills,293.82,0
712302783,Blue,365,1,106,2023-03-12,Week-11,Q1,2023,2468,872,4426,76,0.353,Swipe ,Fuel,1283.54,0
712303908,Blue,250,0,81,2023-03-12,Week-11,Q1,2023,2633,1924,3407,66,0.731,Chip ,Grocery,851.75,0
712305333,Blue,420,1,114,2023-03-12,Week-11,Q1,2023,4386,2505,4064,65,0.571,Swipe ,Bills,772.16,0
712307283,Blue,150,1,120,2023-03-12,Week-11,Q1,2023,9090,2517,2239,43,0.277,Swipe ,Bills,358.24,0
712309758,Blue,300,1,94,2023-03-12,Week-11,Q1,2023,13921,1201,4351,75,0.086,Chip ,Entertainment,348.08,0
712311258,Blue,300,0,94,2023-03-12,Week-11,Q1,2023,1906,1259,4634,54,0.661,Swipe ,Entertainment,741.44,0
712312908,Blue,325,0,79,2023-03-12,Week-11,Q1,2023,2424,0,3890,66,0,Swipe ,Fuel,778,0
712315683,Blue,345,0,65,2023-03-12,Week-11,Q1,2023,1981,1518,973,25,0.766,Swipe ,Bills,136.22,0
712319058,Blue,95,1,106,2023-03-12,Week-11,Q1,2023,4671,1933,2468,58,0.414,Swipe ,Bills,666.36,0
712319958,Blue,405,0,72,2023-03-12,Week-11,Q1,2023,12154,2517,3853,71,0.207,Swipe ,Bills,385.3,0
712322058,Blue,175,0,103,2023-03-12,Week-11,Q1,2023,2046,1694,3432,49,0.828,Swipe ,Bills,274.56,0
712323183,Blue,300,1,113,2023-03-12,Week-11,Q1,2023,3224,0,3738,63,0,Swipe ,Fuel,598.08,0
712325433,Blue,300,0,100,2023-03-19,Week-12,Q1,2023,1493,792,4131,80,0.53,Chip ,Travel,537.03,0
712326708,Blue,455,0,110,2023-03-19,Week-12,Q1,2023,2552,2220,4437,61,0.87,Swipe ,Fuel,843.03,0
712327608,Blue,125,0,76,2023-03-19,Week-12,Q1,2023,2708,0,2321,45,0,Swipe ,Grocery,371.36,0
712329933,Blue,410,1,47,2023-03-19,Week-12,Q1,2023,3654,0,1998,44,0,Online ,Bills,239.76,0
712332183,Blue,125,1,112,2023-03-19,Week-12,Q1,2023,29535,895,3934,74,0.03,Chip ,Entertainment,314.72,0
712335858,Blue,300,0,66,2023-03-19,Week-12,Q1,2023,2620,2081,4867,67,0.794,Swipe ,Entertainment,438.03,0
712337208,Blue,200,1,83,2023-03-19,Week-12,Q1,2023,23731,1890,13647,93,0.08,Chip ,Travel,3548.22,0
712338033,Blue,365,1,116,2023-03-19,Week-12,Q1,2023,15982,1691,1687,40,0.106,Swipe ,Grocery,354.27,1
712340733,Blue,405,0,153,2023-03-19,Week-12,Q1,2023,19373,1142,1792,48,0.059,Swipe ,Bills,430.08,1
712341933,Gold,200,1,55,2023-03-19,Week-12,Q1,2023,34516,1662,13578,105,0.048,Swipe ,Fuel,3937.62,1
712342833,Blue,125,1,94,2023-03-19,Week-12,Q1,2023,5905,2248,4042,80,0.381,Chip ,Bills,929.66,1
712347258,Blue,300,0,86,2023-03-19,Week-12,Q1,2023,2209,0,4419,68,0,Chip ,Food,927.99,1
712349808,Blue,175,0,54,2023-03-19,Week-12,Q1,2023,12310,670,4176,76,0.054,Chip ,Food,292.32,0
712350858,Blue,270,0,81,2023-03-19,Week-12,Q1,2023,9366,1104,1303,39,0.118,Swipe ,Bills,156.36,0
712351908,Blue,280,0,93,2023-03-19,Week-12,Q1,2023,26438,1655,8029,81,0.063,Swipe ,Bills,1525.51,0
712361583,Silver,295,1,111,2023-03-19,Week-12,Q1,2023,34516,760,3756,67,0.022,Chip ,Fuel,563.4,0
712363158,Blue,150,0,125,2023-03-19,Week-12,Q1,2023,20101,1299,14732,115,0.065,Chip ,Entertainment,1473.2,0
712364283,Blue,280,0,71,2023-03-19,Week-12,Q1,2023,2222,1398,3960,79,0.629,Swipe ,Bills,1069.2,0
712365483,Blue,125,0,60,2023-03-19,Week-12,Q1,2023,9619,1731,3690,76,0.18,Chip ,Fuel,627.3,0
712367658,Blue,225,0,117,2023-03-19,Week-12,Q1,2023,22104,1783,13830,112,0.081,Swipe ,Food,1936.2,0
712369308,Blue,300,1,91,2023-03-19,Week-12,Q1,2023,3646,1047,1969,38,0.287,Chip ,Grocery,571.01,0
712370208,Blue,420,1,100,2023-03-19,Week-12,Q1,2023,17131,1213,1371,37,0.071,Swipe ,Bills,109.68,0
712372158,Blue,375,1,49,2023-03-19,Week-12,Q1,2023,34516,2086,1859,47,0.06,Swipe ,Bills,390.39,0
712373208,Blue,350,0,82,2023-03-19,Week-12,Q1,2023,3312,0,647,19,0,Swipe ,Bills,129.4,0
712374708,Blue,245,0,88,2023-03-19,Week-12,Q1,2023,23103,897,14049,120,0.039,Chip ,Travel,1966.86,0
712375758,Blue,245,1,53,2023-03-19,Week-12,Q1,2023,16393,1423,1461,42,0.087,Swipe ,Bills,336.03,0
712378983,Blue,395,1,117,2023-03-19,Week-12,Q1,2023,7570,965,2599,61,0.127,Swipe ,Food,467.82,0
712381683,Blue,470,1,69,2023-03-19,Week-12,Q1,2023,7469,837,8281,80,0.112,Swipe ,Fuel,1904.63,0
712389108,Blue,150,0,76,2023-03-19,Week-12,Q1,2023,2570,2107,4058,83,0.82,Swipe ,Food,1055.08,0
712390683,Blue,345,1,110,2023-03-19,Week-12,Q1,2023,13409,1255,15573,99,0.094,Chip ,Grocery,3893.25,0
712392108,Blue,440,1,166,2023-03-19,Week-12,Q1,2023,10305,691,1451,25,0.067,Swipe ,Bills,116.08,0
712394283,Blue,395,1,94,2023-03-19,Week-12,Q1,2023,1791,1314,5109,79,0.734,Online ,Bills,1277.25,0
712395408,Blue,95,1,79,2023-03-19,Week-12,Q1,2023,1495,691,2552,42,0.462,Swipe ,Fuel,204.16,0
712396908,Blue,175,1,100,2023-03-19,Week-12,Q1,2023,2436,680,1570,29,0.279,Swipe ,Bills,298.3,0
712399308,Blue,365,0,115,2023-03-19,Week-12,Q1,2023,2989,2387,2143,67,0.799,Swipe ,Food,471.46,0
712401033,Blue,425,1,166,2023-03-19,Week-12,Q1,2023,1438.3,928,2186,59,0.645,Swipe ,Bills,284.18,0
712403358,Blue,365,0,97,2023-03-19,Week-12,Q1,2023,1438.3,696,4307,76,0.484,Chip ,Bills,1249.03,0
712404483,Blue,245,0,98,2023-03-19,Week-12,Q1,2023,3989,2514,5189,82,0.63,Chip ,Bills,622.68,0
712405908,Blue,300,1,78,2023-03-19,Week-12,Q1,2023,24670,1623,7772,76,0.066,Swipe ,Food,1088.08,0
712407033,Silver,415,1,110,2023-03-19,Week-12,Q1,2023,34516,2403,4174,59,0.07,Swipe ,Grocery,500.88,0
712407783,Blue,390,1,99,2023-03-19,Week-12,Q1,2023,1809,1181,4452,83,0.653,Swipe ,Food,489.72,0
712410858,Blue,485,1,112,2023-03-19,Week-12,Q1,2023,2315,1336,4143,65,0.577,Swipe ,Food,1077.18,0
712411908,Blue,435,0,147,2023-03-19,Week-12,Q1,2023,21158,0,4071,67,0,Swipe ,Grocery,1058.46,0
712412958,Silver,125,0,98,2023-03-19,Week-12,Q1,2023,18266,822,14615,124,0.045,Swipe ,Bills,3361.45,0
712414908,Blue,345,1,79,2023-03-19,Week-12,Q1,2023,3241,0,4992,80,0,Chip ,Grocery,998.4,0
712419708,Blue,270,0,115,2023-03-19,Week-12,Q1,2023,4930,2259,2194,53,0.458,Swipe ,Bills,482.68,0
712420833,Blue,480,1,50,2023-03-19,Week-12,Q1,2023,16031,2245,1527,57,0.14,Swipe ,Entertainment,381.75,0
712423233,Blue,355,1,112,2023-03-19,Week-12,Q1,2023,22919,1368,3752,71,0.06,Online ,Grocery,300.16,0
712425258,Blue,300,1,117,2023-03-19,Week-12,Q1,2023,1859,1379,4260,72,0.742,Chip ,Fuel,639,0
712428333,Blue,425,0,44,2023-03-19,Week-12,Q1,2023,2930,1901,4041,75,0.649,Chip ,Entertainment,1091.07,0
712429458,Blue,380,1,55,2023-03-19,Week-12,Q1,2023,4772,1770,4054,72,0.371,Online ,Entertainment,729.72,0
712431183,Blue,440,0,78,2023-03-19,Week-12,Q1,2023,2164,0,5282,80,0,Swipe ,Food,1109.22,0
712433508,Blue,285,0,43,2023-03-19,Week-12,Q1,2023,1438.3,0,724,16,0,Swipe ,Bills,108.6,0
712434708,Blue,250,1,51,2023-03-19,Week-12,Q1,2023,3302,2517,2682,47,0.762,Chip ,Entertainment,268.2,0
712437108,Blue,430,0,84,2023-03-19,Week-12,Q1,2023,14044,0,4889,89,0,Swipe ,Grocery,831.13,0
712438308,Platinum,440,0,78,2023-03-19,Week-12,Q1,2023,7469,0,16730,122,0,Chip ,Bills,4517.1,0
712440483,Blue,250,1,94,2023-03-19,Week-12,Q1,2023,5413,1836,1164,43,0.339,Swipe ,Entertainment,232.8,0
712441308,Blue,490,1,80,2023-03-19,Week-12,Q1,2023,29295,0,9865,65,0,Chip ,Entertainment,2663.55,0
712442508,Blue,195,0,111,2023-03-19,Week-12,Q1,2023,1438.3,783,3464,70,0.544,Swipe ,Entertainment,796.72,0
712443558,Blue,140,0,147,2023-03-19,Week-12,Q1,2023,22125,0,1994,57,0,Swipe ,Grocery,199.4,0
712444533,Blue,430,1,80,2023-03-19,Week-12,Q1,2023,14418,0,3880,68,0,Chip ,Bills,1047.6,0
712445583,Blue,300,0,92,2023-03-19,Week-12,Q1,2023,2299,0,2323,47,0,Swipe ,Bills,162.61,0
712446783,Blue,200,0,116,2023-03-19,Week-12,Q1,2023,4038,1530,2400,41,0.379,Chip ,Food,504,0
712447758,Blue,200,1,74,2023-03-19,Week-12,Q1,2023,11901,2517,7998,82,0.211,Online ,Food,639.84,0
712448658,Blue,100,1,141,2023-03-19,Week-12,Q1,2023,1795,0,2281,55,0,Swipe ,Food,593.06,0
712450008,Blue,370,0,100,2023-03-19,Week-12,Q1,2023,4045,0,2438,41,0,Chip ,Bills,536.36,0
712452033,Blue,395,1,74,2023-03-19,Week-12,Q1,2023,2479,828,2225,44,0.334,Swipe ,Fuel,356,0
712453308,Silver,200,0,66,2023-03-19,Week-12,Q1,2023,15034,1356,7737,84,0.09,Swipe ,Entertainment,2088.99,0
712454058,Blue,450,1,103,2023-03-19,Week-12,Q1,2023,9364,618,1099,27,0.066,Swipe ,Bills,164.85,0
712454958,Blue,300,1,84,2023-03-19,Week-12,Q1,2023,2742,1416,1539,38,0.516,Swipe ,Bills,277.02,0
712457208,Blue,150,0,114,2023-03-19,Week-12,Q1,2023,22718,0,8100,77,0,Chip ,Travel,648,0
712459233,Blue,300,0,88,2023-03-19,Week-12,Q1,2023,1944,1346,1960,57,0.692,Swipe ,Bills,450.8,0
712460433,Blue,475,1,112,2023-03-19,Week-12,Q1,2023,9121,1426,4112,80,0.156,Swipe ,Bills,575.68,0
712463883,Silver,125,1,96,2023-03-19,Week-12,Q1,2023,34516,1406,3342,63,0.041,Chip ,Fuel,868.92,0
712464933,Blue,445,0,142,2023-03-19,Week-12,Q1,2023,19141,1933,15203,114,0.101,Swipe ,Fuel,4256.84,0
712470033,Blue,350,0,102,2023-03-19,Week-12,Q1,2023,4539,2053,2960,67,0.452,Swipe ,Entertainment,799.2,0
712475733,Blue,250,1,116,2023-03-19,Week-12,Q1,2023,2435,1888,1847,39,0.775,Swipe ,Bills,480.22,0
712479633,Blue,245,0,110,2023-03-19,Week-12,Q1,2023,1695,0,2428,43,0,Chip ,Grocery,267.08,0
712481733,Blue,250,1,76,2023-03-19,Week-12,Q1,2023,1438.3,739,4078,77,0.514,Online ,Entertainment,978.72,0
712484733,Blue,175,1,114,2023-03-19,Week-12,Q1,2023,8823,2517,4674,85,0.285,Chip ,Food,841.32,0
712487883,Blue,350,1,71,2023-03-19,Week-12,Q1,2023,7464,0,9071,74,0,Online ,Food,725.68,0
712489158,Blue,245,1,110,2023-03-19,Week-12,Q1,2023,3667,948,2781,59,0.259,Swipe ,Bills,723.06,0
712490283,Blue,285,1,120,2023-03-19,Week-12,Q1,2023,3156,2517,2091,48,0.798,Swipe ,Bills,439.11,0
712491108,Blue,460,1,85,2023-03-19,Week-12,Q1,2023,13046,1177,2601,52,0.09,Swipe ,Entertainment,364.14,0
712493058,Blue,245,1,124,2023-03-19,Week-12,Q1,2023,4972,0,4524,72,0,Swipe ,Bills,904.8,0
712494108,Silver,460,0,94,2023-03-19,Week-12,Q1,2023,34516,1954,1872,52,0.057,Swipe ,Grocery,486.72,0
712495233,Blue,335,1,81,2023-03-19,Week-12,Q1,2023,2370,1699,2411,53,0.717,Swipe ,Fuel,409.87,0
712497783,Blue,455,0,120,2023-03-19,Week-12,Q1,2023,9092,1363,14779,94,0.15,Swipe ,Food,4285.91,0
712500933,Blue,445,1,62,2023-03-19,Week-12,Q1,2023,11692,648,2997,56,0.055,Swipe ,Travel,209.79,0
712503408,Platinum,100,1,114,2023-03-19,Week-12,Q1,2023,17925,1909,17498,111,0.106,Chip ,Travel,2274.74,0
712505658,Blue,340,1,51,2023-03-19,Week-12,Q1,2023,5530,1999,1766,45,0.361,Swipe ,Grocery,123.62,0
712506708,Blue,385,1,67,2023-03-19,Week-12,Q1,2023,3920,2008,3178,53,0.512,Swipe ,Bills,730.94,0
712507758,Blue,295,1,116,2023-03-19,Week-12,Q1,2023,3448,1903,5471,87,0.552,Swipe ,Food,547.1,0
712509108,Gold,445,1,102,2023-03-19,Week-12,Q1,2023,15164,532,8356,68,0.035,Chip ,Travel,835.6,0
712510833,Blue,125,0,159,2023-03-19,Week-12,Q1,2023,9317,847,4121,81,0.091,Swipe ,Bills,741.78,0
712513458,Blue,245,1,120,2023-03-19,Week-12,Q1,2023,7469,1899,3150,70,0.254,Swipe ,Bills,693,0
712514508,Blue,250,1,114,2023-03-19,Week-12,Q1,2023,11354,0,3073,49,0,Swipe ,Food,737.52,0
712515558,Blue,325,1,90,2023-03-19,Week-12,Q1,2023,23447,1515,2834,77,0.065,Swipe ,Travel,396.76,0
712516608,Blue,245,1,52,2023-03-19,Week-12,Q1,2023,3946,1275,14822,96,0.323,Chip ,Entertainment,4001.94,0
712517808,Blue,405,1,83,2023-03-19,Week-12,Q1,2023,3275,1525,14830,112,0.466,Swipe ,Food,4004.1,0
712521783,Blue,300,0,108,2023-03-19,Week-12,Q1,2023,15108,1288,3713,65,0.085,Swipe ,Bills,816.86,0
712523283,Blue,295,1,83,2023-03-19,Week-12,Q1,2023,14938,0,1134,31,0,Swipe ,Fuel,249.48,0
712524858,Blue,245,0,108,2023-03-19,Week-12,Q1,2023,2669,1649,4314,74,0.618,Swipe ,Bills,1251.06,0
712531008,Blue,430,0,94,2023-03-19,Week-12,Q1,2023,24868,794,2510,32,0.032,Swipe ,Grocery,200.8,0
712532058,Blue,455,1,161,2023-03-19,Week-12,Q1,2023,12552,1405,15508,95,0.112,Swipe ,Food,1240.64,0
712533708,Blue,150,0,103,2023-03-19,Week-12,Q1,2023,11247,0,4894,85,0,Swipe ,Entertainment,831.98,0
712542258,Blue,100,1,86,2023-03-19,Week-12,Q1,2023,2950,2000,4742,79,0.678,Swipe ,Bills,331.94,0
712544358,Gold,360,0,105,2023-03-19,Week-12,Q1,2023,34516,1823,15552,108,0.053,Swipe ,Bills,4199.04,0
712545183,Blue,340,0,72,2023-03-19,Week-12,Q1,2023,1765,1487,3333,66,0.842,Chip ,Grocery,433.29,0
712546233,Blue,455,1,105,2023-03-19,Week-12,Q1,2023,2990,0,4065,76,0,Swipe ,Entertainment,325.2,0
712549758,Blue,175,0,143,2023-03-19,Week-12,Q1,2023,25060,0,3749,61,0,Chip ,Grocery,562.35,0
712551258,Blue,125,1,114,2023-03-19,Week-12,Q1,2023,4247,0,847,17,0,Swipe ,Entertainment,152.46,0
712552608,Blue,370,1,104,2023-03-19,Week-12,Q1,2023,1438.3,0,2658,43,0,Swipe ,Fuel,691.08,0
712554183,Blue,460,0,159,2023-03-19,Week-12,Q1,2023,3009,721,4070,71,0.24,Chip ,Fuel,407,0
712555233,Blue,330,0,67,2023-03-19,Week-12,Q1,2023,4205,710,2023,38,0.169,Chip ,Bills,161.84,0
712556433,Blue,475,1,85,2023-03-19,Week-12,Q1,2023,4090,1649,15497,92,0.403,Chip ,Fuel,2014.61,0
712557708,Blue,175,1,110,2023-03-19,Week-12,Q1,2023,6391,2317,2274,61,0.363,Swipe ,Fuel,591.24,0
712559058,Blue,295,1,143,2023-03-19,Week-12,Q1,2023,20882,1525,4765,76,0.073,Swipe ,Bills,714.75,0
712560558,Blue,270,0,76,2023-03-19,Week-12,Q1,2023,1438.3,0,4660,87,0,Swipe ,Bills,559.2,0
712562433,Blue,380,1,91,2023-03-19,Week-12,Q1,2023,4204,0,2316,43,0,Swipe ,Entertainment,324.24,0
712563408,Blue,175,0,94,2023-03-19,Week-12,Q1,2023,5600,2517,2296,46,0.449,Swipe ,Entertainment,367.36,0
712566258,Blue,245,1,155,2023-03-19,Week-12,Q1,2023,8494,2023,4486,77,0.238,Swipe ,Grocery,583.18,0
712567083,Blue,450,1,101,2023-03-19,Week-12,Q1,2023,9186,0,4986,88,0,Swipe ,Food,299.16,0
712568358,Blue,295,1,97,2023-03-19,Week-12,Q1,2023,3394,0,3115,69,0,Swipe ,Fuel,373.8,0
712569408,Blue,485,0,83,2023-03-19,Week-12,Q1,2023,3455,1385,4925,82,0.401,Swipe ,Fuel,1182,1
712570458,Blue,125,0,86,2023-03-19,Week-12,Q1,2023,5625,1640,7890,75,0.292,Swipe ,Fuel,1183.5,1
712571883,Silver,325,1,120,2023-03-19,Week-12,Q1,2023,11409,1658,4677,58,0.145,Swipe ,Grocery,654.78,1
712572858,Blue,150,1,77,2023-03-19,Week-12,Q1,2023,3413,1801,3831,45,0.528,Swipe ,Food,727.89,1
712574583,Blue,225,0,96,2023-03-19,Week-12,Q1,2023,6376,1322,5192,70,0.207,Chip ,Fuel,674.96,1
712575708,Blue,495,0,106,2023-03-19,Week-12,Q1,2023,1994,1175,4455,82,0.589,Chip ,Food,846.45,1
712576908,Blue,150,0,89,2023-03-19,Week-12,Q1,2023,4516,2252,1819,24,0.499,Swipe ,Grocery,491.13,1
712578933,Blue,460,1,105,2023-03-19,Week-12,Q1,2023,1438.3,0,2500,44,0,Chip ,Entertainment,275,0
712579983,Blue,415,1,104,2023-03-19,Week-12,Q1,2023,1438.3,0,2258,59,0,Swipe ,Grocery,541.92,0
712580958,Blue,200,1,82,2023-03-19,Week-12,Q1,2023,27712,2130,7399,91,0.077,Swipe ,Fuel,665.91,0
712582983,Silver,450,1,52,2023-03-19,Week-12,Q1,2023,14057,1381,4729,54,0.098,Swipe ,Bills,803.93,0
712586583,Blue,405,1,40,2023-03-19,Week-12,Q1,2023,1643,1101,2152,50,0.67,Swipe ,Entertainment,258.24,0
712589658,Silver,220,1,95,2023-03-19,Week-12,Q1,2023,13131,1965,1795,37,0.15,Swipe ,Fuel,251.3,0
712591983,Blue,280,1,112,2023-03-19,Week-12,Q1,2023,3035,1960,4104,79,0.646,Swipe ,Food,492.48,0
712593933,Blue,495,1,79,2023-03-19,Week-12,Q1,2023,2313,0,2249,42,0,Swipe ,Entertainment,134.94,0
712595433,Blue,295,1,134,2023-03-19,Week-12,Q1,2023,9788,1794,1805,37,0.183,Swipe ,Bills,270.75,0
712597233,Blue,355,1,87,2023-03-19,Week-12,Q1,2023,3250,1721,1714,32,0.53,Swipe ,Fuel,154.26,0
712599783,Blue,270,1,79,2023-03-19,Week-12,Q1,2023,12618,1585,4768,82,0.126,Swipe ,Entertainment,381.44,0
712602708,Blue,280,0,79,2023-03-19,Week-12,Q1,2023,1815,0,2039,34,0,Swipe ,Bills,509.75,0
712604133,Blue,300,1,106,2023-03-19,Week-12,Q1,2023,25882,1699,1736,48,0.066,Swipe ,Grocery,451.36,0
712606158,Blue,440,1,160,2023-03-19,Week-12,Q1,2023,5715,1214,3685,63,0.212,Swipe ,Grocery,368.5,0
712607583,Blue,280,0,84,2023-03-19,Week-12,Q1,2023,34516,1477,2395,50,0.043,Swipe ,Bills,502.95,0
712608783,Silver,290,0,140,2023-03-19,Week-12,Q1,2023,34516,1260,1504,34,0.037,Swipe ,Travel,421.12,0
712609533,Blue,175,1,66,2023-03-19,Week-12,Q1,2023,3371,1530,13432,118,0.454,Swipe ,Bills,1208.88,0
712611108,Blue,320,1,82,2023-03-19,Week-12,Q1,2023,7501,2517,2280,49,0.336,Swipe ,Fuel,501.6,0
712612233,Blue,470,0,102,2023-03-19,Week-12,Q1,2023,8717,719,2067,59,0.082,Swipe ,Fuel,392.73,0
712613808,Blue,350,0,103,2023-03-19,Week-12,Q1,2023,5999,658,4283,69,0.11,Swipe ,Bills,556.79,0
712615008,Blue,480,0,46,2023-03-19,Week-12,Q1,2023,24431,892,3457,66,0.037,Swipe ,Bills,276.56,0
712617408,Blue,125,1,90,2023-03-19,Week-12,Q1,2023,13734,0,2566,74,0,Swipe ,Fuel,667.16,0
712619808,Blue,375,1,119,2023-03-19,Week-12,Q1,2023,2500,1169,4265,87,0.468,Swipe ,Fuel,383.85,0
712620858,Blue,245,1,108,2023-03-19,Week-12,Q1,2023,7744,1804,4572,60,0.233,Swipe ,Bills,594.36,0
712623258,Blue,385,0,96,2023-03-19,Week-12,Q1,2023,5505,2517,2272,42,0.457,Swipe ,Grocery,295.36,0
712624383,Silver,100,0,79,2023-03-19,Week-12,Q1,2023,34516,1701,7707,99,0.049,Swipe ,Food,1310.19,0
712627083,Blue,360,1,66,2023-03-19,Week-12,Q1,2023,5768,0,9867,78,0,Chip ,Travel,690.69,0
712630608,Blue,495,0,87,2023-03-19,Week-12,Q1,2023,6109,1549,4430,69,0.254,Chip ,Fuel,886,0
712634133,Blue,395,1,70,2023-03-19,Week-12,Q1,2023,2683,1671,1406,37,0.623,Swipe ,Travel,267.14,0
712636308,Blue,300,0,78,2023-03-19,Week-12,Q1,2023,2658,1514,1627,26,0.57,Swipe ,Entertainment,162.7,0
712637283,Blue,320,1,67,2023-03-19,Week-12,Q1,2023,2169,1602,5182,78,0.739,Swipe ,Travel,984.58,0
712640583,Blue,250,0,106,2023-03-19,Week-12,Q1,2023,7508,2148,4950,70,0.286,Swipe ,Entertainment,1039.5,0
712642533,Blue,150,1,119,2023-03-19,Week-12,Q1,2023,32866,2098,3788,76,0.064,Swipe ,Entertainment,1060.64,0
712643358,Blue,200,0,61,2023-03-19,Week-12,Q1,2023,2833,1609,1335,23,0.568,Swipe ,Entertainment,373.8,0
712644483,Blue,300,0,102,2023-03-19,Week-12,Q1,2023,20229,1217,4270,62,0.06,Swipe ,Grocery,384.3,0
712645908,Blue,365,1,120,2023-03-19,Week-12,Q1,2023,2600,2047,8804,111,0.787,Swipe ,Grocery,880.4,0
712649058,Blue,295,0,101,2023-03-19,Week-12,Q1,2023,3554,0,4121,82,0,Swipe ,Food,412.1,0
712650333,Blue,480,0,103,2023-03-19,Week-12,Q1,2023,11959,1665,1191,40,0.139,Swipe ,Entertainment,107.19,0
712652283,Blue,175,0,76,2023-03-19,Week-12,Q1,2023,34516,774,3030,74,0.022,Swipe ,Entertainment,696.9,0
712653183,Blue,125,1,73,2023-03-19,Week-12,Q1,2023,1976,1694,3675,81,0.857,Swipe ,Grocery,771.75,0
712654233,Blue,415,0,106,2023-03-19,Week-12,Q1,2023,19150,1093,8327,85,0.057,Swipe ,Food,999.24,0
712655583,Blue,455,1,85,2023-03-19,Week-12,Q1,2023,6425,915,2036,44,0.142,Swipe ,Entertainment,203.6,0
712656783,Blue,440,1,147,2023-03-19,Week-12,Q1,2023,8136,2517,2179,40,0.309,Online ,Entertainment,392.22,0
712658283,Blue,405,0,97,2023-03-19,Week-12,Q1,2023,3701,969,3222,86,0.262,Swipe ,Bills,676.62,0
712659408,Blue,200,0,109,2023-03-19,Week-12,Q1,2023,2721,2159,4578,81,0.793,Chip ,Bills,549.36,0
712660308,Blue,450,1,73,2023-03-19,Week-12,Q1,2023,1895,0,2472,40,0,Swipe ,Fuel,197.76,0
712661433,Blue,400,1,90,2023-03-19,Week-12,Q1,2023,34516,0,1444,28,0,Swipe ,Travel,245.48,0
712662783,Blue,360,1,96,2023-03-19,Week-12,Q1,2023,3793,2517,2577,57,0.664,Swipe ,Bills,721.56,0
712663533,Blue,125,1,107,2023-03-19,Week-12,Q1,2023,2441,1656,3903,62,0.678,Swipe ,Entertainment,468.36,0
712664658,Blue,190,0,93,2023-03-19,Week-12,Q1,2023,1649,0,2549,54,0,Swipe ,Bills,560.78,0
712665633,Silver,445,1,139,2023-03-19,Week-12,Q1,2023,12952,1864,3472,51,0.144,Online ,Fuel,520.8,0
712667058,Blue,320,1,89,2023-03-19,Week-12,Q1,2023,1568,995,4531,76,0.635,Swipe ,Bills,724.96,0
712667958,Blue,380,1,87,2023-03-19,Week-12,Q1,2023,5773,2024,3732,71,0.351,Chip ,Entertainment,709.08,0
712669983,Blue,410,1,88,2023-03-19,Week-12,Q1,2023,10009,1604,4347,75,0.16,Swipe ,Food,956.34,0
712672083,Blue,300,1,68,2023-03-19,Week-12,Q1,2023,1438.3,747,948,24,0.519,Swipe ,Bills,227.52,0
712673283,Blue,250,1,96,2023-03-19,Week-12,Q1,2023,1438.3,0,4886,85,0,Swipe ,Food,488.6,0
712674183,Blue,365,1,104,2023-03-19,Week-12,Q1,2023,4065,2180,1271,36,0.536,Swipe ,Bills,101.68,1
712675158,Blue,355,1,51,2023-03-19,Week-12,Q1,2023,7075,1676,4160,75,0.237,Chip ,Food,291.2,1
712676208,Blue,150,1,83,2023-03-19,Week-12,Q1,2023,1787,1324,4084,79,0.741,Chip ,Bills,898.48,1
712677633,Blue,150,0,113,2023-03-19,Week-12,Q1,2023,2712,0,2307,28,0,Swipe ,Food,184.56,1
712681608,Blue,175,1,167,2023-03-19,Week-12,Q1,2023,4542,1355,4011,70,0.298,Chip ,Bills,802.2,1
712682583,Blue,250,0,77,2023-03-19,Week-12,Q1,2023,5947,995,4984,90,0.167,Swipe ,Grocery,448.56,1
712683633,Blue,250,1,49,2023-03-19,Week-12,Q1,2023,1438.3,0,2464,37,0,Swipe ,Entertainment,344.96,1
712685733,Silver,345,1,138,2023-03-19,Week-12,Q1,2023,34516,1698,3498,68,0.049,Online ,Grocery,699.6,0
712687083,Blue,410,1,131,2023-03-26,Week-13,Q1,2023,15043,0,7234,83,0,Swipe ,Bills,506.38,0
712688433,Blue,400,0,61,2023-03-26,Week-13,Q1,2023,3404,1568,2406,65,0.461,Swipe ,Entertainment,144.36,0
712689333,Blue,355,0,72,2023-03-26,Week-13,Q1,2023,20241,1203,1102,31,0.059,Swipe ,Fuel,99.18,0
712690458,Silver,280,1,88,2023-03-26,Week-13,Q1,2023,3629,1891,15982,113,0.521,Swipe ,Bills,1598.2,0
712691883,Blue,360,0,118,2023-03-26,Week-13,Q1,2023,2811,2404,2245,41,0.855,Swipe ,Entertainment,269.4,0
712693908,Blue,300,1,80,2023-03-26,Week-13,Q1,2023,13883,783,1871,32,0.056,Chip ,Bills,112.26,0
712700358,Blue,100,0,85,2023-03-26,Week-13,Q1,2023,2002,1377,2411,60,0.688,Swipe ,Entertainment,313.43,0
712701333,Blue,220,1,95,2023-03-26,Week-13,Q1,2023,5264,2169,1219,27,0.412,Swipe ,Travel,97.52,0
712704933,Blue,270,1,101,2023-03-26,Week-13,Q1,2023,4048,0,2227,41,0,Swipe ,Food,645.83,0
712706058,Blue,440,0,120,2023-03-26,Week-13,Q1,2023,1491,0,1970,46,0,Chip ,Bills,433.4,0
712707408,Blue,175,0,78,2023-03-26,Week-13,Q1,2023,5152,1713,3919,57,0.332,Swipe ,Bills,822.99,0
712709508,Blue,200,0,97,2023-03-26,Week-13,Q1,2023,8012,0,2645,63,0,Swipe ,Entertainment,264.5,0
712710708,Blue,480,1,94,2023-03-26,Week-13,Q1,2023,6244,2517,1445,40,0.403,Swipe ,Bills,231.2,0
712713108,Blue,355,0,132,2023-03-26,Week-13,Q1,2023,2035,1883,4802,85,0.925,Chip ,Bills,1152.48,0
712714008,Blue,480,0,93,2023-03-26,Week-13,Q1,2023,2725,2302,4714,81,0.845,Swipe ,Entertainment,848.52,0
712715208,Blue,445,0,87,2023-03-26,Week-13,Q1,2023,3770,0,2387,51,0,Swipe ,Grocery,405.79,0
712716108,Blue,380,0,81,2023-03-26,Week-13,Q1,2023,5785,2130,7950,86,0.368,Swipe ,Food,1590,0
712718958,Silver,475,0,94,2023-03-26,Week-13,Q1,2023,3308,2150,15019,101,0.65,Swipe ,Grocery,1802.28,0
712720158,Blue,250,1,100,2023-03-26,Week-13,Q1,2023,13860,1652,1910,32,0.119,Swipe ,Bills,324.7,0
712721358,Blue,220,1,114,2023-03-26,Week-13,Q1,2023,4073,2517,2059,43,0.618,Chip ,Grocery,535.34,0
712723608,Blue,280,0,101,2023-03-26,Week-13,Q1,2023,1713,0,3999,66,0,Chip ,Entertainment,1079.73,0
712724733,Blue,450,0,82,2023-03-26,Week-13,Q1,2023,2766,1731,3959,71,0.626,Chip ,Bills,989.75,0
712727283,Blue,150,0,115,2023-03-26,Week-13,Q1,2023,4666,1275,1281,28,0.273,Swipe ,Bills,217.77,0
712730583,Blue,290,0,114,2023-03-26,Week-13,Q1,2023,8592,1201,1842,50,0.14,Swipe ,Grocery,386.82,0
712732908,Blue,425,1,108,2023-03-26,Week-13,Q1,2023,2262,1450,4116,84,0.641,Swipe ,Bills,576.24,0
712733958,Blue,220,0,89,2023-03-26,Week-13,Q1,2023,1731,0,2304,46,0,Swipe ,Entertainment,230.4,0
712734933,Blue,175,0,89,2023-03-26,Week-13,Q1,2023,4020,0,1952,39,0,Chip ,Bills,273.28,0
712737108,Blue,175,0,137,2023-03-26,Week-13,Q1,2023,21416,0,4221,75,0,Swipe ,Bills,464.31,0
712740108,Blue,320,0,137,2023-03-26,Week-13,Q1,2023,1706,0,2371,45,0,Swipe ,Food,521.62,0
712742808,Blue,295,0,75,2023-03-26,Week-13,Q1,2023,3022,1142,1184,21,0.378,Swipe ,Entertainment,272.32,0
712747758,Blue,485,0,88,2023-03-26,Week-13,Q1,2023,2477,0,2037,43,0,Swipe ,Fuel,448.14,0
712751133,Blue,250,0,99,2023-03-26,Week-13,Q1,2023,11328,1369,1829,42,0.121,Swipe ,Bills,146.32,1
712753758,Blue,465,0,93,2023-03-26,Week-13,Q1,2023,2442,1699,4313,75,0.696,Swipe ,Entertainment,819.47,1
712755783,Blue,245,0,158,2023-03-26,Week-13,Q1,2023,1438.3,0,3886,77,0,Swipe ,Food,466.32,1
712757808,Blue,390,1,119,2023-03-26,Week-13,Q1,2023,1544,0,1731,40,0,Swipe ,Bills,155.79,1
712760208,Blue,420,1,117,2023-03-26,Week-13,Q1,2023,6751,1192,7921,93,0.177,Swipe ,Fuel,633.68,1
712762758,Blue,100,1,92,2023-03-26,Week-13,Q1,2023,9451,1280,3179,79,0.135,Swipe ,Bills,190.74,0
712763808,Blue,480,1,79,2023-03-26,Week-13,Q1,2023,6692,2037,1468,36,0.304,Swipe ,Bills,381.68,0
712765158,Blue,100,1,85,2023-03-26,Week-13,Q1,2023,2539,2162,2386,47,0.852,Swipe ,Bills,668.08,0
712766208,Silver,200,0,74,2023-03-26,Week-13,Q1,2023,34516,0,8603,84,0,Chip ,Travel,1290.45,0
712767858,Blue,110,1,103,2023-03-26,Week-13,Q1,2023,1438.3,1223,2181,43,0.85,Swipe ,Grocery,174.48,0
712768983,Silver,370,1,148,2023-03-26,Week-13,Q1,2023,34516,230,8629,65,0.007,Swipe ,Bills,1380.64,0
712770408,Blue,485,1,117,2023-03-26,Week-13,Q1,2023,3413,0,2285,40,0,Swipe ,Food,502.7,0
712771233,Blue,150,1,119,2023-03-26,Week-13,Q1,2023,2516,1268,4461,80,0.504,Swipe ,Grocery,669.15,0
712774008,Blue,375,0,97,2023-03-26,Week-13,Q1,2023,3939,2517,1489,34,0.639,Swipe ,Grocery,163.79,0
712774908,Blue,125,1,91,2023-03-26,Week-13,Q1,2023,2601,1861,5111,83,0.715,Swipe ,Entertainment,357.77,0
712777233,Blue,125,1,101,2023-03-26,Week-13,Q1,2023,1671,0,2701,51,0,Chip ,Entertainment,378.14,0
712778658,Blue,340,0,99,2023-03-26,Week-13,Q1,2023,2001,909,4238,63,0.454,Chip ,Bills,635.7,0
712781883,Blue,430,1,84,2023-03-26,Week-13,Q1,2023,2611,537,5121,83,0.206,Swipe ,Bills,614.52,0
712783083,Blue,195,1,106,2023-03-26,Week-13,Q1,2023,3607,0,2013,35,0,Chip ,Food,523.38,0
712784058,Blue,420,1,64,2023-03-26,Week-13,Q1,2023,17156,2517,1142,33,0.147,Swipe ,Fuel,159.88,0
712788258,Blue,340,0,74,2023-03-26,Week-13,Q1,2023,1913,1405,7265,80,0.734,Swipe ,Food,1453,0
712789383,Blue,470,1,44,2023-03-26,Week-13,Q1,2023,9274,2097,2048,59,0.226,Swipe ,Bills,245.76,0
712790358,Blue,470,1,145,2023-03-26,Week-13,Q1,2023,3023,1348,2219,44,0.446,Swipe ,Entertainment,288.47,0
712795833,Blue,480,1,74,2023-03-26,Week-13,Q1,2023,5021,2517,2270,40,0.501,Swipe ,Fuel,567.5,0
712797258,Blue,250,1,49,2023-03-26,Week-13,Q1,2023,34516,2129,1463,38,0.062,Swipe ,Bills,248.71,0
712801758,Blue,450,1,119,2023-03-26,Week-13,Q1,2023,2673,2517,3052,63,0.942,Swipe ,Bills,335.72,0
712802733,Blue,410,1,94,2023-03-26,Week-13,Q1,2023,5486,685,2965,70,0.125,Chip ,Entertainment,474.4,0
712804383,Blue,435,1,81,2023-03-26,Week-13,Q1,2023,2143,1194,4684,82,0.557,Swipe ,Entertainment,1217.84,0
712805658,Blue,480,1,111,2023-03-26,Week-13,Q1,2023,2258,0,4803,72,0,Chip ,Entertainment,432.27,0
712807758,Blue,245,1,130,2023-03-26,Week-13,Q1,2023,1438.3,0,2476,32,0,Online ,Bills,346.64,0
712810233,Blue,470,0,115,2023-03-26,Week-13,Q1,2023,2423,1674,4258,80,0.691,Chip ,Entertainment,1064.5,0
712812408,Blue,360,1,112,2023-03-26,Week-13,Q1,2023,1535,0,1921,41,0,Chip ,Entertainment,345.78,0
712813458,Blue,250,0,120,2023-03-26,Week-13,Q1,2023,19763,2517,1414,35,0.127,Swipe ,Travel,84.84,0
712814658,Blue,280,0,149,2023-03-26,Week-13,Q1,2023,2393,1499,4755,82,0.626,Chip ,Bills,855.9,0
712815858,Blue,275,0,116,2023-03-26,Week-13,Q1,2023,5330,0,3525,79,0,Swipe ,Grocery,1022.25,0
712816833,Blue,435,0,103,2023-03-26,Week-13,Q1,2023,4203,1965,1425,32,0.468,Swipe ,Fuel,99.75,0
712817808,Blue,290,1,90,2023-03-26,Week-13,Q1,2023,4761,1561,2045,53,0.328,Chip ,Fuel,286.3,0
712820208,Blue,405,0,47,2023-03-26,Week-13,Q1,2023,2699,1609,2141,56,0.596,Swipe ,Bills,256.92,0
712821333,Blue,200,0,93,2023-03-26,Week-13,Q1,2023,9452,2517,1825,50,0.266,Swipe ,Entertainment,401.5,0
712822758,Blue,440,1,79,2023-03-26,Week-13,Q1,2023,5677,1403,2730,58,0.247,Swipe ,Entertainment,464.1,0
712826208,Blue,365,1,71,2023-03-26,Week-13,Q1,2023,2575,1424,1487,33,0.553,Swipe ,Entertainment,193.31,0
712827258,Blue,285,0,79,2023-03-26,Week-13,Q1,2023,1438.3,0,5046,77,0,Swipe ,Grocery,555.06,0
712828533,Blue,300,1,46,2023-03-26,Week-13,Q1,2023,2796,0,4820,74,0,Swipe ,Fuel,1108.6,0
712829808,Blue,390,1,114,2023-03-26,Week-13,Q1,2023,2187,0,2031,40,0,Swipe ,Entertainment,324.96,0
712831908,Blue,250,1,166,2023-03-26,Week-13,Q1,2023,3481,603,4556,81,0.173,Swipe ,Entertainment,865.64,0
712833633,Blue,200,1,113,2023-03-26,Week-13,Q1,2023,10688,653,13866,98,0.061,Swipe ,Bills,1802.58,0
712834533,Blue,200,1,151,2023-03-26,Week-13,Q1,2023,2673,1275,4119,75,0.477,Chip ,Bills,535.47,0
712835433,Blue,495,0,68,2023-03-26,Week-13,Q1,2023,1438.3,0,4869,73,0,Swipe ,Fuel,389.52,0
712837233,Blue,420,0,99,2023-03-26,Week-13,Q1,2023,13001,1482,3671,55,0.114,Swipe ,Entertainment,807.62,0
712838358,Blue,435,1,78,2023-03-26,Week-13,Q1,2023,1438.3,0,4702,84,0,Swipe ,Grocery,470.2,0
712839633,Blue,140,0,69,2023-03-26,Week-13,Q1,2023,34516,1595,8871,97,0.046,Swipe ,Food,1153.23,0
712840608,Blue,150,0,85,2023-03-26,Week-13,Q1,2023,2736,993,4078,85,0.363,Swipe ,Entertainment,611.7,0
712841883,Silver,250,0,83,2023-03-26,Week-13,Q1,2023,34516,2517,7155,66,0.073,Swipe ,Entertainment,1931.85,0
712843983,Blue,325,1,82,2023-03-26,Week-13,Q1,2023,1569,257,2288,45,0.164,Swipe ,Grocery,457.6,0
712845258,Gold,325,1,79,2023-03-26,Week-13,Q1,2023,34516,1642,4161,71,0.048,Chip ,Bills,707.37,0
712846458,Gold,250,0,93,2023-03-26,Week-13,Q1,2023,14290,1432,14709,125,0.1,Chip ,Travel,882.54,0
712847208,Blue,110,0,83,2023-03-26,Week-13,Q1,2023,5369,1854,1898,50,0.345,Swipe ,Grocery,398.58,1
712849158,Blue,445,1,144,2023-03-26,Week-13,Q1,2023,19793,2488,2186,44,0.126,Chip ,Fuel,415.34,1
712851108,Blue,125,1,96,2023-03-26,Week-13,Q1,2023,15340,2331,2965,51,0.152,Online ,Bills,355.8,1
712852233,Blue,465,0,78,2023-03-26,Week-13,Q1,2023,6663,765,4583,78,0.115,Swipe ,Grocery,1054.09,1
712853358,Blue,190,0,76,2023-03-26,Week-13,Q1,2023,1817,0,2216,44,0,Swipe ,Bills,421.04,1
712854633,Blue,245,0,87,2023-03-26,Week-13,Q1,2023,11320,0,2845,57,0,Chip ,Bills,199.15,0
712855683,Blue,175,0,114,2023-03-26,Week-13,Q1,2023,3350,1335,4906,89,0.399,Swipe ,Bills,1128.38,0
712860858,Blue,225,1,120,2023-03-26,Week-13,Q1,2023,5264,0,4943,70,0,Chip ,Entertainment,1334.61,0
712863183,Blue,290,1,95,2023-03-26,Week-13,Q1,2023,10018,829,13819,114,0.083,Chip ,Entertainment,2487.42,0
712864683,Blue,470,0,90,2023-03-26,Week-13,Q1,2023,1438.3,0,1693,37,0,Chip ,Entertainment,237.02,0
712865583,Blue,150,0,72,2023-03-26,Week-13,Q1,2023,3301,2517,3939,69,0.762,Online ,Bills,630.24,0
712866933,Blue,245,0,107,2023-03-26,Week-13,Q1,2023,10824,0,3700,73,0,Chip ,Grocery,629,0
712867983,Blue,325,0,142,2023-03-26,Week-13,Q1,2023,3006,633,5177,66,0.211,Online ,Entertainment,673.01,0
712868733,Blue,125,0,48,2023-03-26,Week-13,Q1,2023,2595,2189,1562,27,0.844,Swipe ,Entertainment,406.12,0
712869783,Blue,300,0,117,2023-03-26,Week-13,Q1,2023,4255,0,4606,79,0,Swipe ,Food,1197.56,0
712872183,Blue,450,1,82,2023-03-26,Week-13,Q1,2023,3271,1367,2464,92,0.418,Swipe ,Bills,369.6,0
712874433,Blue,125,0,113,2023-03-26,Week-13,Q1,2023,2326,642,5413,90,0.276,Swipe ,Bills,487.17,0
712876233,Blue,245,1,136,2023-03-26,Week-13,Q1,2023,5272,1515,1289,33,0.287,Swipe ,Bills,232.02,0
712877733,Blue,220,1,139,2023-03-26,Week-13,Q1,2023,12882,1402,4407,84,0.109,Chip ,Grocery,1233.96,0
712879158,Gold,275,1,107,2023-03-26,Week-13,Q1,2023,6224,2201,7693,70,0.354,Swipe ,Fuel,1461.67,0
712880283,Blue,200,0,80,2023-03-26,Week-13,Q1,2023,4048,1113,1757,45,0.275,Swipe ,Bills,281.12,0
712881483,Blue,250,0,92,2023-03-26,Week-13,Q1,2023,9959,1890,2041,45,0.19,Swipe ,Entertainment,530.66,0
712884408,Blue,175,1,130,2023-03-26,Week-13,Q1,2023,5700,1904,7939,95,0.334,Swipe ,Food,1984.75,0
712885533,Blue,380,1,140,2023-03-26,Week-13,Q1,2023,11882,1472,3291,62,0.124,Chip ,Entertainment,691.11,0
712886733,Blue,445,0,109,2023-03-26,Week-13,Q1,2023,1780,1338,4268,87,0.752,Chip ,Entertainment,896.28,0
712887633,Blue,250,1,41,2023-03-26,Week-13,Q1,2023,25008,876,1753,43,0.035,Swipe ,Travel,473.31,0
712890408,Blue,100,0,79,2023-03-26,Week-13,Q1,2023,2221,1343,1338,30,0.605,Swipe ,Fuel,133.8,0
712891833,Blue,195,1,65,2023-03-26,Week-13,Q1,2023,2723,1902,3875,84,0.698,Swipe ,Fuel,1123.75,0
712894308,Blue,150,1,106,2023-03-26,Week-13,Q1,2023,2888,0,4345,75,0,Chip ,Bills,912.45,0
712895733,Blue,490,1,77,2023-03-26,Week-13,Q1,2023,34516,572,8659,81,0.017,Swipe ,Entertainment,692.72,0
712899333,Silver,245,1,93,2023-03-26,Week-13,Q1,2023,4256,1084,1100,29,0.255,Swipe ,Travel,154,0
712900308,Blue,300,1,94,2023-03-26,Week-13,Q1,2023,1751,0,2078,37,0,Online ,Entertainment,249.36,0
712901283,Blue,140,1,104,2023-03-26,Week-13,Q1,2023,2121,0,1464,32,0,Chip ,Bills,380.64,0
712902483,Blue,125,0,169,2023-03-26,Week-13,Q1,2023,2066,1699,1895,43,0.822,Swipe ,Fuel,151.6,0
712905708,Blue,100,1,101,2023-03-26,Week-13,Q1,2023,2590,1564,1188,40,0.604,Swipe ,Fuel,237.6,0
712912233,Blue,375,0,116,2023-03-26,Week-13,Q1,2023,3468,2221,14222,122,0.64,Chip ,Bills,1137.76,0
712914783,Blue,410,1,104,2023-03-26,Week-13,Q1,2023,7564,0,4743,82,0,Chip ,Grocery,1328.04,0
712916958,Blue,175,1,106,2023-03-26,Week-13,Q1,2023,12494,0,7026,69,0,Swipe ,Grocery,702.6,0
712918083,Blue,140,1,105,2023-03-26,Week-13,Q1,2023,2211,768,7527,88,0.347,Swipe ,Food,1204.32,0
712920633,Blue,225,0,160,2023-03-26,Week-13,Q1,2023,1438.3,0,4348,79,0,Chip ,Bills,478.28,0
712924383,Blue,435,1,161,2023-03-26,Week-13,Q1,2023,8411,979,990,22,0.116,Swipe ,Bills,69.3,0
712925808,Blue,340,1,85,2023-03-26,Week-13,Q1,2023,2710,0,4724,60,0,Swipe ,Food,755.84,0
712927383,Blue,140,1,73,2023-03-26,Week-13,Q1,2023,1438.3,642,1939,49,0.446,Chip ,Entertainment,329.63,0
712931733,Blue,300,1,71,2023-03-26,Week-13,Q1,2023,2636,1257,7136,82,0.477,Swipe ,Grocery,1355.84,0
712933083,Blue,245,0,125,2023-03-26,Week-13,Q1,2023,3127,2378,2292,49,0.76,Swipe ,Bills,641.76,0
712934583,Silver,95,1,104,2023-03-26,Week-13,Q1,2023,11879,0,3490,62,0,Chip ,Entertainment,977.2,0
712936908,Blue,110,0,138,2023-03-26,Week-13,Q1,2023,11684,1786,2969,88,0.153,Swipe ,Entertainment,207.83,0
712938258,Silver,150,1,66,2023-03-26,Week-13,Q1,2023,12695,1613,8328,94,0.127,Swipe ,Grocery,582.96,0
712939533,Blue,175,0,51,2023-03-26,Week-13,Q1,2023,21585,986,3789,70,0.046,Chip ,Grocery,568.35,0
712940508,Blue,175,0,111,2023-03-26,Week-13,Q1,2023,4562,1721,1896,50,0.377,Swipe ,Bills,303.36,0
712941483,Silver,150,0,77,2023-03-26,Week-13,Q1,2023,3735,0,6826,61,0,Chip ,Travel,1092.16,0
712942308,Blue,175,1,89,2023-03-26,Week-13,Q1,2023,11535,1527,3730,67,0.132,Chip ,Bills,373,0
712943508,Blue,250,0,101,2023-03-26,Week-13,Q1,2023,6921,1023,4608,79,0.148,Swipe ,Fuel,1336.32,0
712947333,Blue,200,1,76,2023-03-26,Week-13,Q1,2023,5139,0,1653,44,0,Chip ,Fuel,479.37,0
712948383,Gold,350,0,98,2023-03-26,Week-13,Q1,2023,34516,0,7396,100,0,Swipe ,Food,1109.4,0
712949733,Blue,300,1,79,2023-03-26,Week-13,Q1,2023,6340,1985,3536,61,0.313,Swipe ,Bills,495.04,0
712950783,Blue,415,0,117,2023-03-26,Week-13,Q1,2023,2732,0,739,16,0,Swipe ,Bills,162.58,0
712952283,Blue,150,1,99,2023-03-26,Week-13,Q1,2023,34516,1638,14474,121,0.047,Swipe ,Grocery,1592.14,0
712953483,Blue,150,1,86,2023-03-26,Week-13,Q1,2023,1682,0,1811,39,0,Swipe ,Food,398.42,0
712955433,Blue,480,1,77,2023-03-26,Week-13,Q1,2023,4370,1222,7223,90,0.28,Swipe ,Bills,1950.21,0
712960308,Blue,370,0,50,2023-03-26,Week-13,Q1,2023,8070,2350,2117,61,0.291,Swipe ,Bills,402.23,0
712961658,Blue,455,1,78,2023-03-26,Week-13,Q1,2023,3335,2238,5321,78,0.671,Swipe ,Bills,319.26,0
712965183,Blue,245,1,101,2023-03-26,Week-13,Q1,2023,2689,2101,1188,35,0.781,Swipe ,Grocery,95.04,0
712966458,Blue,465,0,106,2023-03-26,Week-13,Q1,2023,8065,0,14807,115,0,Chip ,Bills,1776.84,0
712967508,Blue,435,0,102,2023-03-26,Week-13,Q1,2023,2572,1093,5038,86,0.425,Online ,Bills,1309.88,0
712968708,Blue,250,0,105,2023-03-26,Week-13,Q1,2023,2343,1780,5167,78,0.76,Swipe ,Fuel,568.37,0
712971708,Blue,200,1,167,2023-03-26,Week-13,Q1,2023,3139,1089,4648,80,0.347,Chip ,Bills,278.88,0
712973733,Blue,415,1,44,2023-03-26,Week-13,Q1,2023,14607,1480,1393,38,0.101,Swipe ,Bills,111.44,0
712974558,Blue,345,1,75,2023-03-26,Week-13,Q1,2023,5254,0,4546,89,0,Swipe ,Entertainment,1272.88,0
712977183,Silver,250,0,97,2023-03-26,Week-13,Q1,2023,19482,1072,1421,22,0.055,Swipe ,Travel,184.73,0
712979133,Blue,225,1,44,2023-03-26,Week-13,Q1,2023,27560,900,646,10,0.033,Swipe ,Bills,161.5,0
712980333,Blue,335,1,48,2023-03-26,Week-13,Q1,2023,24149,1848,2584,66,0.077,Swipe ,Grocery,310.08,0
712981383,Silver,100,1,107,2023-03-26,Week-13,Q1,2023,10790,1930,1052,16,0.179,Swipe ,Bills,263,0
712982808,Blue,380,1,109,2023-03-26,Week-13,Q1,2023,1438.3,0,2388,42,0,Online ,Fuel,692.52,0
712984983,Blue,390,1,91,2023-03-26,Week-13,Q1,2023,2248,1853,7739,101,0.824,Swipe ,Bills,1857.36,0
712986483,Blue,365,1,114,2023-03-26,Week-13,Q1,2023,15412,0,3993,73,0,Swipe ,Bills,838.53,1
712987608,Blue,295,0,107,2023-03-26,Week-13,Q1,2023,1438.3,1153,4263,84,0.802,Chip ,Fuel,511.56,1
712988958,Blue,465,0,63,2023-03-26,Week-13,Q1,2023,2021,1731,3253,62,0.857,Swipe ,Entertainment,943.37,1
712990458,Silver,470,1,68,2023-03-26,Week-13,Q1,2023,31699,1976,13653,113,0.062,Swipe ,Bills,3276.72,1
712991808,Blue,390,1,126,2023-03-26,Week-13,Q1,2023,2451,1690,1596,26,0.69,Swipe ,Travel,351.12,1
712993008,Blue,370,0,106,2023-03-26,Week-13,Q1,2023,3819,1882,4533,68,0.493,Swipe ,Bills,498.63,1
712996833,Blue,250,1,79,2023-03-26,Week-13,Q1,2023,2392,1129,4309,86,0.472,Chip ,Fuel,301.63,0
712998033,Blue,245,0,96,2023-03-26,Week-13,Q1,2023,7361,0,2109,44,0,Swipe ,Fuel,442.89,0
712999008,Blue,195,1,82,2023-03-26,Week-13,Q1,2023,2628,1771,4316,72,0.674,Chip ,Travel,733.72,0
713000058,Silver,300,0,151,2023-03-26,Week-13,Q1,2023,16406,0,4075,75,0,Online ,Bills,448.25,0
713003358,Blue,370,1,115,2023-03-26,Week-13,Q1,2023,29338,159,4983,40,0.005,Swipe ,Grocery,1245.75,0
713004933,Blue,285,1,95,2023-03-26,Week-13,Q1,2023,6813,2332,2634,51,0.342,Swipe ,Fuel,342.42,0
713005908,Blue,200,0,120,2023-03-26,Week-13,Q1,2023,2255,1733,4772,83,0.769,Swipe ,Grocery,1383.88,0
713008308,Blue,195,1,59,2023-03-26,Week-13,Q1,2023,7692,1678,1861,42,0.218,Swipe ,Entertainment,372.2,0
713009208,Blue,250,1,81,2023-03-26,Week-13,Q1,2023,2077,1634,4292,66,0.787,Chip ,Grocery,1201.76,0
713010483,Blue,440,1,61,2023-03-26,Week-13,Q1,2023,2936,2379,1572,57,0.81,Swipe ,Bills,377.28,0
713011683,Blue,480,1,101,2023-03-26,Week-13,Q1,2023,11239,0,2055,43,0,Swipe ,Fuel,390.45,0
713013483,Blue,455,1,126,2023-03-26,Week-13,Q1,2023,1438.3,915,3754,58,0.636,Swipe ,Fuel,225.24,0
713014533,Blue,285,0,110,2023-03-26,Week-13,Q1,2023,5632,1596,3557,64,0.283,Chip ,Fuel,924.82,0
713015433,Blue,370,0,53,2023-03-26,Week-13,Q1,2023,2407,1102,4543,71,0.458,Swipe ,Entertainment,363.44,0
713016633,Blue,200,0,104,2023-03-26,Week-13,Q1,2023,5344,1582,1984,36,0.296,Swipe ,Entertainment,238.08,0
713017758,Blue,225,0,47,2023-03-26,Week-13,Q1,2023,1636,1135,5056,85,0.694,Online ,Travel,1112.32,0
713019783,Blue,125,1,53,2023-03-26,Week-13,Q1,2023,2644,1794,4081,72,0.679,Online ,Food,897.82,0
713021208,Silver,190,0,83,2023-03-26,Week-13,Q1,2023,34516,0,1353,40,0,Swipe ,Fuel,202.95,0
713023158,Blue,355,0,109,2023-03-26,Week-13,Q1,2023,2901,2143,4239,78,0.739,Chip ,Food,508.68,0
713025558,Blue,470,1,76,2023-03-26,Week-13,Q1,2023,1438.3,0,1935,47,0,Chip ,Food,425.7,0
713027058,Blue,250,1,89,2023-03-26,Week-13,Q1,2023,2292,0,2595,31,0,Swipe ,Food,441.15,0
713029683,Blue,375,1,90,2023-03-26,Week-13,Q1,2023,1873,468,4738,82,0.25,Swipe ,Fuel,284.28,0
713030958,Blue,100,0,77,2023-03-26,Week-13,Q1,2023,3914,0,1964,54,0,Swipe ,Bills,451.72,0
713032233,Blue,175,1,158,2023-03-26,Week-13,Q1,2023,2708,2271,4812,83,0.839,Chip ,Fuel,1010.52,0
713036208,Blue,365,1,97,2023-03-26,Week-13,Q1,2023,6903,2091,15751,107,0.303,Chip ,Grocery,4567.79,0
713037333,Blue,150,0,88,2023-03-26,Week-13,Q1,2023,21430,0,3561,57,0,Chip ,Fuel,640.98,0
713039808,Blue,275,1,103,2023-03-26,Week-13,Q1,2023,6637,0,1801,48,0,Swipe ,Bills,432.24,0
713041683,Blue,450,0,108,2023-04-02,Week-14,Q2,2023,4697,0,1867,34,0,Swipe ,Bills,186.7,0
713043183,Blue,275,0,106,2023-04-02,Week-14,Q2,2023,2572,1969,4313,84,0.766,Chip ,Bills,1078.25,0
713047608,Blue,245,1,113,2023-04-02,Week-14,Q2,2023,2387,2013,2134,41,0.843,Swipe ,Food,256.08,0
713048733,Blue,150,0,80,2023-04-02,Week-14,Q2,2023,34516,1871,4054,75,0.054,Chip ,Bills,405.4,0
713049933,Blue,275,0,86,2023-04-02,Week-14,Q2,2023,5756,0,2144,44,0,Swipe ,Bills,214.4,0
713053383,Blue,95,0,48,2023-04-02,Week-14,Q2,2023,34516,781,853,12,0.023,Swipe ,Entertainment,170.6,0
713056083,Blue,450,1,92,2023-04-02,Week-14,Q2,2023,34516,0,4037,87,0,Chip ,Bills,1170.73,0
713057658,Blue,175,1,65,2023-04-02,Week-14,Q2,2023,3968,935,4128,72,0.236,Chip ,Fuel,371.52,0
713058858,Blue,95,0,79,2023-04-02,Week-14,Q2,2023,1695,913,2130,48,0.539,Swipe ,Entertainment,553.8,0
713060283,Blue,330,0,93,2023-04-02,Week-14,Q2,2023,7135,1164,3746,81,0.163,Swipe ,Grocery,749.2,0
713061558,Blue,225,1,69,2023-04-02,Week-14,Q2,2023,4010,1247,1088,24,0.311,Swipe ,Bills,228.48,0
713063958,Blue,355,0,74,2023-04-02,Week-14,Q2,2023,7562,1080,5010,85,0.143,Swipe ,Entertainment,851.7,0
713064783,Blue,405,1,124,2023-04-02,Week-14,Q2,2023,5362,2057,4205,83,0.384,Swipe ,Grocery,756.9,0
713067033,Blue,405,1,40,2023-04-02,Week-14,Q2,2023,7147,1424,2539,50,0.199,Swipe ,Bills,482.41,0
713068833,Blue,295,0,82,2023-04-02,Week-14,Q2,2023,1438.3,894,4687,85,0.622,Swipe ,Grocery,421.83,0
713070033,Blue,125,0,110,2023-04-02,Week-14,Q2,2023,1438.3,787,4830,79,0.547,Online ,Food,676.2,0
713071383,Blue,400,1,112,2023-04-02,Week-14,Q2,2023,3723,1728,8554,99,0.464,Swipe ,Grocery,2052.96,0
713072358,Silver,175,1,111,2023-04-02,Week-14,Q2,2023,34516,1356,12878,104,0.039,Chip ,Bills,3477.06,0
713075283,Blue,125,1,103,2023-04-02,Week-14,Q2,2023,20741,2504,1818,51,0.121,Swipe ,Bills,181.8,0
713079108,Blue,470,1,82,2023-04-02,Week-14,Q2,2023,1858,925,3660,72,0.498,Swipe ,Grocery,1061.4,0
713081583,Blue,245,0,98,2023-04-02,Week-14,Q2,2023,2350,1272,4647,86,0.541,Swipe ,Entertainment,371.76,0
713082708,Blue,250,0,102,2023-04-02,Week-14,Q2,2023,4953,991,4183,67,0.2,Swipe ,Food,376.47,0
713084208,Blue,150,1,109,2023-04-02,Week-14,Q2,2023,4373,0,2397,46,0,Swipe ,Food,599.25,0
713086008,Blue,445,0,86,2023-04-02,Week-14,Q2,2023,2609,2439,1731,34,0.935,Swipe ,Bills,138.48,0
713086908,Blue,150,1,93,2023-04-02,Week-14,Q2,2023,2212,1670,2520,51,0.755,Swipe ,Bills,327.6,0
713087958,Blue,250,1,97,2023-04-02,Week-14,Q2,2023,34516,1337,7919,85,0.039,Swipe ,Grocery,791.9,0
713089458,Blue,140,1,71,2023-04-02,Week-14,Q2,2023,6130,808,3411,78,0.132,Swipe ,Fuel,511.65,0
713090658,Blue,385,0,79,2023-04-02,Week-14,Q2,2023,2599,1407,8061,98,0.541,Swipe ,Food,1128.54,0
713094483,Blue,220,1,82,2023-04-02,Week-14,Q2,2023,4391,0,4741,78,0,Chip ,Fuel,331.87,0
713095533,Blue,250,1,90,2023-04-02,Week-14,Q2,2023,2333,1485,1198,31,0.637,Swipe ,Bills,143.76,0
713096583,Blue,245,1,118,2023-04-02,Week-14,Q2,2023,1438.3,544,2294,40,0.378,Chip ,Grocery,206.46,0
713101383,Blue,290,1,108,2023-04-02,Week-14,Q2,2023,1834,0,5402,87,0,Swipe ,Grocery,756.28,0
713102733,Gold,490,0,77,2023-04-02,Week-14,Q2,2023,15987,1766,8195,94,0.11,Swipe ,Grocery,1966.8,0
713104458,Blue,200,1,70,2023-04-02,Week-14,Q2,2023,7869,0,998,25,0,Swipe ,Fuel,149.7,0
713105508,Silver,125,0,138,2023-04-02,Week-14,Q2,2023,34516,2040,3754,53,0.059,Chip ,Entertainment,262.78,0
713108433,Blue,270,1,99,2023-04-02,Week-14,Q2,2023,6052,1720,1476,37,0.284,Swipe ,Fuel,339.48,0
713110908,Blue,110,0,96,2023-04-02,Week-14,Q2,2023,2607,1966,1719,45,0.754,Swipe ,Entertainment,275.04,0
713111883,Blue,350,0,120,2023-04-02,Week-14,Q2,2023,25837,1812,3783,70,0.07,Swipe ,Grocery,491.79,0
713114133,Blue,275,1,72,2023-04-02,Week-14,Q2,2023,1443,0,2092,38,0,Chip ,Fuel,418.4,0
713115483,Blue,320,1,79,2023-04-02,Week-14,Q2,2023,1684,0,2275,45,0,Swipe ,Fuel,409.5,0
713118183,Blue,430,1,96,2023-04-02,Week-14,Q2,2023,13427,1562,13117,108,0.116,Chip ,Travel,3803.93,0
713119308,Blue,450,0,128,2023-04-02,Week-14,Q2,2023,1852,0,4339,82,0,Swipe ,Food,390.51,0
713120433,Blue,395,0,88,2023-04-02,Week-14,Q2,2023,5431,2007,4569,82,0.37,Swipe ,Grocery,959.49,0
713121408,Blue,385,1,127,2023-04-02,Week-14,Q2,2023,3976,1667,4372,69,0.419,Swipe ,Entertainment,480.92,0
713124558,Blue,340,0,47,2023-04-02,Week-14,Q2,2023,7210,782,4249,75,0.108,Swipe ,Fuel,1062.25,0
713126733,Blue,465,0,120,2023-04-02,Week-14,Q2,2023,17539,2517,1220,30,0.144,Swipe ,Food,280.6,1
713127708,Blue,250,0,85,2023-04-02,Week-14,Q2,2023,2230,0,3766,63,0,Chip ,Bills,301.28,1
713128833,Blue,405,0,67,2023-04-02,Week-14,Q2,2023,6511,1790,1478,38,0.275,Swipe ,Entertainment,428.62,1
713131158,Blue,125,1,98,2023-04-02,Week-14,Q2,2023,10286,0,8199,59,0,Swipe ,Grocery,1475.82,1
713132133,Blue,110,1,96,2023-04-02,Week-14,Q2,2023,2720,1694,5103,81,0.623,Chip ,Fuel,663.39,1
713133258,Silver,225,1,67,2023-04-02,Week-14,Q2,2023,34516,2008,8872,86,0.058,Swipe ,Bills,798.48,0
713134458,Blue,350,1,100,2023-04-02,Week-14,Q2,2023,13219,0,1097,24,0,Swipe ,Bills,208.43,0
713135883,Blue,125,1,98,2023-04-02,Week-14,Q2,2023,4315,717,1723,51,0.166,Swipe ,Bills,103.38,0
713137233,Blue,450,0,112,2023-04-02,Week-14,Q2,2023,27756,1789,994,24,0.064,Swipe ,Travel,238.56,0
713138433,Blue,290,1,95,2023-04-02,Week-14,Q2,2023,14782,1020,3206,54,0.069,Chip ,Fuel,192.36,0
713144208,Blue,250,1,41,2023-04-02,Week-14,Q2,2023,9989,568,2053,49,0.057,Swipe ,Fuel,472.19,0
713146683,Blue,420,0,114,2023-04-02,Week-14,Q2,2023,4460,0,5473,79,0,Swipe ,Bills,547.3,0
713149683,Blue,150,1,75,2023-04-02,Week-14,Q2,2023,9297,1668,1264,31,0.179,Swipe ,Travel,126.4,0
713151258,Blue,400,0,118,2023-04-02,Week-14,Q2,2023,3065,0,3524,69,0,Online ,Grocery,458.12,0
713152383,Blue,435,0,75,2023-04-02,Week-14,Q2,2023,2840,2517,4405,82,0.886,Swipe ,Grocery,925.05,0
713153733,Blue,190,1,78,2023-04-02,Week-14,Q2,2023,2520,1473,2061,36,0.585,Chip ,Fuel,597.69,0
713158083,Blue,410,0,82,2023-04-02,Week-14,Q2,2023,7327,0,2185,41,0,Chip ,Food,262.2,0
713159133,Silver,355,1,77,2023-04-02,Week-14,Q2,2023,14143,1472,13785,117,0.104,Chip ,Travel,1654.2,0
713160258,Blue,175,1,88,2023-04-02,Week-14,Q2,2023,3034,2033,4349,90,0.67,Swipe ,Bills,1261.21,0
713162358,Blue,495,1,101,2023-04-02,Week-14,Q2,2023,9595,509,4050,72,0.053,Swipe ,Entertainment,324,0
713163258,Blue,270,0,93,2023-04-02,Week-14,Q2,2023,3388,0,1959,52,0,Chip ,Bills,254.67,0
713166333,Blue,485,0,78,2023-04-02,Week-14,Q2,2023,14831,1302,4467,73,0.088,Chip ,Fuel,625.38,0
713167383,Blue,335,1,112,2023-04-02,Week-14,Q2,2023,2298,1540,5154,81,0.67,Swipe ,Fuel,721.56,0
713168733,Blue,340,0,76,2023-04-02,Week-14,Q2,2023,2802,2403,3887,61,0.858,Chip ,Bills,544.18,0
713171358,Blue,335,0,92,2023-04-02,Week-14,Q2,2023,1438.3,0,3880,74,0,Swipe ,Entertainment,388,0
713172408,Blue,270,0,115,2023-04-02,Week-14,Q2,2023,32558,2016,1440,37,0.062,Swipe ,Fuel,86.4,0
713175483,Blue,330,1,130,2023-04-02,Week-14,Q2,2023,6022,871,3745,74,0.145,Chip ,Grocery,599.2,0
713177808,Blue,200,1,67,2023-04-02,Week-14,Q2,2023,2894,0,5405,87,0,Swipe ,Entertainment,1189.1,0
713179083,Blue,270,1,109,2023-04-02,Week-14,Q2,2023,3193,1533,4419,75,0.48,Swipe ,Bills,751.23,0
713180433,Blue,360,0,74,2023-04-02,Week-14,Q2,2023,3934,2517,4837,87,0.64,Swipe ,Entertainment,677.18,0
713181558,Blue,345,1,113,2023-04-02,Week-14,Q2,2023,5794,0,4201,73,0,Swipe ,Entertainment,1218.29,0
713182458,Blue,220,1,73,2023-04-02,Week-14,Q2,2023,16692,2446,1288,29,0.147,Swipe ,Entertainment,180.32,0
713183508,Blue,275,0,103,2023-04-02,Week-14,Q2,2023,2751,1158,4861,82,0.421,Swipe ,Food,1215.25,0
713184858,Blue,435,0,112,2023-04-02,Week-14,Q2,2023,1438.3,818,4196,71,0.569,Chip ,Food,923.12,0
713186058,Blue,330,0,97,2023-04-02,Week-14,Q2,2023,1438.3,0,2191,51,0,Swipe ,Bills,547.75,0
713187033,Blue,400,1,51,2023-04-02,Week-14,Q2,2023,20459,2071,1767,38,0.101,Swipe ,Bills,353.4,0
713188383,Blue,485,1,65,2023-04-02,Week-14,Q2,2023,3084,2517,1446,22,0.816,Swipe ,Bills,115.68,0
713193408,Blue,250,1,74,2023-04-02,Week-14,Q2,2023,2533,2076,3816,75,0.82,Swipe ,Food,915.84,0
713194608,Blue,340,0,85,2023-04-02,Week-14,Q2,2023,2463,1751,2171,58,0.711,Swipe ,Entertainment,151.97,0
713195808,Blue,220,1,78,2023-04-02,Week-14,Q2,2023,11948,1281,2792,51,0.107,Swipe ,Fuel,446.72,0
713197308,Silver,300,1,79,2023-04-02,Week-14,Q2,2023,6224,0,7612,82,0,Swipe ,Entertainment,1370.16,0
713199558,Blue,100,1,80,2023-04-02,Week-14,Q2,2023,1737,813,3669,58,0.468,Online ,Grocery,953.94,0
713203908,Blue,125,0,101,2023-04-02,Week-14,Q2,2023,2158,1695,1833,27,0.785,Swipe ,Entertainment,238.29,0
713205108,Blue,380,1,112,2023-04-02,Week-14,Q2,2023,1950,1062,3873,76,0.545,Swipe ,Fuel,580.95,0
713206683,Silver,385,1,56,2023-04-02,Week-14,Q2,2023,34516,0,1028,26,0,Swipe ,Entertainment,92.52,0
713208033,Blue,445,1,72,2023-04-02,Week-14,Q2,2023,7350,1360,7679,64,0.185,Swipe ,Food,691.11,0
713209308,Blue,275,0,67,2023-04-02,Week-14,Q2,2023,17218,1829,7971,97,0.106,Swipe ,Fuel,2231.88,0
713213133,Blue,365,1,78,2023-04-02,Week-14,Q2,2023,6763,1660,4972,76,0.245,Swipe ,Bills,546.92,0
713214558,Blue,110,0,118,2023-04-02,Week-14,Q2,2023,2628,2195,3608,68,0.835,Swipe ,Bills,793.76,0
713216883,Blue,410,0,109,2023-04-02,Week-14,Q2,2023,3500,1904,2003,41,0.544,Swipe ,Entertainment,180.27,0
713217858,Blue,440,1,118,2023-04-02,Week-14,Q2,2023,2264,0,1204,28,0,Swipe ,Travel,325.08,0
713220258,Blue,470,0,60,2023-04-02,Week-14,Q2,2023,8138,2104,1299,29,0.259,Swipe ,Fuel,207.84,0
713227233,Blue,455,0,59,2023-04-02,Week-14,Q2,2023,32535,0,4374,79,0,Chip ,Bills,393.66,0
713229633,Blue,175,1,157,2023-04-02,Week-14,Q2,2023,2759,0,2061,47,0,Chip ,Fuel,412.2,0
713231658,Blue,380,1,107,2023-04-02,Week-14,Q2,2023,5553,1117,3744,52,0.201,Chip ,Grocery,786.24,0
713233908,Blue,110,1,115,2023-04-02,Week-14,Q2,2023,20791,0,2883,93,0,Swipe ,Fuel,345.96,0
713236458,Blue,290,0,87,2023-04-02,Week-14,Q2,2023,18980,2517,8295,113,0.133,Swipe ,Fuel,2405.55,0
713237958,Blue,175,1,93,2023-04-02,Week-14,Q2,2023,2638,2092,1868,43,0.793,Swipe ,Bills,485.68,0
713239308,Blue,300,1,81,2023-04-02,Week-14,Q2,2023,2679,1694,4640,85,0.632,Swipe ,Fuel,324.8,0
713240133,Blue,200,0,98,2023-04-02,Week-14,Q2,2023,9351,1482,5099,60,0.158,Chip ,Food,611.88,0
713241033,Blue,225,0,90,2023-04-02,Week-14,Q2,2023,5175,977,2405,49,0.189,Swipe ,Travel,288.6,0
713242383,Silver,95,1,126,2023-04-02,Week-14,Q2,2023,34516,796,7721,75,0.023,Online ,Grocery,1698.62,0
713246208,Blue,175,0,79,2023-04-02,Week-14,Q2,2023,13364,1318,4548,54,0.099,Chip ,Entertainment,454.8,0
713247408,Blue,100,0,115,2023-04-02,Week-14,Q2,2023,1750,813,4333,68,0.465,Swipe ,Fuel,1083.25,0
713249883,Blue,400,1,99,2023-04-02,Week-14,Q2,2023,3359,873,4572,81,0.26,Online ,Entertainment,411.48,0
713251008,Blue,175,0,74,2023-04-02,Week-14,Q2,2023,2960,1853,3921,63,0.626,Chip ,Travel,823.41,0
713253858,Blue,350,1,55,2023-04-02,Week-14,Q2,2023,1461,0,2176,40,0,Chip ,Fuel,609.28,0
713254983,Blue,420,0,51,2023-04-02,Week-14,Q2,2023,14314,656,4355,70,0.046,Swipe ,Bills,1175.85,0
713256033,Blue,125,1,110,2023-04-02,Week-14,Q2,2023,4181,1604,3955,74,0.384,Chip ,Entertainment,435.05,0
713257083,Blue,190,0,76,2023-04-02,Week-14,Q2,2023,1925,1202,4343,66,0.624,Swipe ,Bills,434.3,0
713259858,Blue,280,1,109,2023-04-02,Week-14,Q2,2023,3324,0,982,22,0,Swipe ,Entertainment,255.32,0
713261133,Blue,200,0,92,2023-04-02,Week-14,Q2,2023,8632,0,2221,40,0,Swipe ,Bills,444.2,0
713263758,Blue,355,1,103,2023-04-02,Week-14,Q2,2023,2312,1997,5085,78,0.864,Chip ,Fuel,1067.85,0
713264583,Silver,300,1,120,2023-04-02,Week-14,Q2,2023,34516,1153,4486,71,0.033,Chip ,Bills,762.62,0
713265858,Blue,125,1,107,2023-04-02,Week-14,Q2,2023,34516,1344,4795,92,0.039,Swipe ,Entertainment,1198.75,0
713267133,Blue,480,1,106,2023-04-02,Week-14,Q2,2023,6519,851,3088,65,0.131,Online ,Entertainment,432.32,0
713269533,Blue,195,0,81,2023-04-02,Week-14,Q2,2023,9959,2517,8847,85,0.253,Swipe ,Bills,2388.69,0
713271708,Silver,415,0,93,2023-04-02,Week-14,Q2,2023,12685,0,4454,74,0,Swipe ,Grocery,623.56,0
713274183,Blue,245,1,117,2023-04-02,Week-14,Q2,2023,4977,1411,4182,85,0.284,Swipe ,Bills,794.58,1
713276733,Blue,270,1,83,2023-04-02,Week-14,Q2,2023,3562,2107,4490,90,0.592,Swipe ,Food,314.3,1
713277783,Silver,365,0,118,2023-04-02,Week-14,Q2,2023,18679,905,2168,55,0.048,Swipe ,Fuel,216.8,1
713279808,Blue,405,1,105,2023-04-02,Week-14,Q2,2023,5619,1310,1816,30,0.233,Swipe ,Bills,127.12,1
713281833,Blue,245,0,78,2023-04-02,Week-14,Q2,2023,13589,2517,9456,79,0.185,Chip ,Entertainment,1607.52,1
713282733,Blue,480,1,71,2023-04-02,Week-14,Q2,2023,3375,1730,4341,64,0.513,Chip ,Travel,1041.84,1
713283933,Blue,220,1,83,2023-04-02,Week-14,Q2,2023,3032,0,2273,44,0,Chip ,Grocery,409.14,1
713285058,Blue,355,0,103,2023-04-02,Week-14,Q2,2023,2258,1600,4275,76,0.709,Swipe ,Entertainment,384.75,0
713287608,Blue,325,1,74,2023-04-02,Week-14,Q2,2023,3161,1220,2412,62,0.386,Swipe ,Bills,313.56,0
713289183,Blue,175,0,115,2023-04-02,Week-14,Q2,2023,2255,1647,4270,76,0.73,Online ,Travel,768.6,0
713292933,Blue,270,0,108,2023-04-02,Week-14,Q2,2023,10566,726,2156,64,0.069,Swipe ,Bills,452.76,0
713293983,Silver,300,1,115,2023-04-02,Week-14,Q2,2023,3388,2517,15313,91,0.743,Chip ,Travel,2450.08,0
713295183,Blue,425,1,94,2023-04-02,Week-14,Q2,2023,24446,1854,3897,75,0.076,Swipe ,Fuel,584.55,0
713299758,Blue,300,0,84,2023-04-02,Week-14,Q2,2023,8979,1289,7422,87,0.144,Swipe ,Entertainment,964.86,0
713301633,Blue,245,1,110,2023-04-02,Week-14,Q2,2023,1678,1162,4402,87,0.692,Swipe ,Grocery,572.26,0
713302758,Blue,285,0,113,2023-04-02,Week-14,Q2,2023,14646,1448,8160,92,0.099,Swipe ,Fuel,1632,0
713303733,Blue,200,0,40,2023-04-02,Week-14,Q2,2023,1612,744,1564,33,0.462,Swipe ,Bills,422.28,0
713305233,Blue,340,1,78,2023-04-02,Week-14,Q2,2023,4994,0,4802,81,0,Swipe ,Entertainment,720.3,0
713307708,Blue,455,0,60,2023-04-02,Week-14,Q2,2023,2895,2517,1541,37,0.869,Swipe ,Fuel,184.92,0
713308683,Blue,340,1,105,2023-04-02,Week-14,Q2,2023,2733,1306,1139,39,0.478,Swipe ,Bills,296.14,0
713309583,Blue,275,0,102,2023-04-02,Week-14,Q2,2023,2967,2129,2177,59,0.718,Swipe ,Entertainment,152.39,0
713310558,Blue,345,0,148,2023-04-02,Week-14,Q2,2023,2035,1620,4130,74,0.796,Swipe ,Bills,991.2,0
713312208,Blue,345,0,119,2023-04-02,Week-14,Q2,2023,3146,0,1868,38,0,Swipe ,Food,485.68,0
713314533,Blue,375,1,105,2023-04-02,Week-14,Q2,2023,12283,0,1993,41,0,Chip ,Fuel,378.67,0
713315433,Silver,125,1,147,2023-04-02,Week-14,Q2,2023,18571,0,15802,118,0,Chip ,Travel,1580.2,0
713316558,Blue,245,0,113,2023-04-02,Week-14,Q2,2023,4573,0,3776,70,0,Swipe ,Grocery,906.24,0
713318733,Blue,300,0,116,2023-04-02,Week-14,Q2,2023,4097,0,8376,64,0,Chip ,Bills,1507.68,0
713320008,Blue,200,1,96,2023-04-02,Week-14,Q2,2023,3034,468,4172,66,0.154,Swipe ,Bills,1043,0
713321508,Blue,175,0,60,2023-04-02,Week-14,Q2,2023,1965,1175,4579,87,0.598,Chip ,Grocery,641.06,0
713322633,Blue,340,0,98,2023-04-02,Week-14,Q2,2023,2706,2517,1682,39,0.93,Swipe ,Bills,151.38,0
713325108,Blue,455,0,76,2023-04-02,Week-14,Q2,2023,7712,2517,1845,40,0.326,Swipe ,Entertainment,405.9,0
713328108,Blue,140,0,105,2023-04-02,Week-14,Q2,2023,1671,1047,5189,79,0.627,Swipe ,Food,363.23,0
713330133,Blue,220,0,113,2023-04-02,Week-14,Q2,2023,5843,1346,13299,95,0.23,Swipe ,Food,1728.87,0
713331408,Blue,125,0,120,2023-04-02,Week-14,Q2,2023,8682,1647,1792,36,0.19,Swipe ,Entertainment,268.8,0
713333433,Blue,200,1,82,2023-04-02,Week-14,Q2,2023,18075,0,1477,30,0,Chip ,Entertainment,324.94,0
713334483,Blue,150,1,87,2023-04-02,Week-14,Q2,2023,8766,0,2263,35,0,Chip ,Fuel,135.78,0
713336883,Blue,125,1,89,2023-04-02,Week-14,Q2,2023,1760,0,2285,46,0,Swipe ,Food,159.95,0
713339283,Blue,200,1,83,2023-04-02,Week-14,Q2,2023,6348,798,4135,71,0.126,Chip ,Entertainment,1116.45,0
713343333,Blue,175,0,67,2023-04-02,Week-14,Q2,2023,6698,1327,4065,77,0.198,Swipe ,Entertainment,609.75,0
713345508,Blue,125,0,103,2023-04-02,Week-14,Q2,2023,2325,1662,4471,83,0.715,Chip ,Fuel,1251.88,0
713346558,Blue,475,1,58,2023-04-02,Week-14,Q2,2023,6784,891,1900,28,0.131,Swipe ,Travel,114,0
713347608,Blue,175,0,114,2023-04-02,Week-14,Q2,2023,4917,0,9442,69,0,Chip ,Travel,944.2,0
713348433,Blue,175,0,101,2023-04-02,Week-14,Q2,2023,1545,751,4477,62,0.486,Chip ,Bills,1119.25,0
713350908,Blue,360,0,102,2023-04-02,Week-14,Q2,2023,2690,1912,3636,68,0.711,Swipe ,Fuel,363.6,0
713352183,Blue,125,1,105,2023-04-02,Week-14,Q2,2023,7173,1227,1793,33,0.171,Swipe ,Entertainment,215.16,0
713355708,Blue,140,0,89,2023-04-02,Week-14,Q2,2023,4739,1878,5238,84,0.396,Swipe ,Bills,1414.26,0
713356833,Blue,150,0,88,2023-04-02,Week-14,Q2,2023,3710,2517,1578,34,0.678,Swipe ,Travel,362.94,0
713358633,Blue,150,1,85,2023-04-02,Week-14,Q2,2023,11371,1015,2768,68,0.089,Swipe ,Entertainment,249.12,0
713362158,Blue,340,1,85,2023-04-02,Week-14,Q2,2023,17087,0,3519,70,0,Swipe ,Fuel,914.94,0
713363583,Blue,390,1,41,2023-04-02,Week-14,Q2,2023,5030,2326,3345,69,0.462,Swipe ,Fuel,267.6,0
713364783,Blue,175,1,87,2023-04-02,Week-14,Q2,2023,3453,1010,8108,85,0.292,Online ,Food,1621.6,0
713366583,Blue,370,1,117,2023-04-02,Week-14,Q2,2023,3055,1685,1405,40,0.552,Swipe ,Fuel,238.85,0
713367858,Blue,245,0,87,2023-04-02,Week-14,Q2,2023,2479,1748,8042,85,0.705,Swipe ,Food,2332.18,0
713368833,Blue,300,0,151,2023-04-02,Week-14,Q2,2023,6205,2233,3906,64,0.36,Chip ,Grocery,898.38,0
713370033,Blue,150,1,97,2023-04-02,Week-14,Q2,2023,1438.3,0,2014,53,0,Swipe ,Entertainment,302.1,0
713371233,Silver,400,1,79,2023-04-02,Week-14,Q2,2023,11583,631,3320,55,0.054,Swipe ,Entertainment,863.2,0
713372583,Blue,405,0,73,2023-04-02,Week-14,Q2,2023,1438.3,0,3786,67,0,Swipe ,Entertainment,795.06,0
713373708,Blue,125,0,83,2023-04-02,Week-14,Q2,2023,1857,0,2464,57,0,Swipe ,Grocery,492.8,0
713374533,Blue,110,0,100,2023-04-02,Week-14,Q2,2023,1981,1082,3913,90,0.546,Chip ,Bills,1134.77,0
713375658,Blue,380,1,93,2023-04-02,Week-14,Q2,2023,3176,0,2298,67,0,Swipe ,Grocery,229.8,0
713378133,Silver,435,1,84,2023-04-02,Week-14,Q2,2023,11696,2288,2445,60,0.196,Swipe ,Entertainment,391.2,0
713379258,Blue,190,0,80,2023-04-02,Week-14,Q2,2023,4097,1293,15925,100,0.316,Chip ,Fuel,2548,0
713380308,Blue,400,0,83,2023-04-02,Week-14,Q2,2023,1734,0,4092,76,0,Swipe ,Grocery,1186.68,0
713381433,Blue,175,1,154,2023-04-02,Week-14,Q2,2023,4196,731,1868,30,0.174,Swipe ,Grocery,130.76,0
713382558,Blue,110,1,88,2023-04-02,Week-14,Q2,2023,2063,953,4304,81,0.462,Swipe ,Food,989.92,0
713384508,Blue,110,0,71,2023-04-02,Week-14,Q2,2023,2897,1398,2698,73,0.483,Online ,Bills,458.66,0
713388108,Blue,495,0,136,2023-04-02,Week-14,Q2,2023,5210,0,2162,36,0,Chip ,Travel,497.26,0
713389233,Silver,325,1,88,2023-04-02,Week-14,Q2,2023,31631,0,3418,58,0,Chip ,Bills,273.44,0
713390433,Gold,465,1,125,2023-04-02,Week-14,Q2,2023,34516,2517,6782,67,0.073,Swipe ,Bills,542.56,0
713394858,Blue,150,0,57,2023-04-02,Week-14,Q2,2023,4776,0,4581,60,0,Chip ,Bills,1053.63,0
713396358,Blue,300,0,115,2023-04-02,Week-14,Q2,2023,3558,816,4878,71,0.229,Swipe ,Grocery,439.02,0
713398158,Platinum,375,1,69,2023-04-02,Week-14,Q2,2023,3821,1673,15005,89,0.438,Swipe ,Food,3451.15,0
713399583,Blue,100,1,95,2023-04-09,Week-15,Q2,2023,29865,2097,8636,74,0.07,Online ,Travel,1640.84,0
713401758,Blue,445,1,75,2023-04-09,Week-15,Q2,2023,3383,1458,4897,75,0.431,Chip ,Entertainment,1175.28,0
713405133,Blue,435,0,144,2023-04-09,Week-15,Q2,2023,5232,1923,4976,93,0.368,Swipe ,Grocery,1443.04,0
713407458,Blue,295,1,80,2023-04-09,Week-15,Q2,2023,2870,2284,3946,74,0.796,Swipe ,Entertainment,276.22,0
713412558,Blue,290,0,102,2023-04-09,Week-15,Q2,2023,5454,1108,2674,67,0.203,Swipe ,Bills,748.72,0
713413758,Blue,250,1,76,2023-04-09,Week-15,Q2,2023,2751,1599,2270,44,0.581,Swipe ,Fuel,340.5,0
713416233,Blue,300,0,104,2023-04-09,Week-15,Q2,2023,3242,2076,1841,46,0.64,Swipe ,Entertainment,128.87,0
713417433,Blue,245,0,108,2023-04-09,Week-15,Q2,2023,1711,0,4496,77,0,Chip ,Fuel,854.24,1
713418558,Blue,220,0,99,2023-04-09,Week-15,Q2,2023,9013,0,3819,71,0,Swipe ,Entertainment,305.52,1
713419908,Blue,275,0,120,2023-04-09,Week-15,Q2,2023,12362,0,4537,72,0,Chip ,Bills,998.14,1
713422083,Blue,140,1,97,2023-04-09,Week-15,Q2,2023,1574,0,2560,59,0,Swipe ,Grocery,204.8,1
713424108,Blue,200,1,93,2023-04-09,Week-15,Q2,2023,4288,2349,2591,57,0.548,Swipe ,Food,233.19,1
713425383,Blue,420,0,87,2023-04-09,Week-15,Q2,2023,7484,1939,4923,56,0.259,Swipe ,Grocery,639.99,1
713426358,Blue,395,1,111,2023-04-09,Week-15,Q2,2023,5685,0,2395,62,0,Swipe ,Bills,383.2,1
713428833,Blue,125,0,108,2023-04-09,Week-15,Q2,2023,7537,1239,7613,90,0.164,Swipe ,Entertainment,1446.47,1
713431008,Blue,200,1,70,2023-04-09,Week-15,Q2,2023,3562,0,4198,77,0,Swipe ,Fuel,503.76,0
713432508,Blue,270,1,97,2023-04-09,Week-15,Q2,2023,4328,1749,4593,72,0.404,Swipe ,Food,321.51,0
713435058,Blue,410,1,84,2023-04-09,Week-15,Q2,2023,1972,1489,4715,66,0.755,Chip ,Grocery,707.25,0
713436183,Blue,250,1,115,2023-04-09,Week-15,Q2,2023,5640,0,4739,80,0,Swipe ,Grocery,947.8,0
713437008,Blue,150,1,165,2023-04-09,Week-15,Q2,2023,6888,1878,9038,64,0.273,Chip ,Travel,1355.7,0
713438358,Blue,125,1,111,2023-04-09,Week-15,Q2,2023,5417,1904,1768,56,0.351,Swipe ,Entertainment,141.44,0
713440833,Blue,245,1,169,2023-04-09,Week-15,Q2,2023,2207,2020,4348,84,0.915,Swipe ,Fuel,608.72,0
713441958,Blue,245,1,91,2023-04-09,Week-15,Q2,2023,19727,1785,1245,25,0.09,Swipe ,Travel,99.6,0
713442933,Blue,200,1,78,2023-04-09,Week-15,Q2,2023,3114,2208,5219,86,0.709,Swipe ,Bills,626.28,0
713444058,Silver,270,1,113,2023-04-09,Week-15,Q2,2023,17437,2225,3381,51,0.128,Chip ,Food,236.67,0
713445183,Blue,200,0,77,2023-04-09,Week-15,Q2,2023,4008,1841,2794,58,0.459,Swipe ,Bills,810.26,0
713446083,Blue,250,0,46,2023-04-09,Week-15,Q2,2023,11545,1732,3996,65,0.15,Swipe ,Bills,799.2,0
713447583,Blue,470,0,91,2023-04-09,Week-15,Q2,2023,3871,2055,5480,58,0.531,Chip ,Entertainment,383.6,0
713451408,Blue,365,1,113,2023-04-09,Week-15,Q2,2023,1943,1654,3392,70,0.851,Chip ,Entertainment,271.36,0
713452533,Blue,400,1,150,2023-04-09,Week-15,Q2,2023,1438.3,0,3427,64,0,Chip ,Entertainment,342.7,0
713453733,Blue,200,0,114,2023-04-09,Week-15,Q2,2023,2529,1654,3428,84,0.654,Online ,Fuel,925.56,0
713455233,Blue,125,1,100,2023-04-09,Week-15,Q2,2023,34516,1416,4026,65,0.041,Swipe ,Entertainment,1046.76,0
713456583,Silver,140,1,79,2023-04-09,Week-15,Q2,2023,34516,1495,3247,70,0.043,Swipe ,Entertainment,551.99,0
713460258,Silver,480,0,95,2023-04-09,Week-15,Q2,2023,19107,933,8987,89,0.049,Swipe ,Bills,2067.01,0
713461533,Blue,495,1,45,2023-04-09,Week-15,Q2,2023,29200,1310,3042,73,0.045,Swipe ,Fuel,577.98,0
713462508,Blue,385,1,111,2023-04-09,Week-15,Q2,2023,3591,1760,13289,121,0.49,Chip ,Entertainment,1461.79,0
713463708,Blue,350,1,116,2023-04-09,Week-15,Q2,2023,1438.3,0,2493,42,0,Swipe ,Food,349.02,0
713464983,Blue,140,1,104,2023-04-09,Week-15,Q2,2023,4947,1053,3479,76,0.213,Swipe ,Fuel,661.01,0
713466033,Blue,250,1,95,2023-04-09,Week-15,Q2,2023,2092,0,2015,33,0,Swipe ,Fuel,161.2,0
713469333,Blue,335,0,52,2023-04-09,Week-15,Q2,2023,19279,1427,1777,56,0.074,Swipe ,Fuel,142.16,0
713474733,Blue,250,0,73,2023-04-09,Week-15,Q2,2023,1438.3,327,1783,40,0.227,Swipe ,Entertainment,142.64,0
713475633,Silver,125,1,78,2023-04-09,Week-15,Q2,2023,34516,2203,14204,96,0.064,Online ,Fuel,1846.52,0
713476758,Blue,345,1,97,2023-04-09,Week-15,Q2,2023,10007,1586,4309,77,0.158,Chip ,Food,689.44,0
713480583,Blue,275,1,119,2023-04-09,Week-15,Q2,2023,4668,0,1612,47,0,Swipe ,Bills,354.64,0
713482608,Blue,400,1,92,2023-04-09,Week-15,Q2,2023,3560,751,4060,79,0.211,Chip ,Entertainment,568.4,0
713484483,Silver,320,0,141,2023-04-09,Week-15,Q2,2023,34516,907,2298,55,0.026,Swipe ,Entertainment,436.62,0
713486583,Blue,345,1,81,2023-04-09,Week-15,Q2,2023,17277,2151,8838,97,0.125,Swipe ,Bills,2121.12,0
713487633,Blue,450,1,77,2023-04-09,Week-15,Q2,2023,34516,1807,7663,91,0.052,Swipe ,Food,1992.38,0
713489358,Blue,125,0,119,2023-04-09,Week-15,Q2,2023,3698,0,3763,82,0,Swipe ,Grocery,1016.01,0
713490483,Blue,405,1,43,2023-04-09,Week-15,Q2,2023,21740,0,1755,54,0,Swipe ,Bills,280.8,0
713492583,Blue,95,0,114,2023-04-09,Week-15,Q2,2023,5845,0,2308,35,0,Chip ,Fuel,161.56,0
713497983,Blue,100,1,116,2023-04-09,Week-15,Q2,2023,5578,0,3459,53,0,Swipe ,Fuel,726.39,0
713499408,Blue,245,0,88,2023-04-09,Week-15,Q2,2023,1438.3,0,4109,71,0,Swipe ,Bills,1191.61,0
713503983,Blue,365,0,72,2023-04-09,Week-15,Q2,2023,2240,1231,3623,71,0.55,Swipe ,Food,941.98,0
713508333,Blue,200,1,81,2023-04-09,Week-15,Q2,2023,1884,1216,4591,85,0.645,Swipe ,Entertainment,321.37,0
713509908,Blue,125,1,146,2023-04-09,Week-15,Q2,2023,1755,1058,4719,90,0.603,Swipe ,Food,707.85,0
713511108,Blue,275,1,51,2023-04-09,Week-15,Q2,2023,1438.3,847,1397,43,0.589,Swipe ,Food,167.64,0
713512308,Blue,200,0,78,2023-04-09,Week-15,Q2,2023,3423,0,2229,45,0,Swipe ,Entertainment,200.61,0
713514633,Blue,150,1,101,2023-04-09,Week-15,Q2,2023,6224,0,8291,69,0,Swipe ,Fuel,1658.2,0
713516433,Blue,125,0,84,2023-04-09,Week-15,Q2,2023,5383,737,2934,80,0.137,Swipe ,Fuel,234.72,0
713519508,Blue,495,1,90,2023-04-09,Week-15,Q2,2023,1983,989,5065,80,0.499,Swipe ,Food,658.45,0
713520858,Silver,480,0,79,2023-04-09,Week-15,Q2,2023,3895,1981,16023,119,0.509,Chip ,Travel,1922.76,0
713522058,Blue,150,1,116,2023-04-09,Week-15,Q2,2023,1978,871,4299,59,0.44,Chip ,Entertainment,1246.71,0
713526258,Blue,125,0,100,2023-04-09,Week-15,Q2,2023,34516,0,2020,33,0,Chip ,Entertainment,202,0
713529858,Silver,485,1,82,2023-04-09,Week-15,Q2,2023,15578,1383,2492,71,0.089,Swipe ,Bills,224.28,0
713530833,Blue,295,1,107,2023-04-09,Week-15,Q2,2023,4085,2238,596,15,0.548,Swipe ,Fuel,125.16,0
713531808,Blue,245,1,156,2023-04-09,Week-15,Q2,2023,1438.3,0,4475,74,0,Swipe ,Fuel,760.75,0
713532858,Blue,270,1,92,2023-04-09,Week-15,Q2,2023,4728,1386,4077,70,0.293,Swipe ,Fuel,244.62,0
713533983,Blue,220,1,50,2023-04-09,Week-15,Q2,2023,2585,1207,1590,33,0.467,Swipe ,Bills,381.6,0
713535033,Blue,475,0,119,2023-04-09,Week-15,Q2,2023,22243,1377,3200,91,0.062,Chip ,Food,896,0
713536158,Blue,195,0,72,2023-04-09,Week-15,Q2,2023,4189,0,1597,31,0,Swipe ,Food,143.73,0
713537733,Gold,125,0,46,2023-04-09,Week-15,Q2,2023,34516,1426,7582,95,0.041,Swipe ,Bills,1288.94,0
713539833,Blue,245,0,53,2023-04-09,Week-15,Q2,2023,8135,0,1716,29,0,Swipe ,Bills,171.6,0
713541033,Blue,405,0,82,2023-04-09,Week-15,Q2,2023,2144,1557,4571,85,0.726,Online ,Fuel,822.78,0
713542008,Blue,430,1,140,2023-04-09,Week-15,Q2,2023,1438.3,0,4236,83,0,Swipe ,Bills,1101.36,0
713542908,Blue,395,1,154,2023-04-09,Week-15,Q2,2023,5871,1829,15645,117,0.312,Swipe ,Food,1720.95,0
713546883,Blue,465,1,82,2023-04-09,Week-15,Q2,2023,4786,1553,5039,76,0.324,Swipe ,Entertainment,1259.75,0
713548158,Blue,225,0,42,2023-04-09,Week-15,Q2,2023,2657,1611,2349,41,0.606,Swipe ,Bills,375.84,0
713550483,Blue,410,1,118,2023-04-09,Week-15,Q2,2023,8670,1930,13767,96,0.223,Swipe ,Grocery,3441.75,0
713552958,Blue,175,0,87,2023-04-09,Week-15,Q2,2023,12773,1637,14833,114,0.128,Swipe ,Food,1186.64,0
713555133,Blue,425,0,42,2023-04-09,Week-15,Q2,2023,1667,595,2424,40,0.357,Swipe ,Bills,387.84,0
713556033,Blue,245,1,91,2023-04-09,Week-15,Q2,2023,1438.3,790,3959,59,0.549,Chip ,Bills,752.21,0
713557533,Blue,245,1,85,2023-04-09,Week-15,Q2,2023,4353,1655,2664,81,0.38,Swipe ,Grocery,719.28,0
713560758,Blue,200,1,96,2023-04-09,Week-15,Q2,2023,3181,2087,13392,92,0.656,Chip ,Food,3481.92,0
713563383,Blue,420,1,121,2023-04-09,Week-15,Q2,2023,1930,952,3862,80,0.493,Swipe ,Bills,579.3,0
713564208,Blue,495,1,117,2023-04-09,Week-15,Q2,2023,2207,1527,4159,64,0.692,Swipe ,Entertainment,914.98,0
713567958,Blue,425,1,118,2023-04-09,Week-15,Q2,2023,2957,1408,4280,82,0.476,Swipe ,Entertainment,299.6,0
713569158,Blue,465,0,74,2023-04-09,Week-15,Q2,2023,1654,1474,2086,47,0.891,Chip ,Food,146.02,0
713571258,Silver,495,1,57,2023-04-09,Week-15,Q2,2023,32349,1630,1343,41,0.05,Swipe ,Entertainment,389.47,0
713572683,Blue,100,1,117,2023-04-09,Week-15,Q2,2023,1862,0,1226,34,0,Swipe ,Bills,110.34,0
713573508,Silver,340,1,86,2023-04-09,Week-15,Q2,2023,16509,425,1740,43,0.026,Chip ,Bills,243.6,0
713574708,Blue,245,1,123,2023-04-09,Week-15,Q2,2023,1640,1177,3124,66,0.718,Swipe ,Bills,718.52,0
713577483,Blue,270,0,79,2023-04-09,Week-15,Q2,2023,5589,1430,1570,31,0.256,Swipe ,Fuel,439.6,0
713578608,Blue,110,1,73,2023-04-09,Week-15,Q2,2023,1438.3,0,4082,82,0,Online ,Entertainment,775.58,0
713579733,Blue,150,1,101,2023-04-09,Week-15,Q2,2023,4511,754,2597,71,0.167,Swipe ,Entertainment,545.37,0
713580633,Blue,150,0,164,2023-04-09,Week-15,Q2,2023,11477,0,1260,27,0,Swipe ,Bills,189,0
713583408,Blue,250,0,110,2023-04-09,Week-15,Q2,2023,4708,920,2179,50,0.195,Swipe ,Bills,522.96,0
713585958,Blue,95,1,97,2023-04-09,Week-15,Q2,2023,5997,0,1457,42,0,Online ,Fuel,349.68,0
713586858,Blue,435,0,49,2023-04-09,Week-15,Q2,2023,11721,1175,4187,73,0.1,Chip ,Food,879.27,0
713588958,Blue,300,0,83,2023-04-09,Week-15,Q2,2023,2129,1507,3655,70,0.708,Online ,Bills,767.55,0
713590158,Blue,175,1,109,2023-04-09,Week-15,Q2,2023,5045,2080,2042,40,0.412,Chip ,Bills,551.34,0
713591283,Blue,125,1,144,2023-04-09,Week-15,Q2,2023,2161,1404,4389,77,0.65,Chip ,Grocery,790.02,0
713592408,Blue,470,1,150,2023-04-09,Week-15,Q2,2023,2590,0,3391,66,0,Swipe ,Food,678.2,0
713593683,Blue,425,1,104,2023-04-09,Week-15,Q2,2023,11155,1583,3504,60,0.142,Swipe ,Food,385.44,0
713594883,Blue,400,0,100,2023-04-09,Week-15,Q2,2023,1486,849,2380,43,0.571,Swipe ,Fuel,618.8,0
713597658,Blue,125,0,96,2023-04-09,Week-15,Q2,2023,2784,2378,2021,57,0.854,Swipe ,Grocery,424.41,0
713600958,Blue,285,0,87,2023-04-09,Week-15,Q2,2023,34516,2076,3647,65,0.06,Chip ,Fuel,437.64,1
713605908,Blue,245,0,102,2023-04-09,Week-15,Q2,2023,34516,1316,3863,69,0.038,Swipe ,Fuel,965.75,1
713607108,Blue,355,1,101,2023-04-09,Week-15,Q2,2023,1852,1428,4486,61,0.771,Chip ,Grocery,807.48,1
713608383,Blue,150,1,108,2023-04-09,Week-15,Q2,2023,1438.3,0,1632,36,0,Chip ,Fuel,342.72,1
713610033,Blue,340,0,104,2023-04-09,Week-15,Q2,2023,5062,1996,1314,40,0.394,Swipe ,Bills,223.38,1
713610933,Blue,110,0,115,2023-04-09,Week-15,Q2,2023,2708,0,4277,90,0,Chip ,Entertainment,855.4,1
713613258,Blue,425,0,120,2023-04-09,Week-15,Q2,2023,1438.3,0,4461,71,0,Chip ,Food,892.2,1
713617608,Silver,100,1,83,2023-04-09,Week-15,Q2,2023,34516,1844,4217,79,0.053,Swipe ,Grocery,590.38,0
713620308,Blue,150,1,72,2023-04-09,Week-15,Q2,2023,4675,1734,1232,34,0.371,Swipe ,Bills,234.08,0
713625483,Blue,495,0,62,2023-04-09,Week-15,Q2,2023,11811,2508,1469,29,0.212,Swipe ,Fuel,102.83,0
713629533,Blue,410,1,94,2023-04-09,Week-15,Q2,2023,1438.3,670,4321,83,0.466,Chip ,Food,734.57,0
713630733,Blue,200,0,47,2023-04-09,Week-15,Q2,2023,5712,1955,2617,54,0.342,Swipe ,Bills,680.42,0
713632983,Blue,325,0,65,2023-04-09,Week-15,Q2,2023,10588,503,7886,70,0.048,Swipe ,Food,788.6,0
713634108,Blue,465,0,91,2023-04-09,Week-15,Q2,2023,4348,1830,4293,66,0.421,Swipe ,Bills,643.95,0
713637783,Blue,175,1,102,2023-04-09,Week-15,Q2,2023,24936,2053,1810,38,0.082,Swipe ,Fuel,398.2,0
713639058,Blue,300,0,110,2023-04-09,Week-15,Q2,2023,1511,0,1329,35,0,Swipe ,Entertainment,93.03,0
713639958,Blue,125,1,98,2023-04-09,Week-15,Q2,2023,9478,820,1327,41,0.087,Swipe ,Bills,119.43,0
713641233,Blue,300,1,81,2023-04-09,Week-15,Q2,2023,10262,1888,3553,65,0.184,Chip ,Fuel,710.6,0
713642133,Blue,435,1,78,2023-04-09,Week-15,Q2,2023,1892,1049,4558,60,0.554,Swipe ,Entertainment,638.12,0
713643858,Blue,410,1,44,2023-04-09,Week-15,Q2,2023,1525,1411,1911,47,0.925,Swipe ,Travel,382.2,0
713644758,Blue,460,0,91,2023-04-09,Week-15,Q2,2023,8514,2013,4098,74,0.236,Swipe ,Entertainment,1147.44,0
713645883,Blue,125,1,94,2023-04-09,Week-15,Q2,2023,1879,1486,5202,88,0.791,Chip ,Food,624.24,0
713647083,Blue,290,0,108,2023-04-09,Week-15,Q2,2023,9314,1761,3696,80,0.189,Chip ,Entertainment,554.4,0
713648208,Blue,470,0,94,2023-04-09,Week-15,Q2,2023,3097,2409,4624,86,0.778,Chip ,Travel,924.8,0
713650683,Blue,350,1,62,2023-04-09,Week-15,Q2,2023,3094,2266,1591,37,0.732,Swipe ,Bills,143.19,0
713652783,Blue,175,1,161,2023-04-09,Week-15,Q2,2023,2367,1220,5568,90,0.515,Swipe ,Food,1113.6,0
713653983,Blue,95,0,137,2023-04-09,Week-15,Q2,2023,2973,1136,4342,87,0.382,Swipe ,Food,998.66,0
713655108,Blue,425,1,44,2023-04-09,Week-15,Q2,2023,9752,1423,14220,108,0.146,Swipe ,Food,1990.8,0
713656308,Blue,375,1,75,2023-04-09,Week-15,Q2,2023,1438.3,0,4210,75,0,Swipe ,Bills,926.2,0
713657733,Blue,175,1,72,2023-04-09,Week-15,Q2,2023,9132,800,3809,71,0.088,Swipe ,Bills,647.53,0
713661933,Blue,370,1,112,2023-04-09,Week-15,Q2,2023,1522,0,4835,70,0,Swipe ,Entertainment,725.25,0
713663508,Blue,330,0,119,2023-04-09,Week-15,Q2,2023,1438.3,0,1088,22,0,Swipe ,Fuel,141.44,0
713664258,Blue,355,0,73,2023-04-09,Week-15,Q2,2023,14344,2014,7359,85,0.14,Swipe ,Grocery,2060.52,0
713666058,Blue,125,1,108,2023-04-09,Week-15,Q2,2023,3276,1915,4264,76,0.585,Chip ,Grocery,810.16,0
713668158,Blue,380,1,83,2023-04-09,Week-15,Q2,2023,21067,0,9212,71,0,Chip ,Travel,1013.32,0
713670333,Blue,125,1,53,2023-04-09,Week-15,Q2,2023,2486,1464,1378,27,0.589,Swipe ,Bills,192.92,0
713671158,Blue,450,1,87,2023-04-09,Week-15,Q2,2023,34516,2328,15754,121,0.067,Swipe ,Entertainment,3150.8,0
713672208,Blue,95,1,66,2023-04-09,Week-15,Q2,2023,19939,0,3342,76,0,Swipe ,Fuel,434.46,0
713675658,Blue,200,1,84,2023-04-09,Week-15,Q2,2023,9817,848,4636,85,0.086,Swipe ,Fuel,324.52,0
713677158,Blue,250,1,96,2023-04-09,Week-15,Q2,2023,1623,0,2126,45,0,Swipe ,Grocery,382.68,0
713679633,Blue,320,0,68,2023-04-09,Week-15,Q2,2023,1438.3,0,1813,51,0,Chip ,Entertainment,163.17,0
713681433,Blue,125,1,75,2023-04-09,Week-15,Q2,2023,9716,874,5007,91,0.09,Chip ,Entertainment,600.84,0
713682708,Blue,320,1,67,2023-04-09,Week-15,Q2,2023,10991,1328,3692,60,0.121,Swipe ,Grocery,738.4,0
713685033,Blue,270,0,79,2023-04-09,Week-15,Q2,2023,2417,0,1848,38,0,Swipe ,Entertainment,517.44,0
713686008,Blue,300,0,90,2023-04-09,Week-15,Q2,2023,11474,0,13041,98,0,Swipe ,Food,2477.79,0
713687508,Blue,125,0,171,2023-04-09,Week-15,Q2,2023,9944,1606,3159,69,0.162,Swipe ,Grocery,852.93,0
713688933,Blue,100,1,87,2023-04-09,Week-15,Q2,2023,8798,1509,8020,74,0.172,Swipe ,Bills,2325.8,0
713691633,Gold,370,0,94,2023-04-09,Week-15,Q2,2023,3076,0,15514,123,0,Online ,Food,2792.52,0
713692683,Blue,405,1,113,2023-04-09,Week-15,Q2,2023,2243,1944,3216,77,0.867,Swipe ,Fuel,707.52,0
713693958,Blue,100,0,73,2023-04-09,Week-15,Q2,2023,8638,0,1295,29,0,Swipe ,Bills,155.4,0
713695158,Blue,470,0,144,2023-04-09,Week-15,Q2,2023,1562,1057,5019,78,0.677,Swipe ,Grocery,451.71,0
713696808,Blue,320,1,69,2023-04-09,Week-15,Q2,2023,1801,316,2252,42,0.175,Swipe ,Bills,360.32,0
713697933,Blue,470,0,84,2023-04-09,Week-15,Q2,2023,34516,1264,7827,77,0.037,Swipe ,Entertainment,1330.59,0
713700258,Blue,490,1,135,2023-04-09,Week-15,Q2,2023,2953,1896,4644,79,0.642,Swipe ,Fuel,975.24,0
713701533,Blue,485,1,46,2023-04-09,Week-15,Q2,2023,9773,1998,3578,71,0.204,Swipe ,Fuel,536.7,0
713705358,Blue,355,0,85,2023-04-09,Week-15,Q2,2023,7349,994,13970,109,0.135,Swipe ,Fuel,4051.3,0
713706258,Blue,330,1,119,2023-04-09,Week-15,Q2,2023,1438.3,773,4890,63,0.537,Swipe ,Entertainment,978,0
713708358,Silver,125,0,81,2023-04-09,Week-15,Q2,2023,19594,971,12429,111,0.05,Swipe ,Bills,1615.77,0
713709258,Blue,95,1,72,2023-04-09,Week-15,Q2,2023,2142,1369,4424,88,0.639,Online ,Grocery,973.28,0
713710383,Blue,200,1,107,2023-04-09,Week-15,Q2,2023,18008,2517,2659,55,0.14,Swipe ,Grocery,345.67,0
713713983,Blue,390,0,88,2023-04-09,Week-15,Q2,2023,2899,1952,4906,94,0.673,Swipe ,Fuel,1079.32,0
713717283,Blue,225,1,74,2023-04-09,Week-15,Q2,2023,2473,2332,1738,32,0.943,Swipe ,Entertainment,486.64,0
713718558,Blue,290,0,108,2023-04-09,Week-15,Q2,2023,2403,0,3393,64,0,Swipe ,Entertainment,475.02,0
713722608,Blue,140,1,50,2023-04-09,Week-15,Q2,2023,2806,2514,1757,35,0.896,Chip ,Fuel,298.69,0
713723433,Blue,270,0,111,2023-04-09,Week-15,Q2,2023,5721,0,4188,79,0,Swipe ,Bills,544.44,0
713725683,Blue,300,1,66,2023-04-09,Week-15,Q2,2023,3282,1843,2614,79,0.562,Swipe ,Bills,209.12,0
713726958,Blue,350,0,138,2023-04-09,Week-15,Q2,2023,1728,0,2191,38,0,Swipe ,Bills,482.02,0
713730108,Blue,340,1,78,2023-04-09,Week-15,Q2,2023,11596,1258,4686,67,0.108,Swipe ,Grocery,796.62,0
713730933,Blue,490,1,101,2023-04-09,Week-15,Q2,2023,1438.3,0,1739,44,0,Online ,Bills,330.41,0
713732883,Blue,340,1,78,2023-04-09,Week-15,Q2,2023,1679,0,4771,81,0,Swipe ,Fuel,429.39,0
713733633,Blue,300,1,95,2023-04-09,Week-15,Q2,2023,13303,2517,10219,85,0.189,Chip ,Travel,2759.13,0
713734758,Blue,450,1,55,2023-04-09,Week-15,Q2,2023,6729,2375,2080,50,0.353,Swipe ,Entertainment,249.6,0
713735508,Blue,410,0,123,2023-04-09,Week-15,Q2,2023,11927,675,1986,36,0.057,Swipe ,Bills,198.6,0
713736333,Blue,150,1,88,2023-04-09,Week-15,Q2,2023,3606,0,1829,41,0,Swipe ,Grocery,493.83,0
713738883,Blue,245,1,65,2023-04-09,Week-15,Q2,2023,3136,1422,1260,34,0.453,Swipe ,Entertainment,277.2,0
713739708,Blue,350,1,94,2023-04-09,Week-15,Q2,2023,2415,2050,4479,71,0.849,Swipe ,Entertainment,940.59,0
713740533,Blue,455,1,97,2023-04-09,Week-15,Q2,2023,2775,1664,2478,52,0.6,Swipe ,Bills,669.06,0
713741358,Blue,175,0,79,2023-04-09,Week-15,Q2,2023,32975,2517,597,17,0.076,Swipe ,Bills,137.31,0
713743158,Blue,250,1,112,2023-04-09,Week-15,Q2,2023,19063,1714,1270,21,0.09,Swipe ,Bills,241.3,0
713744058,Blue,350,0,80,2023-04-09,Week-15,Q2,2023,2359,1509,5232,78,0.64,Chip ,Bills,313.92,0
713745783,Gold,125,0,97,2023-04-09,Week-15,Q2,2023,34516,1452,2336,49,0.042,Swipe ,Grocery,420.48,0
713746608,Blue,490,1,70,2023-04-09,Week-15,Q2,2023,8446,908,4240,67,0.108,Swipe ,Entertainment,720.8,0
713747733,Blue,485,1,111,2023-04-09,Week-15,Q2,2023,3096,2217,2011,41,0.716,Swipe ,Bills,120.66,0
713748708,Blue,200,1,99,2023-04-09,Week-15,Q2,2023,1438.3,0,1757,44,0,Swipe ,Fuel,404.11,0
713750583,Blue,470,1,77,2023-04-09,Week-15,Q2,2023,1928,1125,2190,30,0.584,Swipe ,Bills,284.7,0
713755458,Blue,455,1,95,2023-04-09,Week-15,Q2,2023,9959,952,10310,63,0.096,Chip ,Travel,721.7,0
713756508,Blue,300,1,77,2023-04-09,Week-15,Q2,2023,4213,997,1264,30,0.237,Swipe ,Bills,126.4,0
713757633,Blue,490,1,89,2023-04-09,Week-15,Q2,2023,7427,1303,1596,42,0.175,Swipe ,Entertainment,351.12,0
713758758,Gold,395,0,69,2023-04-09,Week-15,Q2,2023,14581,2517,17628,109,0.173,Swipe ,Bills,4759.56,0
713759583,Blue,125,0,110,2023-04-16,Week-16,Q2,2023,3173,1822,4883,71,0.574,Swipe ,Fuel,634.79,0
713761608,Silver,125,0,74,2023-04-16,Week-16,Q2,2023,34516,1652,8450,90,0.048,Swipe ,Food,845,0
713763633,Blue,320,1,111,2023-04-16,Week-16,Q2,2023,3014,794,1488,30,0.263,Swipe ,Grocery,312.48,0
713764458,Blue,295,1,158,2023-04-16,Week-16,Q2,2023,10620,2090,3453,68,0.197,Swipe ,Bills,932.31,0
713766183,Blue,375,1,128,2023-04-16,Week-16,Q2,2023,16156,2517,4160,81,0.156,Swipe ,Bills,956.8,0
713767383,Blue,150,1,96,2023-04-16,Week-16,Q2,2023,2062,1665,2397,41,0.807,Swipe ,Bills,599.25,0
713768358,Blue,245,0,114,2023-04-16,Week-16,Q2,2023,7935,888,15380,122,0.112,Chip ,Travel,3383.6,0
713769258,Blue,125,0,107,2023-04-16,Week-16,Q2,2023,17116,939,2547,45,0.055,Swipe ,Travel,407.52,0
713770383,Blue,295,1,78,2023-04-16,Week-16,Q2,2023,2926,0,2775,74,0,Swipe ,Entertainment,721.5,0
713772333,Blue,190,0,110,2023-04-16,Week-16,Q2,2023,3223,243,1979,38,0.075,Swipe ,Entertainment,395.8,0
713773458,Blue,480,0,120,2023-04-16,Week-16,Q2,2023,7567,1173,1435,32,0.155,Swipe ,Bills,387.45,0
713777883,Blue,300,0,98,2023-04-16,Week-16,Q2,2023,6853,1679,3543,52,0.245,Swipe ,Entertainment,850.32,0
713779908,Blue,200,1,119,2023-04-16,Week-16,Q2,2023,2189,1666,1287,36,0.761,Swipe ,Bills,244.53,0
713782608,Blue,125,0,72,2023-04-16,Week-16,Q2,2023,2652,2386,5329,83,0.9,Swipe ,Food,1065.8,0
713784558,Blue,100,0,116,2023-04-16,Week-16,Q2,2023,3510,941,4833,77,0.268,Swipe ,Food,1063.26,0
713785608,Blue,480,1,73,2023-04-16,Week-16,Q2,2023,2960,0,4918,63,0,Online ,Bills,491.8,0
713786508,Blue,370,1,46,2023-04-16,Week-16,Q2,2023,2038,0,1238,28,0,Swipe ,Bills,272.36,0
713787333,Blue,470,0,164,2023-04-16,Week-16,Q2,2023,3818,1142,14731,113,0.299,Chip ,Travel,2062.34,0
713788083,Blue,460,1,87,2023-04-16,Week-16,Q2,2023,1624,0,1897,35,0,Chip ,Bills,113.82,0
713789883,Blue,250,0,117,2023-04-16,Week-16,Q2,2023,1479,1004,5116,75,0.679,Chip ,Travel,767.4,0
713790708,Blue,330,0,52,2023-04-16,Week-16,Q2,2023,3421,2308,2269,39,0.675,Swipe ,Bills,476.49,0
713792583,Blue,400,1,94,2023-04-16,Week-16,Q2,2023,10351,1356,4572,76,0.131,Swipe ,Bills,868.68,0
713796033,Blue,440,1,108,2023-04-16,Week-16,Q2,2023,4738,0,1900,36,0,Chip ,Travel,152,0
713798958,Blue,200,1,89,2023-04-16,Week-16,Q2,2023,1946,1430,4643,87,0.735,Swipe ,Food,1160.75,0
713800158,Blue,355,0,117,2023-04-16,Week-16,Q2,2023,2994,2351,1540,32,0.785,Swipe ,Entertainment,184.8,0
713803158,Blue,430,0,72,2023-04-16,Week-16,Q2,2023,9246,0,4611,91,0,Chip ,Entertainment,276.66,0
713804058,Blue,125,1,108,2023-04-16,Week-16,Q2,2023,4187,2199,4647,81,0.525,Chip ,Bills,882.93,0
713804883,Blue,340,0,115,2023-04-16,Week-16,Q2,2023,1836,0,1799,28,0,Swipe ,Fuel,359.8,0
713808633,Silver,420,1,95,2023-04-16,Week-16,Q2,2023,10850,1873,13794,127,0.173,Swipe ,Bills,4000.26,0
713809833,Blue,355,1,89,2023-04-16,Week-16,Q2,2023,9749,859,4684,86,0.088,Swipe ,Bills,702.6,0
713810658,Blue,395,1,118,2023-04-16,Week-16,Q2,2023,3384,799,13152,100,0.236,Swipe ,Grocery,1578.24,1
713814408,Blue,285,0,97,2023-04-16,Week-16,Q2,2023,7901,1184,3667,66,0.15,Online ,Entertainment,550.05,1
713815383,Blue,385,1,79,2023-04-16,Week-16,Q2,2023,11778,0,2147,44,0,Chip ,Entertainment,579.69,1
713818158,Blue,250,0,120,2023-04-16,Week-16,Q2,2023,5068,991,5173,64,0.196,Swipe ,Bills,1344.98,1
713819283,Blue,335,1,82,2023-04-16,Week-16,Q2,2023,25197,2517,3002,58,0.1,Swipe ,Entertainment,630.42,1
713822208,Blue,200,1,87,2023-04-16,Week-16,Q2,2023,4836,493,1870,45,0.102,Swipe ,Bills,280.5,1
713823033,Blue,250,0,99,2023-04-16,Week-16,Q2,2023,8149,0,808,30,0,Swipe ,Entertainment,161.6,1
713824983,Blue,200,1,69,2023-04-16,Week-16,Q2,2023,8401,1085,7697,98,0.129,Swipe ,Entertainment,2001.22,1
713826183,Blue,340,1,96,2023-04-16,Week-16,Q2,2023,1639,0,2242,44,0,Online ,Entertainment,493.24,0
713827383,Blue,200,0,67,2023-04-16,Week-16,Q2,2023,3198,2493,1936,44,0.78,Swipe ,Bills,503.36,0
713828208,Blue,200,1,63,2023-04-16,Week-16,Q2,2023,8311,0,1895,57,0,Swipe ,Fuel,379,0
713830233,Blue,395,1,96,2023-04-16,Week-16,Q2,2023,7061,1813,1831,60,0.257,Swipe ,Bills,384.51,0
713833233,Silver,250,0,87,2023-04-16,Week-16,Q2,2023,34516,1768,15134,124,0.051,Chip ,Travel,4388.86,0
713834358,Blue,475,0,105,2023-04-16,Week-16,Q2,2023,4701,1492,1679,32,0.317,Swipe ,Entertainment,268.64,0
713835258,Blue,140,0,55,2023-04-16,Week-16,Q2,2023,3088,2083,1561,40,0.675,Swipe ,Fuel,171.71,0
713837058,Blue,295,0,71,2023-04-16,Week-16,Q2,2023,2571,1955,1234,24,0.76,Swipe ,Bills,222.12,0
713843283,Silver,125,1,52,2023-04-16,Week-16,Q2,2023,34516,2053,1487,26,0.059,Swipe ,Bills,252.79,0
713845083,Blue,125,1,77,2023-04-16,Week-16,Q2,2023,4203,2517,1489,43,0.599,Swipe ,Bills,193.57,0
713847858,Blue,300,1,114,2023-04-16,Week-16,Q2,2023,1438.3,0,1849,43,0,Chip ,Grocery,203.39,0
713850783,Blue,405,0,136,2023-04-16,Week-16,Q2,2023,4263,0,4876,70,0,Swipe ,Grocery,1316.52,0
713852958,Silver,320,1,81,2023-04-16,Week-16,Q2,2023,31501,1810,3893,81,0.057,Chip ,Fuel,739.67,0
713853858,Silver,175,1,96,2023-04-16,Week-16,Q2,2023,34516,1433,2589,57,0.042,Chip ,Entertainment,673.14,0
713854608,Blue,125,0,60,2023-04-16,Week-16,Q2,2023,9521,1669,2444,63,0.175,Swipe ,Entertainment,317.72,0
713856708,Blue,450,1,113,2023-04-16,Week-16,Q2,2023,6798,2517,4327,79,0.37,Chip ,Bills,735.59,0
713857758,Blue,470,0,112,2023-04-16,Week-16,Q2,2023,5842,198,1828,44,0.034,Chip ,Grocery,383.88,0
713858733,Blue,395,0,98,2023-04-16,Week-16,Q2,2023,2566,2164,4344,73,0.843,Online ,Food,1259.76,0
713861733,Blue,95,1,70,2023-04-16,Week-16,Q2,2023,34516,1542,1770,65,0.045,Swipe ,Bills,460.2,0
713865333,Blue,435,0,97,2023-04-16,Week-16,Q2,2023,4908,0,827,21,0,Swipe ,Bills,157.13,0
713866308,Blue,370,0,157,2023-04-16,Week-16,Q2,2023,15100,2004,4135,76,0.133,Swipe ,Food,620.25,0
713868033,Silver,320,1,74,2023-04-16,Week-16,Q2,2023,34516,1484,16373,114,0.043,Chip ,Grocery,3602.06,0
713869083,Blue,150,0,109,2023-04-16,Week-16,Q2,2023,29394,1002,14901,92,0.034,Swipe ,Bills,1341.09,0
713870958,Platinum,125,1,76,2023-04-16,Week-16,Q2,2023,34516,0,8416,93,0,Swipe ,Bills,1935.68,0
713872008,Blue,350,1,90,2023-04-16,Week-16,Q2,2023,2215,1347,4656,72,0.608,Swipe ,Bills,1070.88,0
713872833,Blue,280,0,77,2023-04-16,Week-16,Q2,2023,10753,1845,7302,80,0.172,Swipe ,Entertainment,438.12,0
713873658,Blue,345,0,87,2023-04-16,Week-16,Q2,2023,2701,1986,4767,76,0.735,Swipe ,Food,1144.08,0
713876958,Blue,430,0,83,2023-04-16,Week-16,Q2,2023,14140,845,5036,76,0.06,Chip ,Grocery,654.68,0
713879283,Blue,125,1,56,2023-04-16,Week-16,Q2,2023,4580,1300,1694,34,0.284,Swipe ,Fuel,474.32,0
713880633,Blue,150,1,99,2023-04-16,Week-16,Q2,2023,5905,0,8883,83,0,Chip ,Travel,1776.6,0
713884458,Blue,175,1,115,2023-04-16,Week-16,Q2,2023,8783,2142,4425,83,0.244,Swipe ,Travel,708,0
713886333,Blue,175,1,116,2023-04-16,Week-16,Q2,2023,18660,728,1682,43,0.039,Chip ,Bills,386.86,0
713889933,Blue,125,0,86,2023-04-16,Week-16,Q2,2023,1638,0,1536,44,0,Swipe ,Bills,138.24,0
713891133,Blue,190,1,91,2023-04-16,Week-16,Q2,2023,1438.3,834,1890,43,0.58,Swipe ,Grocery,340.2,0
713893308,Blue,370,0,116,2023-04-16,Week-16,Q2,2023,3291,1607,1984,38,0.488,Swipe ,Entertainment,396.8,0
713894358,Gold,300,0,89,2023-04-16,Week-16,Q2,2023,34516,814,7889,98,0.024,Swipe ,Bills,552.23,0
713895633,Blue,285,0,73,2023-04-16,Week-16,Q2,2023,8331,0,14324,103,0,Swipe ,Food,4153.96,0
713896533,Blue,445,1,106,2023-04-16,Week-16,Q2,2023,9442,838,3157,63,0.089,Swipe ,Grocery,252.56,0
713899383,Blue,140,1,115,2023-04-16,Week-16,Q2,2023,3688,606,14596,120,0.164,Chip ,Travel,2919.2,0
713901108,Blue,420,1,106,2023-04-16,Week-16,Q2,2023,14575,0,3444,80,0,Swipe ,Bills,861,0
713902983,Blue,390,1,87,2023-04-16,Week-16,Q2,2023,1676,1372,4381,77,0.819,Swipe ,Bills,832.39,0
713904708,Blue,325,1,77,2023-04-16,Week-16,Q2,2023,7582,1942,4926,85,0.256,Swipe ,Fuel,1280.76,0
713905608,Blue,245,0,84,2023-04-16,Week-16,Q2,2023,8869,0,3270,63,0,Chip ,Travel,882.9,0
713906508,Blue,365,1,109,2023-04-16,Week-16,Q2,2023,2837,834,3892,69,0.294,Swipe ,Food,1089.76,0
713907633,Blue,250,0,99,2023-04-16,Week-16,Q2,2023,5397,1265,7791,84,0.234,Swipe ,Entertainment,857.01,0
713908683,Blue,355,0,104,2023-04-16,Week-16,Q2,2023,18749,1314,1381,33,0.07,Swipe ,Entertainment,151.91,0
713910108,Blue,475,0,118,2023-04-16,Week-16,Q2,2023,3946,2375,1646,43,0.602,Swipe ,Bills,197.52,0
713911233,Silver,345,0,91,2023-04-16,Week-16,Q2,2023,18341,1060,7584,85,0.058,Swipe ,Food,1137.6,0
713914683,Blue,175,0,102,2023-04-16,Week-16,Q2,2023,1484,885,4819,74,0.596,Swipe ,Food,481.9,0
713916708,Gold,370,1,112,2023-04-16,Week-16,Q2,2023,34516,2435,7758,98,0.071,Swipe ,Fuel,543.06,0
713918358,Blue,375,1,66,2023-04-16,Week-16,Q2,2023,5190,1682,4900,81,0.324,Swipe ,Travel,735,0
713919183,Blue,250,1,63,2023-04-16,Week-16,Q2,2023,13824,1582,4630,74,0.114,Swipe ,Grocery,324.1,0
713920158,Blue,245,1,111,2023-04-16,Week-16,Q2,2023,13733,0,1591,30,0,Swipe ,Bills,127.28,0
713921058,Blue,225,1,41,2023-04-16,Week-16,Q2,2023,2897,1601,1337,25,0.553,Swipe ,Bills,106.96,0
713922183,Blue,450,1,116,2023-04-16,Week-16,Q2,2023,2507,1259,4461,73,0.502,Swipe ,Bills,267.66,0
713923233,Blue,300,0,60,2023-04-16,Week-16,Q2,2023,2790,2185,3392,86,0.783,Swipe ,Fuel,814.08,0
713924283,Blue,385,1,78,2023-04-16,Week-16,Q2,2023,11859,1644,8930,79,0.139,Chip ,Travel,1786,0
713926308,Blue,410,1,115,2023-04-16,Week-16,Q2,2023,2624,1458,4487,61,0.556,Chip ,Bills,1076.88,0
713927283,Blue,125,0,105,2023-04-16,Week-16,Q2,2023,2884,2517,4809,87,0.873,Swipe ,Fuel,1394.61,0
713929533,Blue,125,0,82,2023-04-16,Week-16,Q2,2023,1707,0,2060,52,0,Swipe ,Fuel,391.4,0
713930433,Blue,125,0,77,2023-04-16,Week-16,Q2,2023,4316,0,1920,53,0,Swipe ,Entertainment,518.4,0
713931258,Blue,495,0,153,2023-04-16,Week-16,Q2,2023,1438.3,0,1988,42,0,Swipe ,Entertainment,258.44,0
713933658,Blue,270,0,89,2023-04-16,Week-16,Q2,2023,2463,1621,4118,70,0.658,Chip ,Fuel,823.6,0
713934633,Blue,150,0,107,2023-04-16,Week-16,Q2,2023,4423,2517,8935,87,0.569,Online ,Travel,2591.15,0
713935533,Silver,275,0,98,2023-04-16,Week-16,Q2,2023,19360,870,3966,78,0.045,Online ,Bills,674.22,0
713936583,Blue,100,1,78,2023-04-16,Week-16,Q2,2023,6224,1892,2187,58,0.304,Swipe ,Fuel,262.44,0
713937558,Blue,410,1,81,2023-04-16,Week-16,Q2,2023,3892,0,4318,74,0,Chip ,Entertainment,993.14,0
713940033,Blue,420,1,158,2023-04-16,Week-16,Q2,2023,2049,1460,3514,79,0.713,Chip ,Bills,281.12,0
713941158,Blue,175,0,76,2023-04-16,Week-16,Q2,2023,5222,2517,4433,81,0.482,Swipe ,Bills,620.62,0
713943783,Blue,285,0,109,2023-04-16,Week-16,Q2,2023,18001,906,1194,25,0.05,Swipe ,Entertainment,310.44,0
713944833,Blue,250,1,79,2023-04-16,Week-16,Q2,2023,24512,766,4561,78,0.031,Chip ,Entertainment,866.59,0
713945883,Blue,430,1,71,2023-04-16,Week-16,Q2,2023,2490,513,864,20,0.206,Swipe ,Bills,60.48,0
713947908,Blue,290,0,84,2023-04-16,Week-16,Q2,2023,1630,0,4426,91,0,Chip ,Bills,619.64,0
713948808,Blue,275,1,95,2023-04-16,Week-16,Q2,2023,1602,962,4873,97,0.6,Online ,Fuel,292.38,0
713949858,Blue,395,0,158,2023-04-16,Week-16,Q2,2023,1438.3,886,1674,42,0.616,Swipe ,Bills,435.24,0
713952558,Blue,175,1,80,2023-04-16,Week-16,Q2,2023,1790,1474,2128,40,0.823,Chip ,Entertainment,340.48,0
713953383,Blue,150,0,112,2023-04-16,Week-16,Q2,2023,2317,0,2214,41,0,Swipe ,Bills,265.68,0
713956308,Blue,275,0,49,2023-04-16,Week-16,Q2,2023,3297,2297,1894,56,0.697,Swipe ,Bills,492.44,0
713957283,Blue,500,0,76,2023-04-16,Week-16,Q2,2023,3214,0,2119,44,0,Swipe ,Entertainment,275.47,0
713962233,Blue,100,1,104,2023-04-16,Week-16,Q2,2023,3035,2298,1877,37,0.757,Swipe ,Bills,488.02,0
713964858,Blue,100,1,92,2023-04-16,Week-16,Q2,2023,2792,887,4074,81,0.318,Swipe ,Entertainment,896.28,0
713965683,Platinum,460,1,83,2023-04-16,Week-16,Q2,2023,4380,0,17258,121,0,Chip ,Bills,3796.76,0
713967783,Blue,285,1,68,2023-04-16,Week-16,Q2,2023,2683,1707,1582,33,0.636,Swipe ,Entertainment,442.96,0
713971608,Blue,150,1,78,2023-04-16,Week-16,Q2,2023,7232,1830,4337,71,0.253,Swipe ,Fuel,1170.99,0
713972658,Blue,495,1,144,2023-04-16,Week-16,Q2,2023,5335,996,1454,43,0.187,Swipe ,Entertainment,276.26,0
713974533,Blue,200,1,84,2023-04-16,Week-16,Q2,2023,2555,1701,3127,45,0.666,Swipe ,Grocery,875.56,0
713975433,Blue,410,1,80,2023-04-16,Week-16,Q2,2023,8851,1753,14783,110,0.198,Swipe ,Grocery,1034.81,0
713976258,Blue,275,1,85,2023-04-16,Week-16,Q2,2023,1792,989,3102,63,0.552,Swipe ,Food,217.14,0
713977308,Blue,195,0,73,2023-04-16,Week-16,Q2,2023,34516,2061,3820,76,0.06,Chip ,Entertainment,611.2,0
713980383,Blue,125,0,99,2023-04-16,Week-16,Q2,2023,11025,0,1902,28,0,Swipe ,Entertainment,304.32,0
713981283,Blue,200,0,82,2023-04-16,Week-16,Q2,2023,2814,2162,4271,88,0.768,Swipe ,Fuel,1195.88,0
713982108,Blue,360,1,109,2023-04-16,Week-16,Q2,2023,3418,0,1887,20,0,Swipe ,Bills,320.79,0
713983308,Blue,200,0,61,2023-04-16,Week-16,Q2,2023,3182,1928,1233,35,0.606,Swipe ,Entertainment,283.59,0
713984208,Blue,400,0,156,2023-04-16,Week-16,Q2,2023,5776,874,4029,72,0.151,Swipe ,Bills,765.51,0
713985183,Blue,195,0,98,2023-04-16,Week-16,Q2,2023,2799,2412,4634,91,0.862,Swipe ,Entertainment,278.04,0
713986908,Gold,200,1,77,2023-04-16,Week-16,Q2,2023,10748,1084,16541,126,0.101,Chip ,Fuel,1819.51,1
713987808,Blue,370,1,76,2023-04-16,Week-16,Q2,2023,5702,2165,14970,120,0.38,Chip ,Travel,3293.4,1
713989233,Blue,250,1,53,2023-04-16,Week-16,Q2,2023,14434,1927,1731,32,0.134,Swipe ,Fuel,450.06,1
713992158,Blue,475,0,97,2023-04-16,Week-16,Q2,2023,2159,1004,1353,30,0.465,Swipe ,Entertainment,230.01,1
713993208,Blue,195,0,85,2023-04-16,Week-16,Q2,2023,1438.3,0,4314,82,0,Swipe ,Bills,992.22,1
713994108,Gold,175,1,84,2023-04-16,Week-16,Q2,2023,4155,1315,15851,128,0.316,Chip ,Travel,3962.75,1
713995233,Blue,465,1,74,2023-04-16,Week-16,Q2,2023,1438.3,0,4707,88,0,Swipe ,Bills,470.7,1
713996283,Blue,415,0,67,2023-04-16,Week-16,Q2,2023,2352,2176,5209,93,0.925,Swipe ,Grocery,937.62,0
713997183,Blue,270,0,71,2023-04-16,Week-16,Q2,2023,2791,2160,2214,56,0.774,Swipe ,Fuel,509.22,0
713998233,Blue,125,0,110,2023-04-16,Week-16,Q2,2023,3586,1414,2780,57,0.394,Swipe ,Entertainment,639.4,0
714000108,Blue,495,1,68,2023-04-16,Week-16,Q2,2023,6772,0,3658,66,0,Swipe ,Entertainment,841.34,0
714001008,Blue,455,1,101,2023-04-16,Week-16,Q2,2023,3730,0,13997,102,0,Swipe ,Bills,1119.76,0
714002658,Blue,345,1,116,2023-04-16,Week-16,Q2,2023,27732,1623,1413,31,0.059,Swipe ,Entertainment,310.86,0
714003483,Platinum,415,1,69,2023-04-16,Week-16,Q2,2023,7539,0,15293,129,0,Swipe ,Fuel,3211.53,0
714005508,Blue,95,0,72,2023-04-16,Week-16,Q2,2023,4146,2027,4323,64,0.489,Swipe ,Fuel,1037.52,0
714006333,Blue,475,0,127,2023-04-16,Week-16,Q2,2023,2128,528,2289,41,0.248,Chip ,Grocery,206.01,0
714010383,Blue,345,1,43,2023-04-16,Week-16,Q2,2023,3502,0,1895,42,0,Chip ,Fuel,435.85,0
714011358,Blue,470,1,131,2023-04-16,Week-16,Q2,2023,14821,0,2876,60,0,Swipe ,Fuel,690.24,0
714012258,Blue,445,1,74,2023-04-16,Week-16,Q2,2023,2429,1687,4122,74,0.695,Swipe ,Fuel,1195.38,0
714013083,Blue,460,1,102,2023-04-16,Week-16,Q2,2023,3067,1874,1420,32,0.611,Swipe ,Fuel,85.2,0
714013983,Blue,320,0,155,2023-04-16,Week-16,Q2,2023,1586,0,2109,41,0,Swipe ,Fuel,274.17,0
714014733,Blue,280,1,112,2023-04-16,Week-16,Q2,2023,9642,1431,2172,33,0.148,Swipe ,Food,499.56,0
714019083,Blue,125,0,96,2023-04-16,Week-16,Q2,2023,2019,803,8426,102,0.398,Swipe ,Food,1263.9,0
714021183,Blue,355,1,59,2023-04-16,Week-16,Q2,2023,30666,1046,3709,66,0.034,Chip ,Fuel,1001.43,0
714022833,Silver,435,1,97,2023-04-16,Week-16,Q2,2023,17909,0,5977,58,0,Chip ,Travel,717.24,0
714023808,Blue,480,1,119,2023-04-16,Week-16,Q2,2023,13770,2517,1582,36,0.183,Online ,Bills,205.66,0
714024858,Blue,420,1,58,2023-04-16,Week-16,Q2,2023,7056,0,1739,35,0,Swipe ,Food,121.73,0
714028083,Blue,420,1,165,2023-04-16,Week-16,Q2,2023,2222,0,4095,65,0,Swipe ,Entertainment,532.35,0
714030183,Silver,280,1,106,2023-04-16,Week-16,Q2,2023,34516,1494,3259,65,0.043,Swipe ,Bills,684.39,0
714031083,Blue,125,0,155,2023-04-16,Week-16,Q2,2023,8869,0,1935,40,0,Online ,Fuel,445.05,0
714031983,Silver,485,1,91,2023-04-16,Week-16,Q2,2023,11533,1418,4038,63,0.123,Swipe ,Fuel,444.18,0
714032883,Blue,280,1,84,2023-04-16,Week-16,Q2,2023,4718,1591,4598,80,0.337,Swipe ,Entertainment,597.74,0
714034158,Blue,200,0,117,2023-04-16,Week-16,Q2,2023,3331,1307,3946,69,0.392,Swipe ,Entertainment,986.5,0
714035283,Blue,495,1,79,2023-04-16,Week-16,Q2,2023,2802,2256,2371,46,0.805,Swipe ,Bills,450.49,0
714036258,Blue,250,1,93,2023-04-16,Week-16,Q2,2023,2798,1963,4255,64,0.702,Chip ,Grocery,297.85,0
714037308,Blue,405,0,154,2023-04-16,Week-16,Q2,2023,2210,1002,4798,86,0.453,Swipe ,Bills,383.84,0
714038433,Blue,490,0,105,2023-04-16,Week-16,Q2,2023,3252,1987,2953,72,0.611,Swipe ,Entertainment,295.3,0
714041283,Blue,250,0,88,2023-04-16,Week-16,Q2,2023,6610,1663,4735,83,0.252,Swipe ,Bills,804.95,0
714042108,Blue,200,0,101,2023-04-16,Week-16,Q2,2023,11000,1013,7302,86,0.092,Swipe ,Food,1752.48,0
714043008,Blue,475,1,86,2023-04-16,Week-16,Q2,2023,4297,0,4310,76,0,Chip ,Travel,689.6,0
714043833,Blue,200,1,115,2023-04-16,Week-16,Q2,2023,3685,1396,3016,85,0.379,Swipe ,Bills,392.08,0
714045783,Blue,150,1,132,2023-04-16,Week-16,Q2,2023,2547,1965,2160,46,0.771,Chip ,Fuel,324,0
714046608,Blue,175,1,106,2023-04-16,Week-16,Q2,2023,19719,1395,3572,73,0.071,Chip ,Fuel,821.56,0
714047733,Blue,345,1,95,2023-04-16,Week-16,Q2,2023,4942,2119,7460,85,0.429,Swipe ,Food,2088.8,0
714048783,Blue,480,0,114,2023-04-16,Week-16,Q2,2023,8026,2202,4072,72,0.274,Swipe ,Entertainment,529.36,0
714051033,Blue,270,0,148,2023-04-16,Week-16,Q2,2023,3615,1699,1967,40,0.47,Online ,Bills,373.73,0
714052158,Blue,175,0,78,2023-04-16,Week-16,Q2,2023,11714,949,5366,68,0.081,Swipe ,Grocery,965.88,0
714053358,Blue,300,0,130,2023-04-16,Week-16,Q2,2023,3216,0,4039,81,0,Swipe ,Fuel,484.68,0
714054408,Blue,400,1,100,2023-04-16,Week-16,Q2,2023,12889,1822,8272,79,0.141,Swipe ,Bills,744.48,0
714058308,Blue,125,1,96,2023-04-16,Week-16,Q2,2023,2689,2384,1941,53,0.887,Chip ,Fuel,291.15,0
714060408,Blue,475,0,118,2023-04-16,Week-16,Q2,2023,3052,1603,4210,82,0.525,Swipe ,Fuel,547.3,0
714062958,Blue,385,0,102,2023-04-16,Week-16,Q2,2023,9887,994,2552,64,0.101,Swipe ,Fuel,408.32,0
714064908,Blue,415,0,76,2023-04-16,Week-16,Q2,2023,1771,1289,4813,84,0.728,Chip ,Fuel,1395.77,0
714069858,Blue,390,0,117,2023-04-16,Week-16,Q2,2023,3539,2517,1677,45,0.711,Swipe ,Grocery,402.48,0
714070758,Blue,420,0,118,2023-04-16,Week-16,Q2,2023,31302,1953,1564,35,0.062,Swipe ,Travel,156.4,0
714073983,Blue,430,1,65,2023-04-16,Week-16,Q2,2023,7327,0,1788,46,0,Swipe ,Bills,339.72,0
714074808,Blue,355,1,94,2023-04-16,Week-16,Q2,2023,2241,1670,4653,75,0.745,Swipe ,Entertainment,604.89,0
714075708,Gold,455,0,113,2023-04-16,Week-16,Q2,2023,34516,1426,4814,71,0.041,Chip ,Bills,481.4,0
714076683,Blue,150,1,78,2023-04-16,Week-16,Q2,2023,3261,2517,2461,54,0.772,Swipe ,Food,393.76,0
714077583,Platinum,100,1,82,2023-04-16,Week-16,Q2,2023,23981,593,4758,65,0.025,Swipe ,Bills,523.38,0
714078558,Blue,245,0,112,2023-04-16,Week-16,Q2,2023,5249,0,1315,31,0,Swipe ,Entertainment,92.05,0
714080433,Blue,175,1,157,2023-04-16,Week-16,Q2,2023,3144,1787,4758,67,0.568,Swipe ,Fuel,1332.24,0
714081558,Blue,410,0,90,2023-04-23,Week-17,Q2,2023,2613,1599,1387,31,0.612,Swipe ,Bills,277.4,0
714082308,Blue,150,1,138,2023-04-23,Week-17,Q2,2023,8656,0,8056,89,0,Swipe ,Travel,1772.32,0
714083208,Blue,400,1,101,2023-04-23,Week-17,Q2,2023,1585,1304,4656,80,0.823,Chip ,Fuel,512.16,0
714084483,Blue,480,0,69,2023-04-23,Week-17,Q2,2023,3855,211,1724,34,0.055,Chip ,Grocery,224.12,0
714086133,Blue,395,1,116,2023-04-23,Week-17,Q2,2023,2577,1450,4576,83,0.563,Swipe ,Travel,594.88,0
714087258,Blue,125,1,108,2023-04-23,Week-17,Q2,2023,1838,0,5156,72,0,Swipe ,Fuel,618.72,0
714089658,Blue,360,0,107,2023-04-23,Week-17,Q2,2023,2238,0,2063,42,0,Chip ,Grocery,165.04,0
714091983,Blue,300,1,81,2023-04-23,Week-17,Q2,2023,3336,1753,1168,27,0.525,Swipe ,Travel,163.52,0
714093108,Blue,125,1,101,2023-04-23,Week-17,Q2,2023,7372,1210,1707,56,0.164,Swipe ,Grocery,119.49,0
714097683,Blue,370,1,94,2023-04-23,Week-17,Q2,2023,1809,0,2123,44,0,Swipe ,Grocery,148.61,0
714098883,Blue,125,0,117,2023-04-23,Week-17,Q2,2023,1936,1613,4773,80,0.833,Chip ,Bills,1240.98,0
714100008,Blue,250,1,164,2023-04-23,Week-17,Q2,2023,5667,2517,2176,38,0.444,Chip ,Fuel,435.2,0
714102183,Blue,380,1,112,2023-04-23,Week-17,Q2,2023,7970,2282,1872,41,0.286,Chip ,Entertainment,224.64,0
714103083,Silver,190,1,119,2023-04-23,Week-17,Q2,2023,3263,1525,14649,110,0.467,Chip ,Travel,878.94,0
714103908,Blue,100,1,122,2023-04-23,Week-17,Q2,2023,2778,743,4515,74,0.267,Swipe ,Bills,1038.45,0
714106833,Blue,280,0,114,2023-04-23,Week-17,Q2,2023,5225,2290,4239,69,0.438,Chip ,Food,1017.36,0
714107958,Blue,485,1,75,2023-04-23,Week-17,Q2,2023,6576,0,1465,34,0,Swipe ,Travel,87.9,0
714109308,Silver,250,1,77,2023-04-23,Week-17,Q2,2023,13187,2241,15354,112,0.17,Online ,Travel,2303.1,0
714111333,Blue,110,0,139,2023-04-23,Week-17,Q2,2023,5381,0,1910,38,0,Swipe ,Entertainment,362.9,0
714112383,Blue,280,0,117,2023-04-23,Week-17,Q2,2023,5882,2335,1380,30,0.397,Swipe ,Entertainment,276,0
714113658,Blue,440,0,109,2023-04-23,Week-17,Q2,2023,2757,1425,3992,76,0.517,Chip ,Fuel,479.04,0
714115533,Blue,295,1,107,2023-04-23,Week-17,Q2,2023,2943,1789,2591,55,0.608,Swipe ,Entertainment,492.29,0
714118383,Blue,490,1,103,2023-04-23,Week-17,Q2,2023,8154,0,2223,72,0,Swipe ,Travel,533.52,0
714119283,Blue,480,1,91,2023-04-23,Week-17,Q2,2023,2516,0,2257,51,0,Chip ,Entertainment,157.99,0
714120258,Blue,250,0,56,2023-04-23,Week-17,Q2,2023,2281,1677,2735,58,0.735,Swipe ,Grocery,656.4,0
714121083,Blue,125,0,79,2023-04-23,Week-17,Q2,2023,6247,1508,5158,68,0.241,Chip ,Bills,464.22,0
714121983,Blue,415,1,159,2023-04-23,Week-17,Q2,2023,4349,1400,4694,84,0.322,Swipe ,Food,469.4,0
714124983,Blue,290,1,87,2023-04-23,Week-17,Q2,2023,13457,1044,3303,66,0.078,Online ,Entertainment,429.39,0
714125883,Blue,340,1,113,2023-04-23,Week-17,Q2,2023,2514,1845,3696,71,0.734,Chip ,Bills,517.44,0
714127383,Blue,445,0,117,2023-04-23,Week-17,Q2,2023,4431,2517,2185,48,0.568,Swipe ,Food,284.05,0
714128283,Silver,380,1,77,2023-04-23,Week-17,Q2,2023,13411,1736,12493,113,0.129,Swipe ,Entertainment,2123.81,0
714130233,Blue,455,1,95,2023-04-23,Week-17,Q2,2023,3047,2150,1602,37,0.706,Swipe ,Travel,240.3,0
714131058,Blue,280,1,62,2023-04-23,Week-17,Q2,2023,18513,2517,1567,33,0.136,Swipe ,Entertainment,438.76,0
714133158,Silver,270,1,74,2023-04-23,Week-17,Q2,2023,4224,1305,1152,31,0.309,Swipe ,Bills,172.8,0
714136233,Blue,245,0,74,2023-04-23,Week-17,Q2,2023,34516,0,8417,72,0,Chip ,Travel,2272.59,1
714138408,Blue,370,1,89,2023-04-23,Week-17,Q2,2023,9264,629,4107,79,0.068,Swipe ,Fuel,533.91,1
714139308,Blue,150,1,108,2023-04-23,Week-17,Q2,2023,1438.3,0,4722,81,0,Swipe ,Food,897.18,1
714140133,Blue,200,1,100,2023-04-23,Week-17,Q2,2023,2314,1547,4678,74,0.669,Chip ,Bills,982.38,1
714141108,Blue,250,0,114,2023-04-23,Week-17,Q2,2023,6703,893,1388,28,0.133,Swipe ,Bills,235.96,1
714142158,Blue,250,0,120,2023-04-23,Week-17,Q2,2023,2120,1411,3882,92,0.666,Swipe ,Bills,776.4,1
714144258,Blue,150,1,105,2023-04-23,Week-17,Q2,2023,2725,2517,4430,66,0.924,Swipe ,Bills,974.6,0
714145233,Silver,200,1,90,2023-04-23,Week-17,Q2,2023,34516,400,5112,49,0.012,Chip ,Travel,1073.52,0
714146208,Blue,490,0,119,2023-04-23,Week-17,Q2,2023,2594,2159,3872,71,0.832,Swipe ,Food,387.2,0
714147858,Blue,380,0,120,2023-04-23,Week-17,Q2,2023,18358,1044,3920,85,0.057,Chip ,Entertainment,823.2,0
714148758,Blue,270,0,118,2023-04-23,Week-17,Q2,2023,1726,1398,5228,68,0.81,Swipe ,Food,1150.16,0
714151533,Blue,320,1,82,2023-04-23,Week-17,Q2,2023,4589,1622,1569,33,0.353,Swipe ,Entertainment,407.94,0
714154533,Blue,455,0,66,2023-04-23,Week-17,Q2,2023,3111,1994,4478,56,0.641,Chip ,Entertainment,626.92,0
714155283,Blue,100,1,69,2023-04-23,Week-17,Q2,2023,6990,876,4861,77,0.125,Swipe ,Food,340.27,0
714156633,Blue,470,0,120,2023-04-23,Week-17,Q2,2023,3068,0,4533,79,0,Online ,Bills,634.62,0
714157908,Blue,350,1,113,2023-04-23,Week-17,Q2,2023,2376,1515,3795,71,0.638,Chip ,Fuel,341.55,0
714159858,Blue,490,0,83,2023-04-23,Week-17,Q2,2023,5387,2047,1546,36,0.38,Swipe ,Travel,139.14,0
714162033,Blue,440,0,77,2023-04-23,Week-17,Q2,2023,5216,1519,3434,49,0.291,Swipe ,Bills,961.52,0
714164808,Blue,300,0,86,2023-04-23,Week-17,Q2,2023,2918,0,2056,54,0,Swipe ,Entertainment,164.48,0
714166833,Silver,220,0,144,2023-04-23,Week-17,Q2,2023,13609,1432,7796,77,0.105,Swipe ,Grocery,467.76,0
714168183,Blue,445,1,69,2023-04-23,Week-17,Q2,2023,2186,1017,4629,77,0.465,Swipe ,Food,925.8,0
714169083,Blue,320,0,82,2023-04-23,Week-17,Q2,2023,34516,1639,4959,74,0.047,Swipe ,Bills,396.72,0
714169908,Blue,335,1,83,2023-04-23,Week-17,Q2,2023,1944,1140,4921,82,0.586,Swipe ,Fuel,442.89,0
714171108,Blue,325,1,125,2023-04-23,Week-17,Q2,2023,2115,1141,1223,20,0.539,Swipe ,Travel,171.22,0
714172158,Blue,340,1,81,2023-04-23,Week-17,Q2,2023,2637,1009,4525,83,0.383,Swipe ,Food,1131.25,0
714173808,Blue,175,0,54,2023-04-23,Week-17,Q2,2023,4214,1249,1389,34,0.296,Swipe ,Entertainment,388.92,0
714176133,Blue,150,0,120,2023-04-23,Week-17,Q2,2023,1438.3,735,4220,87,0.511,Swipe ,Grocery,633,0
714178458,Blue,190,0,80,2023-04-23,Week-17,Q2,2023,20640,1603,1792,53,0.078,Swipe ,Grocery,286.72,0
714179658,Blue,440,0,107,2023-04-23,Week-17,Q2,2023,34516,0,1996,48,0,Swipe ,Fuel,219.56,0
714181008,Blue,200,1,80,2023-04-23,Week-17,Q2,2023,3019,1462,4509,71,0.484,Swipe ,Fuel,586.17,0
714186108,Blue,425,1,157,2023-04-23,Week-17,Q2,2023,2152,1682,4126,71,0.782,Swipe ,Fuel,948.98,0
714187533,Blue,285,1,89,2023-04-23,Week-17,Q2,2023,3540,849,1321,28,0.24,Swipe ,Bills,145.31,0
714188883,Blue,200,1,97,2023-04-23,Week-17,Q2,2023,1787,0,2345,36,0,Swipe ,Bills,445.55,0
714190983,Platinum,150,1,54,2023-04-23,Week-17,Q2,2023,34516,531,5418,65,0.015,Swipe ,Bills,1029.42,0
714192033,Blue,250,1,68,2023-04-23,Week-17,Q2,2023,10305,1870,4018,63,0.181,Swipe ,Bills,1044.68,0
714192933,Blue,280,0,117,2023-04-23,Week-17,Q2,2023,2060,0,1976,44,0,Chip ,Grocery,276.64,0
714195108,Blue,300,0,110,2023-04-23,Week-17,Q2,2023,2707,1796,4077,70,0.663,Chip ,Grocery,366.93,0
714196008,Blue,450,1,76,2023-04-23,Week-17,Q2,2023,7534,0,4685,79,0,Swipe ,Grocery,1358.65,0
714197133,Blue,415,0,92,2023-04-23,Week-17,Q2,2023,4762,0,2811,52,0,Swipe ,Bills,365.43,0
714199008,Blue,250,1,113,2023-04-23,Week-17,Q2,2023,16081,492,6100,61,0.031,Chip ,Travel,427,0
714199983,Gold,415,1,92,2023-04-23,Week-17,Q2,2023,34516,2317,3927,68,0.067,Swipe ,Fuel,706.86,0
714202008,Blue,125,1,152,2023-04-23,Week-17,Q2,2023,3918,2517,2115,42,0.642,Swipe ,Bills,232.65,0
714204108,Blue,450,0,95,2023-04-23,Week-17,Q2,2023,2144,1492,3859,55,0.696,Chip ,Food,501.67,0
714207483,Blue,330,1,79,2023-04-23,Week-17,Q2,2023,11997,1424,4125,80,0.119,Swipe ,Bills,412.5,0
714208533,Blue,250,0,75,2023-04-23,Week-17,Q2,2023,8663,288,916,33,0.033,Swipe ,Bills,229,0
714211533,Blue,250,0,49,2023-04-23,Week-17,Q2,2023,3312,2491,2670,50,0.752,Swipe ,Entertainment,186.9,0
714212358,Blue,380,1,127,2023-04-23,Week-17,Q2,2023,5260,1706,2142,57,0.324,Swipe ,Entertainment,449.82,0
714213708,Blue,290,0,74,2023-04-23,Week-17,Q2,2023,3611,2517,2178,45,0.697,Swipe ,Fuel,239.58,0
714215058,Blue,445,0,107,2023-04-23,Week-17,Q2,2023,6848,0,4006,82,0,Swipe ,Grocery,280.42,0
714216033,Blue,140,0,142,2023-04-23,Week-17,Q2,2023,11600,738,3488,80,0.064,Swipe ,Grocery,802.24,0
714216858,Blue,225,1,106,2023-04-23,Week-17,Q2,2023,1507,0,4679,85,0,Swipe ,Food,889.01,0
714217908,Blue,270,0,106,2023-04-23,Week-17,Q2,2023,2406,1560,1173,32,0.648,Swipe ,Travel,129.03,0
714222183,Blue,125,0,80,2023-04-23,Week-17,Q2,2023,2132,1084,4874,78,0.508,Swipe ,Entertainment,779.84,0
714225333,Blue,200,1,88,2023-04-23,Week-17,Q2,2023,2930,773,1545,21,0.264,Swipe ,Entertainment,355.35,0
714228558,Blue,200,1,120,2023-04-23,Week-17,Q2,2023,3624,0,4749,82,0,Chip ,Grocery,1044.78,0
714230808,Blue,225,0,75,2023-04-23,Week-17,Q2,2023,2466,1750,5005,76,0.71,Swipe ,Food,1251.25,0
714234858,Blue,245,0,89,2023-04-23,Week-17,Q2,2023,3666,1739,4735,84,0.474,Online ,Bills,473.5,0
714237033,Blue,250,0,120,2023-04-23,Week-17,Q2,2023,5557,2246,2299,39,0.404,Swipe ,Food,528.77,0
714241083,Blue,175,1,90,2023-04-23,Week-17,Q2,2023,5455,2091,4349,58,0.383,Swipe ,Fuel,391.41,0
714243408,Blue,405,0,67,2023-04-23,Week-17,Q2,2023,2042,1359,4917,73,0.666,Swipe ,Bills,1130.91,0
714244383,Blue,475,0,94,2023-04-23,Week-17,Q2,2023,33406,1692,1529,30,0.051,Swipe ,Entertainment,305.8,0
714245358,Blue,250,0,87,2023-04-23,Week-17,Q2,2023,2182,1566,3935,77,0.718,Swipe ,Bills,826.35,0
714246333,Blue,140,1,113,2023-04-23,Week-17,Q2,2023,5396,1803,2107,39,0.334,Chip ,Entertainment,210.7,0
714247458,Blue,415,1,82,2023-04-23,Week-17,Q2,2023,8037,2276,3271,71,0.283,Swipe ,Fuel,392.52,0
714248733,Blue,450,1,108,2023-04-23,Week-17,Q2,2023,4395,1240,2272,46,0.282,Swipe ,Fuel,568,0
714250908,Blue,410,0,116,2023-04-23,Week-17,Q2,2023,2927,2517,2231,60,0.86,Swipe ,Bills,557.75,0
714252933,Blue,325,1,75,2023-04-23,Week-17,Q2,2023,1438.3,0,4737,80,0,Swipe ,Bills,710.55,0
714253983,Blue,200,0,128,2023-04-23,Week-17,Q2,2023,9465,0,3675,59,0,Chip ,Fuel,477.75,0
714256758,Blue,355,1,147,2023-04-23,Week-17,Q2,2023,8074,0,4347,66,0,Swipe ,Bills,347.76,0
714257958,Blue,280,0,112,2023-04-23,Week-17,Q2,2023,1738,0,4220,68,0,Chip ,Entertainment,464.2,0
714259533,Blue,290,1,92,2023-04-23,Week-17,Q2,2023,4092,622,5001,88,0.152,Chip ,Travel,1300.26,0
714262533,Blue,125,0,112,2023-04-23,Week-17,Q2,2023,3524,1306,4252,78,0.371,Chip ,Bills,765.36,0
714264408,Blue,150,1,62,2023-04-23,Week-17,Q2,2023,1611,746,1413,29,0.463,Swipe ,Bills,98.91,0
714266883,Blue,125,1,119,2023-04-23,Week-17,Q2,2023,2440,503,2334,51,0.206,Swipe ,Travel,513.48,0
714267858,Blue,200,1,107,2023-04-23,Week-17,Q2,2023,4559,1680,4934,76,0.369,Swipe ,Fuel,394.72,0
714272658,Blue,200,1,153,2023-04-23,Week-17,Q2,2023,2962,2517,929,31,0.85,Swipe ,Bills,83.61,0
714273708,Blue,125,0,94,2023-04-23,Week-17,Q2,2023,4753,2472,2242,49,0.52,Swipe ,Bills,650.18,0
714276408,Blue,195,0,109,2023-04-23,Week-17,Q2,2023,1915,1445,2264,39,0.755,Swipe ,Bills,203.76,0
714277758,Blue,275,0,48,2023-04-23,Week-17,Q2,2023,11557,1050,4064,75,0.091,Chip ,Entertainment,1056.64,0
714278958,Blue,295,1,117,2023-04-23,Week-17,Q2,2023,9347,1988,2201,46,0.213,Swipe ,Fuel,264.12,0
714282333,Blue,415,0,75,2023-04-23,Week-17,Q2,2023,3244,0,7495,97,0,Swipe ,Bills,524.65,0
714283458,Blue,350,0,154,2023-04-23,Week-17,Q2,2023,14544,0,4064,92,0,Chip ,Bills,1016,0
714284358,Blue,285,1,146,2023-04-23,Week-17,Q2,2023,2177,1329,7037,82,0.61,Swipe ,Bills,985.18,0
714286383,Blue,295,1,104,2023-04-23,Week-17,Q2,2023,3422,1039,3337,65,0.304,Swipe ,Fuel,533.92,0
714287583,Blue,380,1,98,2023-04-23,Week-17,Q2,2023,1438.3,0,1852,38,0,Online ,Bills,166.68,0
714290583,Blue,380,0,42,2023-04-23,Week-17,Q2,2023,3117,1400,4391,85,0.449,Swipe ,Bills,1229.48,0
714292533,Blue,175,1,90,2023-04-23,Week-17,Q2,2023,2544,0,3593,64,0,Chip ,Fuel,610.81,0
714293358,Blue,100,1,104,2023-04-23,Week-17,Q2,2023,4166,989,4584,70,0.237,Online ,Fuel,1054.32,0
714294183,Blue,465,0,40,2023-04-23,Week-17,Q2,2023,9580,132,5385,51,0.014,Swipe ,Fuel,1238.55,0
714296358,Blue,245,1,90,2023-04-23,Week-17,Q2,2023,3433,2486,4831,78,0.724,Chip ,Grocery,1159.44,0
714303483,Gold,200,0,111,2023-04-23,Week-17,Q2,2023,3735,1474,15039,130,0.395,Swipe ,Grocery,4361.31,0
714304458,Blue,150,1,97,2023-04-23,Week-17,Q2,2023,3605,0,6800,78,0,Swipe ,Entertainment,748,0
714305508,Blue,340,0,76,2023-04-23,Week-17,Q2,2023,13387,0,3706,81,0,Swipe ,Fuel,407.66,0
714306258,Blue,200,0,100,2023-04-23,Week-17,Q2,2023,10117,2242,1509,44,0.222,Swipe ,Bills,301.8,0
714308283,Blue,470,1,98,2023-04-23,Week-17,Q2,2023,6059,1171,4119,70,0.193,Swipe ,Travel,576.66,0
714311583,Blue,150,0,61,2023-04-23,Week-17,Q2,2023,17023,1084,1610,43,0.064,Swipe ,Fuel,225.4,0
714312708,Blue,395,1,47,2023-04-23,Week-17,Q2,2023,6606,2517,4493,68,0.381,Chip ,Food,629.02,0
714313608,Blue,245,0,109,2023-04-23,Week-17,Q2,2023,4228,1886,4356,74,0.446,Chip ,Grocery,392.04,0
714315858,Blue,100,1,81,2023-04-23,Week-17,Q2,2023,4008,1650,5429,71,0.412,Swipe ,Food,1085.8,0
714317058,Blue,455,0,89,2023-04-23,Week-17,Q2,2023,4752,2437,3946,63,0.513,Swipe ,Fuel,670.82,0
714318033,Blue,200,1,143,2023-04-23,Week-17,Q2,2023,10226,1638,3321,57,0.16,Online ,Bills,896.67,0
714319233,Blue,465,1,102,2023-04-23,Week-17,Q2,2023,6538,0,2132,33,0,Swipe ,Entertainment,554.32,0
714320358,Blue,245,0,90,2023-04-23,Week-17,Q2,2023,2569,1288,4126,56,0.501,Swipe ,Food,1114.02,0
714321408,Blue,150,0,91,2023-04-23,Week-17,Q2,2023,2246,1326,1429,32,0.59,Online ,Bills,285.8,0
714327183,Blue,300,1,68,2023-04-23,Week-17,Q2,2023,1825,1389,2878,54,0.761,Swipe ,Bills,575.6,0
714332658,Blue,330,0,43,2023-04-23,Week-17,Q2,2023,5596,1086,3896,65,0.194,Swipe ,Entertainment,896.08,0
714334383,Blue,300,1,120,2023-04-23,Week-17,Q2,2023,3583,0,1065,28,0,Swipe ,Bills,63.9,0
714336333,Blue,445,0,69,2023-04-23,Week-17,Q2,2023,3429,1268,4422,64,0.37,Chip ,Food,397.98,0
714337233,Silver,300,0,159,2023-04-23,Week-17,Q2,2023,10388,1961,10294,61,0.189,Chip ,Travel,2161.74,0
714342033,Blue,200,1,51,2023-04-23,Week-17,Q2,2023,34516,0,4863,56,0,Swipe ,Bills,437.67,0
714343608,Blue,275,1,92,2023-04-23,Week-17,Q2,2023,3033,0,4921,90,0,Swipe ,Grocery,738.15,0
714345783,Blue,415,0,75,2023-04-23,Week-17,Q2,2023,2701,1572,1469,36,0.582,Swipe ,Fuel,337.87,0
714346608,Blue,435,1,100,2023-04-23,Week-17,Q2,2023,1495,0,2220,50,0,Chip ,Fuel,488.4,0
714347508,Blue,245,1,63,2023-04-23,Week-17,Q2,2023,7766,1278,2423,74,0.165,Swipe ,Entertainment,654.21,0
714350658,Blue,410,1,163,2023-04-23,Week-17,Q2,2023,18889,1880,2979,55,0.1,Swipe ,Bills,834.12,0
714351558,Blue,285,0,48,2023-04-23,Week-17,Q2,2023,1829,0,3950,65,0,Chip ,Food,1106,0
714352533,Silver,125,1,99,2023-04-23,Week-17,Q2,2023,15472,865,14132,103,0.056,Swipe ,Grocery,3533,0
714358008,Blue,480,1,110,2023-04-23,Week-17,Q2,2023,17054,0,4659,72,0,Swipe ,Grocery,792.03,0
714360033,Blue,245,1,136,2023-04-23,Week-17,Q2,2023,4450,1444,1326,44,0.324,Swipe ,Entertainment,384.54,0
714361083,Blue,480,0,76,2023-04-23,Week-17,Q2,2023,5989,0,5843,60,0,Swipe ,Grocery,1519.18,0
714363858,Blue,470,1,129,2023-04-23,Week-17,Q2,2023,1594,1411,1459,35,0.885,Swipe ,Travel,320.98,0
714365883,Blue,250,1,77,2023-04-23,Week-17,Q2,2023,7093,918,3877,75,0.129,Chip ,Grocery,542.78,0
714366708,Blue,175,1,142,2023-04-23,Week-17,Q2,2023,1490,1069,3790,85,0.717,Chip ,Grocery,379,0
714368883,Blue,465,1,170,2023-04-23,Week-17,Q2,2023,7596,1156,4338,73,0.152,Swipe ,Entertainment,824.22,0
714372333,Blue,175,1,133,2023-04-23,Week-17,Q2,2023,2302,0,2256,40,0,Chip ,Bills,338.4,0
714373308,Blue,125,1,146,2023-04-23,Week-17,Q2,2023,2266,0,3634,66,0,Chip ,Entertainment,218.04,0
714374133,Blue,100,1,134,2023-04-23,Week-17,Q2,2023,15769,0,602,15,0,Swipe ,Travel,42.14,0
714377058,Blue,225,0,106,2023-04-23,Week-17,Q2,2023,1896,0,2186,50,0,Swipe ,Bills,568.36,0
714382608,Blue,385,1,84,2023-04-23,Week-17,Q2,2023,2572,1161,4315,85,0.451,Online ,Bills,345.2,0
714383583,Gold,150,1,72,2023-04-23,Week-17,Q2,2023,23981,1696,8646,97,0.071,Online ,Fuel,691.68,0
714384783,Blue,415,0,43,2023-04-23,Week-17,Q2,2023,2468,0,2017,37,0,Chip ,Fuel,161.36,0
714385983,Gold,200,0,40,2023-04-23,Week-17,Q2,2023,8224,1239,16319,124,0.151,Chip ,Bills,4242.94,0
714387108,Blue,350,1,90,2023-04-23,Week-17,Q2,2023,10458,0,3481,51,0,Swipe ,Entertainment,765.82,0
714388158,Blue,375,0,91,2023-04-23,Week-17,Q2,2023,14304,699,4746,73,0.049,Swipe ,Bills,1091.58,0
714389058,Blue,330,1,119,2023-04-23,Week-17,Q2,2023,5576,0,4322,85,0,Chip ,Entertainment,994.06,0
714389883,Blue,300,1,99,2023-04-23,Week-17,Q2,2023,8063,1485,4275,77,0.184,Chip ,Grocery,384.75,0
714390858,Blue,195,0,94,2023-04-23,Week-17,Q2,2023,7645,931,5016,73,0.122,Swipe ,Grocery,1304.16,0
714391683,Gold,340,0,111,2023-04-23,Week-17,Q2,2023,34516,2517,8248,66,0.073,Swipe ,Bills,1072.24,0
714392808,Blue,190,0,109,2023-04-23,Week-17,Q2,2023,13933,1019,3504,62,0.073,Swipe ,Fuel,770.88,0
714393708,Blue,370,1,85,2023-04-23,Week-17,Q2,2023,2254,533,4913,84,0.236,Chip ,Grocery,687.82,0
714396558,Blue,245,0,113,2023-04-23,Week-17,Q2,2023,1511,0,4683,87,0,Chip ,Grocery,842.94,0
714397983,Blue,200,1,114,2023-04-23,Week-17,Q2,2023,3877,1495,1942,42,0.386,Swipe ,Bills,330.14,0
714400308,Silver,475,1,86,2023-04-23,Week-17,Q2,2023,11060,1647,4545,83,0.149,Chip ,Entertainment,863.55,0
714403983,Blue,470,1,77,2023-04-23,Week-17,Q2,2023,34427,1613,13545,112,0.047,Swipe ,Entertainment,2031.75,0
714405183,Blue,110,1,88,2023-04-23,Week-17,Q2,2023,1776,1519,4295,60,0.855,Swipe ,Grocery,773.1,0
714406158,Blue,460,1,139,2023-04-23,Week-17,Q2,2023,7939,0,2269,42,0,Chip ,Bills,204.21,0
714407058,Blue,275,1,76,2023-04-23,Week-17,Q2,2023,30997,2330,3821,81,0.075,Swipe ,Grocery,229.26,0
714408933,Blue,175,0,117,2023-04-23,Week-17,Q2,2023,10834,0,2249,51,0,Swipe ,Grocery,292.37,1
714411108,Blue,455,1,117,2023-04-23,Week-17,Q2,2023,3642,610,2790,68,0.167,Swipe ,Bills,585.9,1
714412308,Blue,355,1,91,2023-04-23,Week-17,Q2,2023,7140,0,916,18,0,Swipe ,Bills,109.92,1
714413283,Blue,175,1,68,2023-04-23,Week-17,Q2,2023,10879,860,4629,69,0.079,Swipe ,Food,1018.38,1
714414483,Blue,150,0,65,2023-04-23,Week-17,Q2,2023,2945,2206,1503,35,0.749,Swipe ,Entertainment,420.84,1
714417183,Blue,490,1,99,2023-04-23,Week-17,Q2,2023,9511,2220,7041,95,0.233,Swipe ,Food,704.1,1
714418158,Blue,385,0,94,2023-04-23,Week-17,Q2,2023,7264,851,3527,69,0.117,Swipe ,Entertainment,811.21,0
714418983,Blue,475,1,107,2023-04-23,Week-17,Q2,2023,1438.3,0,4509,80,0,Swipe ,Bills,586.17,0
714421233,Blue,480,0,165,2023-04-23,Week-17,Q2,2023,5399,1723,1292,34,0.319,Swipe ,Bills,374.68,0
714422058,Blue,300,0,76,2023-04-23,Week-17,Q2,2023,31639,2446,7119,86,0.077,Swipe ,Grocery,2064.51,0
714424533,Blue,375,1,118,2023-04-23,Week-17,Q2,2023,1655,0,2156,37,0,Swipe ,Food,150.92,0
714425283,Silver,340,1,80,2023-04-23,Week-17,Q2,2023,19962,0,14703,119,0,Swipe ,Grocery,3528.72,0
714426783,Blue,445,1,123,2023-04-23,Week-17,Q2,2023,14041,2154,1467,29,0.153,Swipe ,Travel,278.73,0
714427608,Blue,175,0,80,2023-04-23,Week-17,Q2,2023,2555,681,4888,78,0.267,Chip ,Entertainment,1026.48,0
714429258,Blue,360,0,117,2023-04-30,Week-18,Q2,2023,11464,0,3660,55,0,Swipe ,Bills,402.6,0
714431058,Blue,250,0,61,2023-04-30,Week-18,Q2,2023,4210,1597,4342,72,0.379,Chip ,Entertainment,303.94,0
714432108,Blue,405,1,98,2023-04-30,Week-18,Q2,2023,2402,1892,4610,76,0.788,Swipe ,Bills,599.3,0
714435408,Blue,245,0,100,2023-04-30,Week-18,Q2,2023,12663,1028,3297,54,0.081,Swipe ,Bills,197.82,0
714436383,Blue,150,0,100,2023-04-30,Week-18,Q2,2023,26856,0,4222,75,0,Swipe ,Entertainment,422.2,0
714443058,Blue,195,1,104,2023-04-30,Week-18,Q2,2023,1484,0,1664,39,0,Swipe ,Bills,349.44,0
714443883,Blue,320,1,111,2023-04-30,Week-18,Q2,2023,1781,0,4593,81,0,Swipe ,Food,918.6,0
714449283,Blue,100,1,62,2023-04-30,Week-18,Q2,2023,25428,1528,13360,97,0.06,Swipe ,Food,801.6,0
714451833,Blue,445,0,89,2023-04-30,Week-18,Q2,2023,1438.3,0,1431,34,0,Swipe ,Bills,271.89,0
714454758,Blue,200,1,78,2023-04-30,Week-18,Q2,2023,6347,1594,1771,37,0.251,Swipe ,Bills,194.81,0
714457083,Blue,245,1,114,2023-04-30,Week-18,Q2,2023,3456,2219,1332,24,0.642,Swipe ,Entertainment,319.68,0
714460683,Blue,495,1,105,2023-04-30,Week-18,Q2,2023,3838,1736,1467,29,0.452,Swipe ,Entertainment,176.04,0
714462558,Blue,385,1,112,2023-04-30,Week-18,Q2,2023,5791,0,4556,67,0,Chip ,Grocery,364.48,0
714465558,Silver,175,1,66,2023-04-30,Week-18,Q2,2023,34516,2205,15033,98,0.064,Chip ,Travel,3908.58,0
714466458,Blue,250,0,97,2023-04-30,Week-18,Q2,2023,2532,2124,3400,76,0.839,Swipe ,Bills,884,0
714467733,Silver,450,0,94,2023-04-30,Week-18,Q2,2023,30428,1721,4178,69,0.057,Swipe ,Entertainment,459.58,0
714469008,Blue,125,1,102,2023-04-30,Week-18,Q2,2023,2351,1337,5115,84,0.569,Swipe ,Food,971.85,0
714471183,Blue,340,1,100,2023-04-30,Week-18,Q2,2023,17504,476,10468,66,0.027,Chip ,Travel,1884.24,0
714472608,Blue,110,1,46,2023-04-30,Week-18,Q2,2023,4250,1095,1174,27,0.258,Online ,Bills,281.76,0
714473658,Blue,460,0,107,2023-04-30,Week-18,Q2,2023,8960,1054,1488,26,0.118,Swipe ,Bills,193.44,0
714474483,Blue,200,1,76,2023-04-30,Week-18,Q2,2023,2523,1877,2005,50,0.744,Online ,Travel,401,0
714475908,Blue,195,0,85,2023-04-30,Week-18,Q2,2023,6348,0,1732,39,0,Swipe ,Bills,225.16,0
714477408,Blue,250,1,98,2023-04-30,Week-18,Q2,2023,2977,1340,2201,39,0.45,Chip ,Food,330.15,0
714479358,Blue,460,0,123,2023-04-30,Week-18,Q2,2023,3610,1554,2216,34,0.43,Chip ,Bills,376.72,0
714483033,Blue,375,1,72,2023-04-30,Week-18,Q2,2023,14728,0,4660,85,0,Chip ,Bills,1118.4,0
714484008,Blue,150,1,89,2023-04-30,Week-18,Q2,2023,1567,0,2138,41,0,Swipe ,Bills,342.08,0
714485508,Blue,475,0,101,2023-04-30,Week-18,Q2,2023,9086,1254,3906,81,0.138,Swipe ,Bills,546.84,0
714487458,Blue,100,1,90,2023-04-30,Week-18,Q2,2023,2920,0,2306,39,0,Chip ,Entertainment,553.44,0
714488433,Blue,250,1,114,2023-04-30,Week-18,Q2,2023,19099,2517,4837,77,0.132,Swipe ,Entertainment,1305.99,0
714490308,Blue,245,0,99,2023-04-30,Week-18,Q2,2023,19270,1662,1565,28,0.086,Swipe ,Travel,156.5,0
714492783,Blue,225,0,101,2023-04-30,Week-18,Q2,2023,1438.3,0,1517,38,0,Online ,Food,166.87,0
714493983,Blue,340,0,92,2023-04-30,Week-18,Q2,2023,4682,1010,4322,83,0.216,Swipe ,Food,950.84,0
714495258,Blue,440,0,79,2023-04-30,Week-18,Q2,2023,1438.3,479,1786,37,0.333,Swipe ,Bills,303.62,0
714496083,Blue,140,0,92,2023-04-30,Week-18,Q2,2023,6649,1781,1609,28,0.268,Swipe ,Bills,176.99,0
714499908,Blue,250,1,67,2023-04-30,Week-18,Q2,2023,2016,1303,3243,63,0.646,Chip ,Bills,421.59,0
714500883,Blue,195,1,87,2023-04-30,Week-18,Q2,2023,21242,819,1283,37,0.039,Swipe ,Bills,346.41,0
714502458,Blue,290,0,102,2023-04-30,Week-18,Q2,2023,17811,643,3748,79,0.036,Chip ,Bills,524.72,0
714503433,Blue,330,0,87,2023-04-30,Week-18,Q2,2023,1615,950,2212,43,0.588,Chip ,Food,221.2,0
714505683,Blue,445,1,70,2023-04-30,Week-18,Q2,2023,34516,0,3250,63,0,Online ,Entertainment,812.5,0
714506583,Blue,300,0,69,2023-04-30,Week-18,Q2,2023,1438.3,0,4601,78,0,Swipe ,Food,1012.22,0
714510483,Gold,275,0,68,2023-04-30,Week-18,Q2,2023,34516,2517,7640,87,0.073,Swipe ,Fuel,993.2,0
714511758,Blue,300,0,67,2023-04-30,Week-18,Q2,2023,6363,1029,1542,16,0.162,Swipe ,Bills,169.62,0
714513033,Blue,370,0,63,2023-04-30,Week-18,Q2,2023,11213,0,1257,23,0,Swipe ,Bills,163.41,0
714514008,Blue,150,0,121,2023-04-30,Week-18,Q2,2023,8953,0,1982,43,0,Swipe ,Fuel,515.32,0
714514983,Blue,440,1,92,2023-04-30,Week-18,Q2,2023,5438,2214,5029,75,0.407,Swipe ,Fuel,502.9,0
714516033,Blue,175,1,71,2023-04-30,Week-18,Q2,2023,9025,1005,4412,87,0.111,Chip ,Entertainment,1279.48,0
714516783,Silver,300,1,43,2023-04-30,Week-18,Q2,2023,12547,1378,3360,56,0.11,Swipe ,Bills,336,0
714519408,Blue,125,0,69,2023-04-30,Week-18,Q2,2023,5357,2139,1979,48,0.399,Swipe ,Grocery,395.8,0
714520233,Blue,360,1,73,2023-04-30,Week-18,Q2,2023,1708,0,1992,38,0,Swipe ,Fuel,119.52,0
714522258,Blue,220,1,109,2023-04-30,Week-18,Q2,2023,4366,1590,1596,37,0.364,Swipe ,Entertainment,287.28,0
714523383,Blue,250,0,93,2023-04-30,Week-18,Q2,2023,2900,2122,4656,59,0.732,Swipe ,Bills,1210.56,0
714524583,Blue,200,1,129,2023-04-30,Week-18,Q2,2023,23240,1534,9441,82,0.066,Chip ,Travel,660.87,0
714525633,Blue,300,1,85,2023-04-30,Week-18,Q2,2023,1886,1023,4233,81,0.542,Swipe ,Bills,380.97,0
714527433,Blue,495,1,66,2023-04-30,Week-18,Q2,2023,17523,0,1974,54,0,Swipe ,Grocery,375.06,0
714528258,Blue,125,0,66,2023-04-30,Week-18,Q2,2023,3299,870,4904,75,0.264,Swipe ,Grocery,637.52,0
714529233,Blue,110,1,116,2023-04-30,Week-18,Q2,2023,3124,1593,1652,41,0.51,Swipe ,Bills,479.08,0
714531108,Blue,200,1,98,2023-04-30,Week-18,Q2,2023,4260,1775,2109,52,0.417,Swipe ,Bills,442.89,0
714532158,Blue,175,1,78,2023-04-30,Week-18,Q2,2023,15221,1166,3848,68,0.077,Online ,Entertainment,577.2,0
714533058,Blue,385,1,76,2023-04-30,Week-18,Q2,2023,1438.3,721,4606,86,0.501,Chip ,Travel,276.36,0
714534108,Blue,425,0,45,2023-04-30,Week-18,Q2,2023,6407,1884,1675,47,0.294,Swipe ,Entertainment,402,0
714536208,Blue,390,1,96,2023-04-30,Week-18,Q2,2023,2473,1675,4203,73,0.677,Swipe ,Bills,672.48,0
714537258,Blue,245,1,61,2023-04-30,Week-18,Q2,2023,8876,1132,3779,78,0.128,Chip ,Fuel,491.27,0
714542058,Silver,385,1,160,2023-04-30,Week-18,Q2,2023,26365,680,3411,68,0.026,Swipe ,Fuel,716.31,0
714543633,Blue,465,1,110,2023-04-30,Week-18,Q2,2023,7500,0,8024,78,0,Chip ,Travel,2086.24,0
714544908,Blue,245,1,94,2023-04-30,Week-18,Q2,2023,6224,0,8979,68,0,Chip ,Entertainment,897.9,0
714547458,Blue,250,0,100,2023-04-30,Week-18,Q2,2023,2297,0,1941,51,0,Swipe ,Entertainment,427.02,0
714548733,Silver,200,1,108,2023-04-30,Week-18,Q2,2023,34516,0,2655,64,0,Swipe ,Entertainment,743.4,0
714549558,Blue,195,0,118,2023-04-30,Week-18,Q2,2023,9576,0,2362,49,0,Swipe ,Bills,543.26,0
714550383,Blue,250,1,112,2023-04-30,Week-18,Q2,2023,4129,0,1678,40,0,Swipe ,Entertainment,436.28,0
714554808,Blue,330,0,96,2023-04-30,Week-18,Q2,2023,2774,1362,4802,91,0.491,Chip ,Fuel,1104.46,0
714557583,Blue,420,0,94,2023-04-30,Week-18,Q2,2023,2212,1902,4976,79,0.86,Swipe ,Grocery,1194.24,0
714559458,Blue,290,0,101,2023-04-30,Week-18,Q2,2023,1681,0,1953,48,0,Swipe ,Bills,175.77,0
714560358,Blue,225,1,98,2023-04-30,Week-18,Q2,2023,3234,1514,13803,100,0.468,Swipe ,Food,3588.78,0
714566133,Blue,250,1,130,2023-04-30,Week-18,Q2,2023,3239,2356,4621,91,0.727,Swipe ,Bills,739.36,0
714566958,Blue,375,1,82,2023-04-30,Week-18,Q2,2023,20882,1420,2291,40,0.068,Swipe ,Fuel,595.66,0
714567708,Blue,330,1,89,2023-04-30,Week-18,Q2,2023,2483,2049,4421,74,0.825,Chip ,Bills,839.99,0
714569958,Blue,200,0,118,2023-04-30,Week-18,Q2,2023,3206,2459,3852,65,0.767,Chip ,Food,423.72,0
714571008,Blue,460,1,131,2023-04-30,Week-18,Q2,2023,1438.3,0,4553,78,0,Online ,Grocery,1047.19,0
714572208,Blue,200,0,90,2023-04-30,Week-18,Q2,2023,1438.3,788,4297,65,0.548,Swipe ,Grocery,386.73,0
714573258,Blue,345,0,95,2023-04-30,Week-18,Q2,2023,1606,798,2229,45,0.497,Swipe ,Bills,289.77,0
714574083,Blue,270,1,72,2023-04-30,Week-18,Q2,2023,2937,2159,2511,51,0.735,Swipe ,Fuel,301.32,0
714575208,Blue,470,0,112,2023-04-30,Week-18,Q2,2023,4951,2002,4192,62,0.404,Chip ,Bills,1173.76,0
714576183,Blue,490,1,97,2023-04-30,Week-18,Q2,2023,21637,2030,1222,23,0.094,Swipe ,Travel,354.38,0
714577233,Silver,150,1,80,2023-04-30,Week-18,Q2,2023,4755,0,15999,109,0,Swipe ,Entertainment,959.94,0
714578283,Blue,300,0,77,2023-04-30,Week-18,Q2,2023,2053,0,1283,28,0,Swipe ,Bills,192.45,0
714580158,Blue,290,0,65,2023-04-30,Week-18,Q2,2023,2773,2080,3567,73,0.75,Swipe ,Grocery,463.71,0
714581358,Blue,320,1,82,2023-04-30,Week-18,Q2,2023,1502,0,2204,36,0,Chip ,Grocery,176.32,0
714585033,Blue,375,1,113,2023-04-30,Week-18,Q2,2023,1438.3,1055,4532,78,0.734,Swipe ,Fuel,725.12,0
714586458,Platinum,365,0,80,2023-04-30,Week-18,Q2,2023,7106,2031,16377,124,0.286,Chip ,Food,1146.39,0
714588408,Blue,200,1,97,2023-04-30,Week-18,Q2,2023,2882,0,4446,68,0,Chip ,Bills,311.22,0
714593883,Silver,435,0,106,2023-04-30,Week-18,Q2,2023,12100,1350,13138,115,0.112,Swipe ,Entertainment,1707.94,0
714594933,Blue,200,1,94,2023-04-30,Week-18,Q2,2023,7065,990,3758,65,0.14,Online ,Fuel,939.5,0
714595983,Blue,275,1,103,2023-04-30,Week-18,Q2,2023,1438.3,522,2030,37,0.363,Swipe ,Food,466.9,0
714600258,Blue,250,1,86,2023-04-30,Week-18,Q2,2023,5945,2015,3645,70,0.339,Swipe ,Grocery,729,0
714602658,Blue,375,0,91,2023-04-30,Week-18,Q2,2023,1462,0,1998,36,0,Chip ,Food,279.72,0
714603558,Blue,300,1,80,2023-04-30,Week-18,Q2,2023,11699,1758,2007,46,0.15,Online ,Grocery,280.98,0
714606558,Blue,360,0,105,2023-04-30,Week-18,Q2,2023,1913,1272,1448,22,0.665,Swipe ,Bills,173.76,0
714608583,Blue,475,1,88,2023-04-30,Week-18,Q2,2023,5287,0,8392,69,0,Swipe ,Bills,1594.48,0
714614133,Blue,435,0,90,2023-04-30,Week-18,Q2,2023,2819,0,2128,39,0,Chip ,Bills,425.6,0
714615258,Blue,140,1,96,2023-04-30,Week-18,Q2,2023,4819,2134,9330,64,0.443,Swipe ,Grocery,2052.6,0
714616308,Blue,280,1,66,2023-04-30,Week-18,Q2,2023,7182,1774,4294,67,0.247,Swipe ,Food,644.1,0
714618333,Blue,330,1,101,2023-04-30,Week-18,Q2,2023,9843,2154,1402,35,0.219,Swipe ,Entertainment,364.52,0
714620358,Blue,360,0,66,2023-04-30,Week-18,Q2,2023,3328,2517,2196,47,0.756,Swipe ,Grocery,461.16,0
714621183,Blue,250,0,165,2023-04-30,Week-18,Q2,2023,2650,1646,4512,80,0.621,Chip ,Travel,812.16,0
714622833,Blue,330,0,77,2023-04-30,Week-18,Q2,2023,26058,1664,3489,58,0.064,Swipe ,Fuel,907.14,0
714629358,Blue,285,1,41,2023-04-30,Week-18,Q2,2023,4948,0,1796,41,0,Swipe ,Entertainment,359.2,0
714630858,Blue,405,1,96,2023-04-30,Week-18,Q2,2023,1470,458,2383,39,0.312,Swipe ,Food,667.24,0
714631833,Blue,425,0,73,2023-04-30,Week-18,Q2,2023,1973,1324,1587,38,0.671,Swipe ,Food,428.49,0
714633858,Blue,125,1,50,2023-04-30,Week-18,Q2,2023,5779,2517,2102,32,0.436,Swipe ,Bills,378.36,0
714634983,Blue,100,1,102,2023-04-30,Week-18,Q2,2023,3517,0,2403,48,0,Chip ,Grocery,648.81,0
714635883,Blue,300,0,81,2023-04-30,Week-18,Q2,2023,3594,1996,14881,109,0.555,Chip ,Fuel,1190.48,0
714637908,Gold,485,0,77,2023-04-30,Week-18,Q2,2023,7940,1669,15445,118,0.21,Swipe ,Food,2471.2,0
714638883,Blue,365,1,100,2023-04-30,Week-18,Q2,2023,4661,1835,14257,110,0.394,Chip ,Grocery,1283.13,0
714639783,Blue,125,1,43,2023-04-30,Week-18,Q2,2023,13450,0,1000,18,0,Swipe ,Grocery,200,0
714643983,Blue,325,1,102,2023-04-30,Week-18,Q2,2023,2758,2017,4119,73,0.731,Chip ,Entertainment,576.66,0
714647808,Blue,245,1,96,2023-04-30,Week-18,Q2,2023,2434,0,4628,73,0,Chip ,Fuel,971.88,0
714648933,Blue,125,1,58,2023-04-30,Week-18,Q2,2023,4861,1123,1556,40,0.231,Swipe ,Fuel,342.32,0
714652383,Blue,175,1,77,2023-04-30,Week-18,Q2,2023,1571,0,4580,74,0,Chip ,Grocery,274.8,0
714655758,Blue,125,0,151,2023-04-30,Week-18,Q2,2023,4049,0,4003,73,0,Swipe ,Food,400.3,0
714657108,Blue,480,1,73,2023-04-30,Week-18,Q2,2023,6660,1362,2660,51,0.205,Swipe ,Bills,212.8,0
714658233,Blue,245,0,77,2023-04-30,Week-18,Q2,2023,1438.3,725,3916,79,0.504,Swipe ,Fuel,234.96,0
714659133,Blue,450,1,84,2023-04-30,Week-18,Q2,2023,9410,0,2178,41,0,Online ,Bills,239.58,0
714661233,Blue,140,0,112,2023-04-30,Week-18,Q2,2023,10074,2517,1729,52,0.25,Swipe ,Entertainment,259.35,0
714664683,Blue,435,0,76,2023-04-30,Week-18,Q2,2023,2490,0,8178,91,0,Swipe ,Grocery,2044.5,0
714665733,Blue,200,0,41,2023-04-30,Week-18,Q2,2023,2727,834,1294,26,0.306,Swipe ,Fuel,181.16,0
714667608,Blue,335,0,119,2023-04-30,Week-18,Q2,2023,6043,0,4256,78,0,Swipe ,Bills,893.76,0
714668433,Blue,335,1,83,2023-04-30,Week-18,Q2,2023,2522,1898,4122,67,0.753,Swipe ,Fuel,906.84,0
714670533,Blue,270,1,149,2023-04-30,Week-18,Q2,2023,24580,2517,3069,62,0.102,Swipe ,Bills,398.97,0
714671658,Blue,100,1,138,2023-04-30,Week-18,Q2,2023,2153,1392,4268,85,0.647,Swipe ,Fuel,426.8,0
714672933,Blue,250,0,91,2023-04-30,Week-18,Q2,2023,3143,2268,4417,84,0.722,Swipe ,Food,530.04,0
714673833,Blue,150,0,85,2023-04-30,Week-18,Q2,2023,1528,0,4411,77,0,Swipe ,Entertainment,617.54,0
714677583,Blue,300,0,90,2023-04-30,Week-18,Q2,2023,5173,0,8757,68,0,Chip ,Food,2276.82,0
714678408,Blue,245,0,78,2023-04-30,Week-18,Q2,2023,2646,1983,4727,83,0.749,Chip ,Grocery,1229.02,0
714680208,Blue,390,1,52,2023-04-30,Week-18,Q2,2023,1652,1318,4533,69,0.798,Chip ,Entertainment,815.94,0
714682233,Gold,285,0,92,2023-04-30,Week-18,Q2,2023,9959,0,14948,125,0,Swipe ,Entertainment,4334.92,0
714684108,Blue,110,0,53,2023-04-30,Week-18,Q2,2023,4169,534,8565,70,0.128,Chip ,Bills,1199.1,0
714684933,Blue,380,0,107,2023-04-30,Week-18,Q2,2023,3680,0,2725,41,0,Online ,Bills,163.5,0
714687858,Blue,245,1,76,2023-04-30,Week-18,Q2,2023,1438.3,0,4538,82,0,Chip ,Food,272.28,0
714688833,Blue,125,1,117,2023-04-30,Week-18,Q2,2023,3139,0,4892,95,0,Chip ,Bills,342.44,0
714690633,Blue,470,0,79,2023-04-30,Week-18,Q2,2023,3276,1474,14212,116,0.45,Swipe ,Food,994.84,0
714691683,Blue,100,0,89,2023-04-30,Week-18,Q2,2023,13284,607,4942,76,0.046,Chip ,Travel,543.62,1
714693708,Blue,175,1,107,2023-04-30,Week-18,Q2,2023,2216,1992,4103,77,0.899,Swipe ,Bills,451.33,1
714695883,Blue,140,0,41,2023-04-30,Week-18,Q2,2023,2699,1583,4071,75,0.587,Swipe ,Bills,651.36,1
714697533,Blue,395,1,59,2023-04-30,Week-18,Q2,2023,4327,0,2344,48,0,Swipe ,Entertainment,586,1
714700158,Blue,425,1,61,2023-04-30,Week-18,Q2,2023,6658,1761,1309,40,0.264,Swipe ,Entertainment,91.63,1
714702033,Blue,495,1,131,2023-04-30,Week-18,Q2,2023,1971,979,5446,75,0.497,Online ,Entertainment,980.28,0
714703158,Blue,250,0,71,2023-04-30,Week-18,Q2,2023,1578,760,2017,43,0.482,Swipe ,Bills,141.19,0
714706083,Blue,250,0,118,2023-04-30,Week-18,Q2,2023,12229,997,4284,75,0.082,Chip ,Bills,471.24,0
714707133,Blue,290,1,106,2023-04-30,Week-18,Q2,2023,1438.3,0,4443,86,0,Swipe ,Entertainment,666.45,0
714708183,Silver,220,1,75,2023-04-30,Week-18,Q2,2023,30186,0,4070,74,0,Chip ,Entertainment,1180.3,0
714709983,Blue,270,1,112,2023-04-30,Week-18,Q2,2023,6979,898,1665,44,0.129,Swipe ,Travel,249.75,0
714710733,Silver,335,0,77,2023-04-30,Week-18,Q2,2023,5611,0,16557,120,0,Chip ,Travel,4470.39,0
714713508,Blue,425,1,113,2023-04-30,Week-18,Q2,2023,25178,1803,7836,87,0.072,Swipe ,Entertainment,1253.76,0
714714558,Blue,425,1,41,2023-04-30,Week-18,Q2,2023,3050,2517,4698,75,0.825,Swipe ,Fuel,563.76,0
714717483,Blue,430,1,87,2023-04-30,Week-18,Q2,2023,26181,0,1303,35,0,Swipe ,Grocery,247.57,0
714721608,Blue,360,1,157,2023-04-30,Week-18,Q2,2023,9703,941,4190,81,0.097,Chip ,Grocery,251.4,0
714722808,Blue,380,0,113,2023-04-30,Week-18,Q2,2023,17158,1211,4153,91,0.071,Swipe ,Entertainment,539.89,0
714724908,Blue,335,1,155,2023-04-30,Week-18,Q2,2023,2235,1688,4633,79,0.755,Swipe ,Food,370.64,0
714725883,Blue,420,0,64,2023-04-30,Week-18,Q2,2023,5654,2470,15123,111,0.437,Chip ,Fuel,2570.91,0
714726858,Blue,110,0,89,2023-04-30,Week-18,Q2,2023,4871,0,2773,34,0,Chip ,Bills,554.6,0
714727833,Blue,150,0,117,2023-04-30,Week-18,Q2,2023,2892,2517,2257,48,0.87,Chip ,Bills,473.97,0
714729933,Blue,275,1,99,2023-04-30,Week-18,Q2,2023,14164,1525,3749,59,0.108,Swipe ,Fuel,637.33,0
714731208,Blue,405,1,87,2023-04-30,Week-18,Q2,2023,1651,1433,4050,58,0.868,Swipe ,Entertainment,243,0
714732183,Blue,475,0,126,2023-04-30,Week-18,Q2,2023,3402,1607,3188,65,0.472,Swipe ,Entertainment,924.52,0
714733908,Blue,100,0,60,2023-04-30,Week-18,Q2,2023,8787,1087,4537,75,0.124,Chip ,Bills,544.44,0
714735033,Blue,250,1,86,2023-04-30,Week-18,Q2,2023,1438.3,491,4376,84,0.341,Swipe ,Food,306.32,0
714738033,Blue,390,1,45,2023-04-30,Week-18,Q2,2023,1602,1044,5428,85,0.652,Chip ,Fuel,1519.84,0
714738858,Blue,125,1,87,2023-04-30,Week-18,Q2,2023,2873,1714,4620,81,0.597,Online ,Bills,1155,0
714741933,Blue,460,1,86,2023-04-30,Week-18,Q2,2023,9906,1759,4033,76,0.178,Swipe ,Grocery,282.31,0
714742758,Blue,275,1,142,2023-04-30,Week-18,Q2,2023,3428,2209,4751,87,0.644,Swipe ,Food,332.57,0
714744783,Blue,355,1,102,2023-04-30,Week-18,Q2,2023,6197,1219,3825,67,0.197,Swipe ,Bills,688.5,0
714745608,Blue,225,1,111,2023-04-30,Week-18,Q2,2023,3068,2071,5524,71,0.675,Online ,Bills,386.68,0
714746358,Blue,245,0,80,2023-04-30,Week-18,Q2,2023,4646,1680,2234,35,0.362,Swipe ,Bills,558.5,0
714751158,Blue,300,1,53,2023-04-30,Week-18,Q2,2023,34516,2517,1789,48,0.073,Chip ,Grocery,214.68,0
714752208,Blue,415,1,92,2023-04-30,Week-18,Q2,2023,2393,1985,978,16,0.83,Swipe ,Bills,244.5,0
714753258,Blue,465,1,148,2023-04-30,Week-18,Q2,2023,2379,1982,2966,50,0.833,Swipe ,Entertainment,237.28,0
714754533,Platinum,385,0,102,2023-04-30,Week-18,Q2,2023,34516,1925,8012,87,0.056,Swipe ,Grocery,1281.92,0
714757083,Silver,225,0,117,2023-04-30,Week-18,Q2,2023,29076,0,8765,84,0,Chip ,Travel,2454.2,0
714757908,Silver,435,1,117,2023-04-30,Week-18,Q2,2023,34516,1380,2163,56,0.04,Swipe ,Fuel,605.64,0
714759708,Blue,150,1,119,2023-04-30,Week-18,Q2,2023,10798,1378,13681,105,0.128,Swipe ,Bills,3009.82,0
714765408,Blue,440,1,100,2023-04-30,Week-18,Q2,2023,2557,1990,2266,57,0.778,Swipe ,Fuel,498.52,0
714766383,Blue,360,1,140,2023-04-30,Week-18,Q2,2023,2171,1415,4992,77,0.652,Chip ,Fuel,1148.16,0
714767508,Blue,370,1,86,2023-04-30,Week-18,Q2,2023,8687,1146,2279,33,0.132,Swipe ,Entertainment,478.59,0
714770808,Blue,365,0,91,2023-04-30,Week-18,Q2,2023,4328,670,1580,54,0.155,Swipe ,Bills,395,0
714771708,Blue,195,1,101,2023-04-30,Week-18,Q2,2023,4692,0,4281,69,0,Chip ,Bills,770.58,0
714772758,Blue,200,0,140,2023-04-30,Week-18,Q2,2023,2926,1346,1851,48,0.46,Swipe ,Bills,240.63,0
714773508,Blue,435,1,98,2023-04-30,Week-18,Q2,2023,1632,351,2532,43,0.215,Swipe ,Travel,531.72,0
714777858,Blue,245,1,102,2023-04-30,Week-18,Q2,2023,2343,2066,4858,69,0.882,Swipe ,Food,485.8,0
714778833,Blue,485,1,105,2023-04-30,Week-18,Q2,2023,23032,1960,1289,22,0.085,Swipe ,Bills,219.13,0
714779733,Blue,290,0,172,2023-04-30,Week-18,Q2,2023,10998,1586,2237,33,0.144,Swipe ,Entertainment,469.77,0
714781908,Blue,175,1,79,2023-04-30,Week-18,Q2,2023,5652,548,3710,70,0.097,Chip ,Food,704.9,0
714785508,Silver,385,1,70,2023-04-30,Week-18,Q2,2023,34516,1313,15154,99,0.038,Chip ,Travel,4394.66,0
714786483,Blue,430,0,42,2023-04-30,Week-18,Q2,2023,13445,1186,7377,82,0.088,Swipe ,Bills,1844.25,0
714787383,Blue,480,1,112,2023-04-30,Week-18,Q2,2023,6715,1314,1731,41,0.196,Swipe ,Entertainment,346.2,0
714789033,Blue,220,1,171,2023-04-30,Week-18,Q2,2023,3173,2517,2763,51,0.793,Swipe ,Bills,248.67,0
714790008,Blue,365,0,100,2023-05-07,Week-19,Q2,2023,3764,0,1572,57,0,Swipe ,Bills,157.2,0
714791208,Blue,320,0,89,2023-05-07,Week-19,Q2,2023,3482,2114,1039,24,0.607,Swipe ,Bills,145.46,0
714794133,Blue,280,0,82,2023-05-07,Week-19,Q2,2023,6546,1908,14103,112,0.291,Swipe ,Grocery,4089.87,0
714797733,Blue,125,1,68,2023-05-07,Week-19,Q2,2023,5246,0,3189,56,0,Swipe ,Bills,542.13,0
714798783,Blue,280,0,108,2023-05-07,Week-19,Q2,2023,18886,895,1235,18,0.047,Swipe ,Entertainment,222.3,0
714802458,Blue,225,0,92,2023-05-07,Week-19,Q2,2023,2657,2115,3580,77,0.796,Swipe ,Bills,751.8,0
714804483,Blue,125,1,91,2023-05-07,Week-19,Q2,2023,12159,1665,1426,34,0.137,Swipe ,Bills,285.2,0
714811533,Blue,220,1,120,2023-05-07,Week-19,Q2,2023,1715,0,5910,91,0,Swipe ,Fuel,709.2,0
714816258,Blue,280,0,59,2023-05-07,Week-19,Q2,2023,7638,947,2336,58,0.124,Swipe ,Bills,490.56,0
714818058,Blue,430,1,118,2023-05-07,Week-19,Q2,2023,1438.3,0,4591,74,0,Swipe ,Grocery,734.56,0
714819183,Blue,100,0,76,2023-05-07,Week-19,Q2,2023,24571,1955,1746,28,0.08,Swipe ,Travel,296.82,0
714820158,Blue,300,1,125,2023-05-07,Week-19,Q2,2023,5988,660,10211,68,0.11,Chip ,Travel,1123.21,0
714821433,Blue,175,1,163,2023-05-07,Week-19,Q2,2023,2737,0,7587,80,0,Swipe ,Grocery,1972.62,0
714823308,Gold,100,1,89,2023-05-07,Week-19,Q2,2023,15987,1973,7345,98,0.123,Swipe ,Bills,1175.2,0
714825408,Blue,175,1,97,2023-05-07,Week-19,Q2,2023,2853,2517,4971,65,0.882,Swipe ,Food,1391.88,0
714826758,Blue,300,0,118,2023-05-07,Week-19,Q2,2023,7038,1801,2339,57,0.256,Swipe ,Travel,257.29,0
714828708,Blue,245,0,92,2023-05-07,Week-19,Q2,2023,16099,0,3656,88,0,Swipe ,Fuel,548.4,0
714829683,Blue,220,0,42,2023-05-07,Week-19,Q2,2023,10851,1101,3688,65,0.101,Swipe ,Entertainment,221.28,0
714831033,Blue,250,1,119,2023-05-07,Week-19,Q2,2023,6065,1728,1114,27,0.285,Swipe ,Entertainment,66.84,0
714832383,Gold,95,1,87,2023-05-07,Week-19,Q2,2023,34516,1965,2949,70,0.057,Swipe ,Entertainment,294.9,0
714834258,Blue,465,0,110,2023-05-07,Week-19,Q2,2023,2459,1127,4343,83,0.458,Chip ,Bills,1085.75,0
714835833,Blue,360,1,121,2023-05-07,Week-19,Q2,2023,34516,1048,4192,73,0.03,Chip ,Travel,586.88,0
714839808,Blue,140,1,110,2023-05-07,Week-19,Q2,2023,2141,1176,4317,64,0.549,Chip ,Entertainment,561.21,0
714840858,Blue,125,0,43,2023-05-07,Week-19,Q2,2023,2222,1551,3302,65,0.698,Swipe ,Bills,528.32,0
714842208,Blue,295,0,92,2023-05-07,Week-19,Q2,2023,2804,1782,4357,69,0.636,Swipe ,Grocery,435.7,0
714843483,Blue,175,1,110,2023-05-07,Week-19,Q2,2023,7176,1493,5063,83,0.208,Online ,Bills,1215.12,0
714847983,Blue,175,1,105,2023-05-07,Week-19,Q2,2023,2713,2201,4220,79,0.811,Swipe ,Grocery,928.4,0
714848958,Gold,425,0,109,2023-05-07,Week-19,Q2,2023,15109,897,2315,43,0.059,Swipe ,Food,463,0
714850158,Blue,295,0,42,2023-05-07,Week-19,Q2,2023,1963,1516,4150,75,0.772,Chip ,Food,913,0
714851058,Blue,125,1,53,2023-05-07,Week-19,Q2,2023,2158,1729,1718,42,0.801,Swipe ,Entertainment,309.24,0
714855108,Blue,375,0,107,2023-05-07,Week-19,Q2,2023,3466,973,4073,69,0.281,Online ,Entertainment,855.33,0
714857508,Blue,485,1,154,2023-05-07,Week-19,Q2,2023,8667,1775,3939,69,0.205,Swipe ,Fuel,1142.31,0
714860808,Gold,325,1,76,2023-05-07,Week-19,Q2,2023,4404,2272,15709,93,0.516,Chip ,Travel,2827.62,0
714862083,Blue,285,0,87,2023-05-07,Week-19,Q2,2023,5802,2490,3386,53,0.429,Swipe ,Entertainment,643.34,0
714864333,Blue,395,1,81,2023-05-07,Week-19,Q2,2023,34516,0,1370,38,0,Chip ,Travel,178.1,0
714868608,Blue,395,1,100,2023-05-07,Week-19,Q2,2023,3021,1530,4105,76,0.506,Swipe ,Bills,779.95,0
714869958,Blue,300,0,80,2023-05-07,Week-19,Q2,2023,29795,2364,3949,71,0.079,Swipe ,Grocery,908.27,0
714871683,Blue,335,1,95,2023-05-07,Week-19,Q2,2023,1438.3,537,715,13,0.373,Swipe ,Bills,114.4,0
714877233,Blue,340,0,71,2023-05-07,Week-19,Q2,2023,12262,1836,1659,38,0.15,Swipe ,Entertainment,165.9,0
714878508,Blue,335,0,82,2023-05-07,Week-19,Q2,2023,5483,535,2051,49,0.098,Swipe ,Bills,287.14,0
714879483,Blue,225,0,86,2023-05-07,Week-19,Q2,2023,3929,542,7773,64,0.138,Chip ,Travel,1165.95,0
714880533,Blue,125,0,73,2023-05-07,Week-19,Q2,2023,2849,1741,8669,99,0.611,Swipe ,Bills,2080.56,0
714882258,Blue,250,1,155,2023-05-07,Week-19,Q2,2023,1438.3,730,4583,67,0.508,Swipe ,Grocery,366.64,0
714885258,Blue,445,1,76,2023-05-07,Week-19,Q2,2023,4234,972,1348,27,0.23,Swipe ,Bills,134.8,0
714886533,Blue,200,1,92,2023-05-07,Week-19,Q2,2023,3460,2517,1752,34,0.727,Swipe ,Entertainment,157.68,0
714887808,Blue,410,0,81,2023-05-07,Week-19,Q2,2023,1818,0,2279,50,0,Swipe ,Fuel,524.17,0
714888633,Blue,455,1,65,2023-05-07,Week-19,Q2,2023,4051,1183,1837,57,0.292,Swipe ,Bills,293.92,0
714892533,Blue,345,1,77,2023-05-07,Week-19,Q2,2023,3877,0,2473,33,0,Swipe ,Bills,469.87,0
714893733,Blue,250,0,113,2023-05-07,Week-19,Q2,2023,16794,809,1917,33,0.048,Swipe ,Bills,287.55,0
714894708,Blue,440,0,109,2023-05-07,Week-19,Q2,2023,23958,2517,2777,45,0.105,Swipe ,Food,472.09,0
714895608,Blue,150,1,85,2023-05-07,Week-19,Q2,2023,2792,1375,4364,62,0.492,Swipe ,Entertainment,1134.64,0
714899283,Blue,300,1,96,2023-05-07,Week-19,Q2,2023,5258,1994,3972,73,0.379,Chip ,Bills,476.64,0
714900408,Blue,100,1,90,2023-05-07,Week-19,Q2,2023,5773,0,1306,39,0,Swipe ,Bills,78.36,0
714901383,Blue,300,0,98,2023-05-07,Week-19,Q2,2023,9183,2191,4503,69,0.239,Swipe ,Grocery,450.3,0
714902283,Blue,440,0,69,2023-05-07,Week-19,Q2,2023,7866,0,2843,53,0,Swipe ,Entertainment,454.88,0
714906033,Blue,125,1,106,2023-05-07,Week-19,Q2,2023,5145,0,1588,35,0,Swipe ,Bills,158.8,0
714907908,Blue,300,0,138,2023-05-07,Week-19,Q2,2023,5450,1674,3722,77,0.307,Swipe ,Entertainment,856.06,0
714909108,Blue,270,0,51,2023-05-07,Week-19,Q2,2023,4838,1338,2641,67,0.277,Swipe ,Grocery,184.87,0
714909858,Blue,250,0,151,2023-05-07,Week-19,Q2,2023,2451,1733,5283,90,0.707,Swipe ,Grocery,845.28,0
714912408,Silver,175,0,103,2023-05-07,Week-19,Q2,2023,32275,1845,14917,88,0.057,Online ,Entertainment,2386.72,0
714914583,Blue,395,1,109,2023-05-07,Week-19,Q2,2023,3751,1521,1060,30,0.405,Swipe ,Travel,137.8,0
714915633,Blue,125,1,98,2023-05-07,Week-19,Q2,2023,15699,0,1793,40,0,Chip ,Bills,502.04,0
714916758,Blue,295,1,113,2023-05-07,Week-19,Q2,2023,5210,0,1309,45,0,Swipe ,Entertainment,117.81,0
714917583,Silver,300,0,108,2023-05-07,Week-19,Q2,2023,10074,1079,3338,65,0.107,Chip ,Bills,634.22,0
714919308,Blue,345,1,77,2023-05-07,Week-19,Q2,2023,8135,0,8620,67,0,Chip ,Travel,1724,0
714920208,Blue,420,0,78,2023-05-07,Week-19,Q2,2023,3003,1810,3148,68,0.603,Swipe ,Bills,503.68,0
714923583,Blue,300,1,117,2023-05-07,Week-19,Q2,2023,2369,0,1924,48,0,Swipe ,Entertainment,461.76,0
714924483,Blue,485,1,164,2023-05-07,Week-19,Q2,2023,4628,2327,4226,92,0.503,Swipe ,Food,295.82,0
714926508,Silver,225,0,66,2023-05-07,Week-19,Q2,2023,34516,1938,2275,46,0.056,Chip ,Grocery,614.25,0
714927333,Blue,175,1,75,2023-05-07,Week-19,Q2,2023,9050,1538,1542,43,0.17,Swipe ,Bills,246.72,0
714928158,Silver,445,1,89,2023-05-07,Week-19,Q2,2023,34516,806,13434,102,0.023,Chip ,Bills,2955.48,1
714929283,Blue,460,1,112,2023-05-07,Week-19,Q2,2023,3203,2229,2625,52,0.696,Swipe ,Grocery,236.25,1
714930333,Blue,195,1,100,2023-05-07,Week-19,Q2,2023,4618,0,2476,49,0,Swipe ,Fuel,569.48,1
714931458,Blue,250,1,93,2023-05-07,Week-19,Q2,2023,1438.3,0,4102,78,0,Chip ,Food,738.36,1
714932658,Blue,150,1,96,2023-05-07,Week-19,Q2,2023,15449,0,4098,81,0,Swipe ,Entertainment,1106.46,1
714933783,Blue,425,1,80,2023-05-07,Week-19,Q2,2023,8511,0,3775,62,0,Swipe ,Fuel,604,1
714935883,Blue,250,0,57,2023-05-07,Week-19,Q2,2023,10619,607,4074,65,0.057,Swipe ,Bills,855.54,1
714938733,Blue,195,1,99,2023-05-07,Week-19,Q2,2023,13174,0,4890,49,0,Swipe ,Fuel,391.2,1
714939708,Blue,300,1,101,2023-05-07,Week-19,Q2,2023,12810,0,3174,74,0,Swipe ,Fuel,920.46,0
714940608,Blue,125,1,105,2023-05-07,Week-19,Q2,2023,2686,1733,2057,53,0.645,Swipe ,Food,411.4,0
714941358,Blue,245,0,75,2023-05-07,Week-19,Q2,2023,4005,0,7022,75,0,Swipe ,Food,1755.5,0
714943233,Blue,250,1,101,2023-05-07,Week-19,Q2,2023,1915,1545,3911,80,0.807,Swipe ,Bills,351.99,0
714945708,Silver,245,0,135,2023-05-07,Week-19,Q2,2023,15977,0,7745,64,0,Chip ,Travel,542.15,0
714946908,Blue,125,1,74,2023-05-07,Week-19,Q2,2023,5039,1352,3300,68,0.268,Online ,Food,792,0
714947883,Blue,220,0,92,2023-05-07,Week-19,Q2,2023,2300,1965,1693,27,0.854,Swipe ,Fuel,220.09,0
714948858,Blue,270,1,78,2023-05-07,Week-19,Q2,2023,3647,2517,2935,58,0.69,Swipe ,Bills,733.75,0
714949758,Platinum,225,1,81,2023-05-07,Week-19,Q2,2023,34516,1913,16712,123,0.055,Chip ,Travel,3843.76,0
714951858,Blue,175,0,100,2023-05-07,Week-19,Q2,2023,4473,0,4047,56,0,Chip ,Bills,445.17,0
714954033,Blue,325,0,111,2023-05-07,Week-19,Q2,2023,5076,1223,2675,57,0.241,Swipe ,Entertainment,508.25,0
714957108,Blue,490,1,92,2023-05-07,Week-19,Q2,2023,3616,0,3133,72,0,Swipe ,Bills,281.97,0
714959358,Silver,270,1,110,2023-05-07,Week-19,Q2,2023,34516,2292,8045,71,0.066,Swipe ,Bills,1367.65,0
714960408,Blue,250,0,90,2023-05-07,Week-19,Q2,2023,1605,890,2722,45,0.555,Swipe ,Grocery,299.42,0
714961383,Blue,475,0,72,2023-05-07,Week-19,Q2,2023,1438.3,965,4182,81,0.671,Swipe ,Grocery,1087.32,0
714962658,Blue,125,1,109,2023-05-07,Week-19,Q2,2023,1931,0,2482,40,0,Swipe ,Travel,273.02,0
714963558,Blue,445,1,75,2023-05-07,Week-19,Q2,2023,1438.3,0,4374,71,0,Chip ,Food,481.14,0
714964758,Blue,470,1,94,2023-05-07,Week-19,Q2,2023,10400,1777,1105,28,0.171,Swipe ,Travel,243.1,0
714965958,Blue,150,0,59,2023-05-07,Week-19,Q2,2023,2216,1800,4711,83,0.812,Swipe ,Bills,1271.97,0
714967233,Blue,340,0,89,2023-05-07,Week-19,Q2,2023,11188,0,2109,47,0,Swipe ,Bills,442.89,0
714968208,Blue,250,0,77,2023-05-07,Week-19,Q2,2023,18046,0,13758,104,0,Swipe ,Grocery,2614.02,0
714969183,Blue,125,1,116,2023-05-07,Week-19,Q2,2023,3123,1639,4117,76,0.525,Swipe ,Grocery,699.89,0
714970458,Blue,350,0,104,2023-05-07,Week-19,Q2,2023,9173,2047,1807,33,0.223,Swipe ,Bills,451.75,0
714971583,Blue,355,1,56,2023-05-07,Week-19,Q2,2023,7776,831,3063,87,0.107,Swipe ,Bills,275.67,0
714972558,Blue,200,0,68,2023-05-07,Week-19,Q2,2023,1610,0,2729,45,0,Chip ,Food,791.41,0
714973758,Blue,475,1,61,2023-05-07,Week-19,Q2,2023,1438.3,1002,2004,25,0.697,Swipe ,Grocery,480.96,0
714974658,Blue,375,0,98,2023-05-07,Week-19,Q2,2023,2464,1867,1219,35,0.758,Swipe ,Fuel,219.42,0
714975633,Blue,175,0,65,2023-05-07,Week-19,Q2,2023,2319,1347,7558,85,0.581,Swipe ,Bills,680.22,0
714979383,Blue,125,1,113,2023-05-07,Week-19,Q2,2023,1891,1134,5255,77,0.6,Swipe ,Food,472.95,0
714981483,Blue,300,0,69,2023-05-07,Week-19,Q2,2023,2808,1720,5137,81,0.613,Swipe ,Food,873.29,0
714982383,Blue,480,1,102,2023-05-07,Week-19,Q2,2023,7231,2381,1421,23,0.329,Swipe ,Bills,241.57,0
714983283,Blue,475,1,99,2023-05-07,Week-19,Q2,2023,3651,0,862,19,0,Swipe ,Bills,172.4,0
714985458,Blue,200,0,101,2023-05-07,Week-19,Q2,2023,15124,1974,1850,44,0.131,Online ,Fuel,185,0
714986583,Blue,375,0,99,2023-05-07,Week-19,Q2,2023,4978,923,5025,62,0.185,Swipe ,Food,753.75,0
714987633,Blue,100,0,86,2023-05-07,Week-19,Q2,2023,4953,2039,4026,53,0.412,Swipe ,Food,764.94,0
714989583,Blue,125,1,99,2023-05-07,Week-19,Q2,2023,15405,1691,1763,44,0.11,Swipe ,Bills,352.6,0
714990633,Blue,495,0,95,2023-05-07,Week-19,Q2,2023,2078,1696,4382,82,0.816,Chip ,Grocery,1051.68,0
714991608,Blue,480,1,110,2023-05-07,Week-19,Q2,2023,1438.3,913,4300,68,0.635,Swipe ,Fuel,688,0
714992733,Blue,405,0,163,2023-05-07,Week-19,Q2,2023,3210,2081,3962,62,0.648,Swipe ,Bills,871.64,0
714997683,Blue,495,1,75,2023-05-07,Week-19,Q2,2023,14915,1111,1388,35,0.074,Swipe ,Grocery,152.68,0
714998508,Blue,125,0,86,2023-05-07,Week-19,Q2,2023,3742,1454,5326,62,0.389,Swipe ,Food,1171.72,0
714999483,Silver,495,1,61,2023-05-07,Week-19,Q2,2023,34516,1132,9389,106,0.033,Swipe ,Food,1408.35,0
715000383,Blue,335,1,118,2023-05-07,Week-19,Q2,2023,13598,852,4047,76,0.063,Chip ,Fuel,728.46,0
715004808,Blue,220,0,97,2023-05-07,Week-19,Q2,2023,2992,1845,4339,84,0.617,Swipe ,Grocery,1171.53,0
715005558,Blue,375,1,87,2023-05-07,Week-19,Q2,2023,8374,2147,2472,65,0.256,Swipe ,Bills,593.28,0
715007583,Blue,175,1,88,2023-05-07,Week-19,Q2,2023,1801,0,3193,62,0,Swipe ,Bills,925.97,0
715008858,Blue,420,1,115,2023-05-07,Week-19,Q2,2023,2941,655,4099,66,0.223,Swipe ,Entertainment,245.94,0
715009833,Blue,330,1,113,2023-05-07,Week-19,Q2,2023,1857,1033,5149,90,0.556,Online ,Food,1390.23,0
715012833,Blue,420,0,81,2023-05-07,Week-19,Q2,2023,3073,2517,4858,77,0.819,Swipe ,Fuel,680.12,0
715013733,Blue,150,0,91,2023-05-07,Week-19,Q2,2023,6905,2303,1370,25,0.334,Swipe ,Entertainment,164.4,0
715014633,Blue,360,1,110,2023-05-07,Week-19,Q2,2023,8791,0,2579,51,0,Chip ,Bills,361.06,0
715015683,Blue,385,0,103,2023-05-07,Week-19,Q2,2023,5331,1993,1766,39,0.374,Swipe ,Bills,494.48,0
715016508,Blue,150,0,73,2023-05-07,Week-19,Q2,2023,4527,0,2441,37,0,Swipe ,Grocery,659.07,0
715017858,Platinum,150,0,76,2023-05-07,Week-19,Q2,2023,34516,1421,14465,114,0.041,Swipe ,Grocery,1301.85,0
715019058,Blue,440,0,54,2023-05-07,Week-19,Q2,2023,2501,1845,2933,65,0.738,Swipe ,Fuel,645.26,0
715019883,Blue,200,1,110,2023-05-07,Week-19,Q2,2023,4565,1258,4139,67,0.276,Swipe ,Grocery,496.68,0
715020933,Blue,245,0,114,2023-05-07,Week-19,Q2,2023,15944,0,9360,67,0,Chip ,Bills,1965.6,0
715022133,Blue,100,1,151,2023-05-07,Week-19,Q2,2023,6363,1162,1256,26,0.183,Swipe ,Bills,87.92,0
715023333,Blue,125,1,162,2023-05-07,Week-19,Q2,2023,3702,1118,2585,64,0.302,Swipe ,Bills,697.95,0
715024233,Blue,300,0,62,2023-05-07,Week-19,Q2,2023,3312,1844,1740,32,0.557,Swipe ,Bills,504.6,0
715025208,Blue,280,1,95,2023-05-07,Week-19,Q2,2023,3119,1778,4168,63,0.57,Online ,Fuel,375.12,0
715026258,Silver,370,1,116,2023-05-07,Week-19,Q2,2023,6224,777,13503,112,0.125,Swipe ,Food,1080.24,0
715028283,Blue,270,1,60,2023-05-07,Week-19,Q2,2023,15554,2497,2836,61,0.161,Swipe ,Fuel,255.24,0
715029333,Blue,125,0,63,2023-05-07,Week-19,Q2,2023,2111,0,4459,72,0,Chip ,Food,624.26,0
715030308,Blue,175,0,83,2023-05-07,Week-19,Q2,2023,1503,929,4680,67,0.618,Swipe ,Food,1170,0
715031433,Blue,490,0,74,2023-05-07,Week-19,Q2,2023,6248,1493,4664,60,0.239,Chip ,Grocery,1072.72,0
715033533,Blue,460,1,112,2023-05-07,Week-19,Q2,2023,3125,2517,4422,71,0.805,Swipe ,Entertainment,619.08,0
715034358,Blue,245,1,54,2023-05-07,Week-19,Q2,2023,14302,2097,1505,35,0.147,Online ,Bills,391.3,0
715037133,Blue,125,1,106,2023-05-07,Week-19,Q2,2023,4587,1771,7479,83,0.386,Swipe ,Bills,2019.33,0
715038033,Blue,100,1,92,2023-05-07,Week-19,Q2,2023,7169,629,8216,80,0.088,Swipe ,Bills,657.28,0
715040208,Blue,295,1,106,2023-05-07,Week-19,Q2,2023,5076,871,4115,72,0.172,Chip ,Grocery,987.6,0
715041333,Gold,125,1,98,2023-05-07,Week-19,Q2,2023,3537,2517,1605,43,0.712,Swipe ,Bills,337.05,0
715042608,Blue,95,0,112,2023-05-07,Week-19,Q2,2023,8058,791,2742,42,0.098,Swipe ,Bills,411.3,1
715043508,Blue,460,1,113,2023-05-07,Week-19,Q2,2023,9515,0,4642,61,0,Swipe ,Bills,603.46,1
715047333,Blue,125,0,93,2023-05-07,Week-19,Q2,2023,1734,980,4313,92,0.565,Online ,Bills,1164.51,1
715049583,Blue,450,0,112,2023-05-07,Week-19,Q2,2023,3398,2341,1169,31,0.689,Swipe ,Travel,175.35,1
715050408,Blue,420,1,95,2023-05-07,Week-19,Q2,2023,8029,1576,1094,32,0.196,Swipe ,Bills,207.86,1
715051608,Blue,150,0,117,2023-05-07,Week-19,Q2,2023,9719,2517,9183,51,0.259,Swipe ,Food,2295.75,1
715052583,Silver,150,1,84,2023-05-07,Week-19,Q2,2023,27494,879,14375,112,0.032,Swipe ,Bills,3737.5,1
715054683,Blue,245,1,79,2023-05-07,Week-19,Q2,2023,1645,0,3838,60,0,Online ,Entertainment,690.84,0
715055433,Blue,125,0,95,2023-05-07,Week-19,Q2,2023,2224,1772,2004,44,0.797,Swipe ,Food,420.84,0
715057383,Blue,125,1,76,2023-05-07,Week-19,Q2,2023,17126,1201,3891,79,0.07,Online ,Entertainment,505.83,0
715058433,Blue,440,1,115,2023-05-07,Week-19,Q2,2023,3006,879,5125,87,0.292,Swipe ,Food,1486.25,0
715059258,Blue,390,1,105,2023-05-07,Week-19,Q2,2023,3072,1970,4245,82,0.641,Swipe ,Grocery,1018.8,0
715060158,Blue,100,1,115,2023-05-07,Week-19,Q2,2023,1783,1282,3853,76,0.719,Online ,Food,693.54,0
715061733,Blue,340,1,90,2023-05-07,Week-19,Q2,2023,11698,1060,3539,81,0.091,Swipe ,Bills,247.73,0
715065483,Blue,300,1,60,2023-05-07,Week-19,Q2,2023,8121,1595,1914,45,0.196,Swipe ,Grocery,440.22,0
715071483,Blue,300,0,93,2023-05-07,Week-19,Q2,2023,2802,2517,4392,81,0.898,Swipe ,Fuel,658.8,0
715072533,Blue,300,1,75,2023-05-07,Week-19,Q2,2023,4451,0,4456,75,0,Online ,Food,534.72,0
715074258,Blue,390,1,68,2023-05-07,Week-19,Q2,2023,3930,0,2067,42,0,Swipe ,Bills,578.76,0
715076358,Blue,250,1,86,2023-05-07,Week-19,Q2,2023,23714,0,8463,62,0,Chip ,Grocery,2031.12,0
715077483,Blue,360,0,78,2023-05-07,Week-19,Q2,2023,1438.3,772,2250,40,0.537,Swipe ,Fuel,630,0
715078383,Blue,425,1,108,2023-05-07,Week-19,Q2,2023,7646,1010,1667,47,0.132,Swipe ,Entertainment,316.73,0
715079208,Blue,430,1,146,2023-05-07,Week-19,Q2,2023,9642,2517,1401,35,0.261,Swipe ,Bills,308.22,0
715080258,Blue,220,1,154,2023-05-07,Week-19,Q2,2023,6730,1093,4814,89,0.162,Chip ,Food,1107.22,0
715082133,Blue,380,1,105,2023-05-07,Week-19,Q2,2023,2494,1492,3407,61,0.598,Online ,Grocery,545.12,0
715083633,Blue,270,0,108,2023-05-07,Week-19,Q2,2023,1830,1777,5271,76,0.971,Swipe ,Food,316.26,0
715085733,Blue,110,1,88,2023-05-07,Week-19,Q2,2023,2939,1999,2434,33,0.68,Swipe ,Bills,559.82,0
715090008,Silver,275,0,64,2023-05-07,Week-19,Q2,2023,28564,2517,14875,107,0.088,Chip ,Entertainment,4313.75,0
715091208,Blue,390,1,112,2023-05-07,Week-19,Q2,2023,18177,841,8512,94,0.046,Swipe ,Grocery,4042.88,0
715093383,Blue,425,1,72,2023-05-07,Week-19,Q2,2023,2115,1598,4450,68,0.756,Chip ,Bills,623,0
715098333,Blue,250,0,81,2023-05-07,Week-19,Q2,2023,34516,761,4313,82,0.022,Swipe ,Bills,991.99,0
715102308,Blue,125,0,99,2023-05-07,Week-19,Q2,2023,2295,1277,2245,47,0.556,Chip ,Bills,336.75,0
715105908,Silver,480,1,145,2023-05-07,Week-19,Q2,2023,32024,1232,2507,64,0.038,Swipe ,Fuel,275.77,0
715107033,Blue,395,0,78,2023-05-07,Week-19,Q2,2023,6551,1440,2429,77,0.22,Swipe ,Food,170.03,0
715109508,Blue,445,0,102,2023-05-07,Week-19,Q2,2023,8729,1427,5347,96,0.163,Chip ,Entertainment,802.05,0
715113933,Blue,95,0,99,2023-05-07,Week-19,Q2,2023,11077,573,8165,87,0.052,Chip ,Entertainment,2122.9,0
715117008,Blue,475,0,61,2023-05-07,Week-19,Q2,2023,1438.3,0,4596,82,0,Chip ,Bills,551.52,0
715118058,Blue,245,0,95,2023-05-07,Week-19,Q2,2023,20274,2100,5274,66,0.104,Online ,Bills,791.1,0
715120608,Blue,495,1,115,2023-05-07,Week-19,Q2,2023,14546,1703,1273,27,0.117,Swipe ,Food,343.71,0
715122858,Blue,245,1,119,2023-05-07,Week-19,Q2,2023,2653,0,5052,81,0,Online ,Grocery,1313.52,0
715123983,Blue,320,1,161,2023-05-07,Week-19,Q2,2023,3342,2517,5848,81,0.753,Swipe ,Bills,643.28,0
715124958,Blue,150,0,58,2023-05-07,Week-19,Q2,2023,24742,1676,1306,31,0.068,Swipe ,Bills,300.38,0
715127208,Blue,245,1,94,2023-05-07,Week-19,Q2,2023,34516,2517,1699,48,0.073,Swipe ,Bills,424.75,0
715128408,Blue,380,1,114,2023-05-07,Week-19,Q2,2023,1438.3,863,4482,67,0.6,Swipe ,Grocery,627.48,0
715129233,Blue,190,0,102,2023-05-07,Week-19,Q2,2023,2902,1634,4748,74,0.563,Swipe ,Food,427.32,0
715129983,Blue,220,1,107,2023-05-07,Week-19,Q2,2023,3515,0,15079,116,0,Swipe ,Bills,3769.75,0
715130808,Silver,150,1,152,2023-05-14,Week-20,Q2,2023,34516,1664,4912,80,0.048,Swipe ,Bills,982.4,0
715132758,Gold,195,0,66,2023-05-14,Week-20,Q2,2023,23981,2114,15281,100,0.088,Chip ,Bills,1680.91,0
715136583,Blue,150,1,119,2023-05-14,Week-20,Q2,2023,5000,942,4077,81,0.188,Swipe ,Bills,937.71,0
715140933,Silver,325,1,73,2023-05-14,Week-20,Q2,2023,21425,1459,3704,60,0.068,Swipe ,Fuel,1037.12,0
715143333,Blue,435,1,54,2023-05-14,Week-20,Q2,2023,9433,1578,3910,81,0.167,Swipe ,Fuel,664.7,0
715144383,Blue,300,1,94,2023-05-14,Week-20,Q2,2023,6384,2034,4413,83,0.319,Swipe ,Fuel,1279.77,0
715146558,Blue,220,1,106,2023-05-14,Week-20,Q2,2023,1696,0,2325,56,0,Swipe ,Bills,604.5,0
715148658,Blue,225,0,86,2023-05-14,Week-20,Q2,2023,3683,1039,4684,86,0.282,Swipe ,Grocery,983.64,0
715150983,Blue,245,0,118,2023-05-14,Week-20,Q2,2023,26021,0,8898,60,0,Chip ,Travel,2046.54,0
715153158,Blue,100,0,97,2023-05-14,Week-20,Q2,2023,3636,1884,4254,79,0.518,Swipe ,Bills,893.34,0
715154058,Blue,250,1,46,2023-05-14,Week-20,Q2,2023,4982,2517,9274,65,0.505,Chip ,Fuel,1112.88,0
715155033,Blue,150,1,51,2023-05-14,Week-20,Q2,2023,2122,975,5224,85,0.459,Chip ,Fuel,365.68,0
715156383,Blue,100,1,156,2023-05-14,Week-20,Q2,2023,34516,1533,1603,29,0.044,Swipe ,Travel,192.36,0
715158483,Blue,360,1,73,2023-05-14,Week-20,Q2,2023,3117,1603,1437,37,0.514,Swipe ,Bills,114.96,0
715161633,Blue,340,1,47,2023-05-14,Week-20,Q2,2023,7881,2517,3068,77,0.319,Swipe ,Grocery,674.96,0
715162608,Blue,195,1,86,2023-05-14,Week-20,Q2,2023,2168,1323,2499,38,0.61,Swipe ,Entertainment,549.78,0
715165758,Blue,375,0,102,2023-05-14,Week-20,Q2,2023,27391,587,2862,56,0.021,Chip ,Grocery,772.74,0
715168008,Blue,175,1,78,2023-05-14,Week-20,Q2,2023,8995,1547,2398,61,0.172,Swipe ,Bills,335.72,0
715168983,Blue,200,1,107,2023-05-14,Week-20,Q2,2023,7051,0,1451,37,0,Swipe ,Entertainment,420.79,0
715170183,Blue,390,1,88,2023-05-14,Week-20,Q2,2023,3735,2113,7059,82,0.566,Swipe ,Entertainment,1341.21,0
715174158,Blue,440,0,117,2023-05-14,Week-20,Q2,2023,25215,1445,2588,48,0.057,Swipe ,Grocery,491.72,1
715174983,Blue,420,1,72,2023-05-14,Week-20,Q2,2023,2223,597,3331,67,0.269,Chip ,Grocery,199.86,1
715178733,Blue,200,0,96,2023-05-14,Week-20,Q2,2023,2289,1611,4817,77,0.704,Chip ,Entertainment,1156.08,1
715179933,Blue,495,1,64,2023-05-14,Week-20,Q2,2023,15704,0,4253,91,0,Swipe ,Grocery,595.42,1
715182108,Blue,285,1,120,2023-05-14,Week-20,Q2,2023,3025,1912,4626,78,0.632,Chip ,Entertainment,1017.72,1
715183308,Silver,290,1,137,2023-05-14,Week-20,Q2,2023,33184,855,7190,93,0.026,Swipe ,Food,934.7,1
715186608,Blue,300,0,112,2023-05-14,Week-20,Q2,2023,3304,2517,14565,120,0.762,Chip ,Entertainment,1310.85,0
715187733,Blue,125,1,135,2023-05-14,Week-20,Q2,2023,5464,0,2473,46,0,Swipe ,Entertainment,321.49,0
715190283,Blue,200,0,118,2023-05-14,Week-20,Q2,2023,3672,886,1464,28,0.241,Swipe ,Bills,424.56,0
715191258,Blue,150,1,81,2023-05-14,Week-20,Q2,2023,2675,1999,4138,64,0.747,Online ,Entertainment,1158.64,0
715192308,Blue,485,0,109,2023-05-14,Week-20,Q2,2023,29963,2094,1205,28,0.07,Swipe ,Bills,96.4,0
715193433,Blue,250,1,104,2023-05-14,Week-20,Q2,2023,8476,0,3889,67,0,Swipe ,Bills,972.25,0
715194183,Blue,420,1,107,2023-05-14,Week-20,Q2,2023,2575,411,2423,43,0.16,Online ,Fuel,363.45,0
715195383,Blue,125,0,106,2023-05-14,Week-20,Q2,2023,2391,1625,7649,101,0.68,Swipe ,Bills,611.92,0
715196508,Blue,225,0,156,2023-05-14,Week-20,Q2,2023,3538,0,4123,74,0,Swipe ,Bills,453.53,0
715197633,Blue,250,0,76,2023-05-14,Week-20,Q2,2023,9449,1914,4658,93,0.203,Swipe ,Food,791.86,0
715199808,Silver,465,0,119,2023-05-14,Week-20,Q2,2023,33905,2070,15335,99,0.061,Chip ,Travel,1533.5,0
715200783,Blue,125,1,122,2023-05-14,Week-20,Q2,2023,2015,807,5209,76,0.4,Swipe ,Food,312.54,0
715203108,Blue,250,1,82,2023-05-14,Week-20,Q2,2023,5007,930,1050,28,0.186,Swipe ,Travel,126,0
715204083,Blue,200,0,161,2023-05-14,Week-20,Q2,2023,2765,901,4990,80,0.326,Chip ,Fuel,1347.3,0
715205358,Blue,150,1,88,2023-05-14,Week-20,Q2,2023,2536,913,1750,35,0.36,Swipe ,Grocery,350,0
715206408,Blue,150,1,52,2023-05-14,Week-20,Q2,2023,6662,0,3264,83,0,Swipe ,Fuel,946.56,0
715207458,Blue,375,1,68,2023-05-14,Week-20,Q2,2023,2029,1074,4802,90,0.529,Swipe ,Bills,816.34,0
715209333,Blue,220,1,147,2023-05-14,Week-20,Q2,2023,6224,1965,13630,124,0.316,Swipe ,Fuel,1771.9,0
715210308,Blue,250,1,85,2023-05-14,Week-20,Q2,2023,15970,1212,1260,32,0.076,Swipe ,Bills,75.6,0
715212108,Blue,425,1,91,2023-05-14,Week-20,Q2,2023,1438.3,0,4565,84,0,Swipe ,Bills,1323.85,0
715215108,Blue,470,0,117,2023-05-14,Week-20,Q2,2023,2611,1573,4899,68,0.602,Chip ,Food,1371.72,0
715216908,Blue,430,1,111,2023-05-14,Week-20,Q2,2023,18102,1381,1486,32,0.076,Swipe ,Travel,118.88,0
715217733,Blue,430,1,57,2023-05-14,Week-20,Q2,2023,11922,792,2154,61,0.066,Swipe ,Fuel,409.26,0
715220508,Blue,200,1,152,2023-05-14,Week-20,Q2,2023,3273,2517,2726,57,0.769,Swipe ,Food,354.38,0
715222533,Blue,350,1,96,2023-05-14,Week-20,Q2,2023,2566,1079,2340,36,0.42,Swipe ,Fuel,187.2,0
715225458,Blue,345,1,95,2023-05-14,Week-20,Q2,2023,5991,1993,1867,53,0.333,Swipe ,Bills,448.08,0
715227633,Blue,480,0,80,2023-05-14,Week-20,Q2,2023,1964,0,4240,60,0,Chip ,Food,1102.4,0
715232058,Blue,375,0,49,2023-05-14,Week-20,Q2,2023,5561,1434,1820,42,0.258,Swipe ,Bills,236.6,0
715233108,Blue,360,1,119,2023-05-14,Week-20,Q2,2023,2836,862,4121,83,0.304,Chip ,Bills,741.78,0
715234008,Blue,140,1,44,2023-05-14,Week-20,Q2,2023,4717,1590,4216,67,0.337,Swipe ,Fuel,252.96,0
715235808,Blue,245,1,113,2023-05-14,Week-20,Q2,2023,1819,1235,4636,75,0.679,Swipe ,Food,741.76,0
715236783,Blue,250,1,75,2023-05-14,Week-20,Q2,2023,3734,2517,4792,87,0.674,Swipe ,Bills,1006.32,0
715237683,Blue,440,0,92,2023-05-14,Week-20,Q2,2023,4737,1649,7802,88,0.348,Swipe ,Food,2262.58,0
715240683,Blue,410,1,49,2023-05-14,Week-20,Q2,2023,15535,1302,3718,66,0.084,Chip ,Food,371.8,0
715241583,Blue,405,0,43,2023-05-14,Week-20,Q2,2023,23959,2517,1870,45,0.105,Swipe ,Entertainment,224.4,0
715243458,Blue,280,1,114,2023-05-14,Week-20,Q2,2023,2293,1304,5047,94,0.569,Swipe ,Fuel,353.29,0
715247508,Blue,300,1,90,2023-05-14,Week-20,Q2,2023,7087,1060,1712,37,0.15,Swipe ,Food,359.52,0
715249533,Blue,440,0,67,2023-05-14,Week-20,Q2,2023,3375,0,13992,103,0,Chip ,Bills,1259.28,0
715250583,Blue,395,1,85,2023-05-14,Week-20,Q2,2023,8082,1138,4277,59,0.141,Chip ,Entertainment,684.32,0
715252383,Gold,125,1,129,2023-05-14,Week-20,Q2,2023,34516,1864,3595,52,0.054,Online ,Bills,826.85,0
715253433,Blue,150,1,108,2023-05-14,Week-20,Q2,2023,5543,1372,5266,79,0.248,Chip ,Fuel,947.88,0
715256658,Blue,495,1,97,2023-05-14,Week-20,Q2,2023,5965,688,3382,58,0.115,Swipe ,Grocery,980.78,0
715257708,Blue,345,1,107,2023-05-14,Week-20,Q2,2023,3657,1687,2758,55,0.461,Swipe ,Fuel,799.82,0
715259583,Blue,125,1,43,2023-05-14,Week-20,Q2,2023,5362,1901,1553,38,0.355,Swipe ,Entertainment,310.6,0
715260558,Blue,300,0,75,2023-05-14,Week-20,Q2,2023,2055,0,7674,80,0,Swipe ,Grocery,3918.5,0
715261458,Blue,300,0,86,2023-05-14,Week-20,Q2,2023,6827,0,2621,49,0,Swipe ,Entertainment,655.25,0
715265208,Blue,400,1,118,2023-05-14,Week-20,Q2,2023,1438.3,812,3868,80,0.565,Swipe ,Food,464.16,0
715268508,Gold,140,1,89,2023-05-14,Week-20,Q2,2023,23981,1399,14840,125,0.058,Chip ,Bills,2374.4,0
715269483,Platinum,475,0,87,2023-05-14,Week-20,Q2,2023,17374,2517,15473,128,0.145,Swipe ,Travel,928.38,0
715271733,Blue,220,1,77,2023-05-14,Week-20,Q2,2023,8520,814,1193,35,0.096,Swipe ,Entertainment,322.11,0
715276683,Blue,480,1,119,2023-05-14,Week-20,Q2,2023,24287,1676,5495,69,0.069,Chip ,Travel,1099,0
715277583,Blue,350,0,96,2023-05-14,Week-20,Q2,2023,2111,1209,2803,61,0.573,Swipe ,Food,308.33,0
715278708,Blue,400,0,94,2023-05-14,Week-20,Q2,2023,1594,927,3851,65,0.582,Swipe ,Fuel,770.2,0
715279683,Blue,175,1,96,2023-05-14,Week-20,Q2,2023,1438.3,0,1679,39,0,Swipe ,Entertainment,100.74,0
715281933,Blue,375,1,103,2023-05-14,Week-20,Q2,2023,1438.3,0,4401,73,0,Swipe ,Fuel,264.06,0
715287708,Blue,460,0,89,2023-05-14,Week-20,Q2,2023,6230,1173,3769,77,0.188,Chip ,Bills,791.49,0
715291908,Blue,485,1,141,2023-05-14,Week-20,Q2,2023,11109,2045,13988,92,0.184,Chip ,Travel,2797.6,0
715294083,Blue,365,1,53,2023-05-14,Week-20,Q2,2023,10309,0,1760,40,0,Swipe ,Bills,334.4,0
715297908,Blue,100,1,88,2023-05-14,Week-20,Q2,2023,1438.3,1125,2534,52,0.782,Chip ,Grocery,582.82,0
715298808,Blue,445,1,109,2023-05-14,Week-20,Q2,2023,7566,1618,7570,88,0.214,Swipe ,Bills,1741.1,0
715300683,Blue,245,1,113,2023-05-14,Week-20,Q2,2023,34458,846,8271,94,0.025,Swipe ,Grocery,1406.07,0
715303608,Blue,125,0,115,2023-05-14,Week-20,Q2,2023,2374,1332,4253,81,0.561,Swipe ,Bills,1063.25,0
715304958,Blue,485,0,94,2023-05-14,Week-20,Q2,2023,2053,0,3053,50,0,Swipe ,Entertainment,854.84,0
715306983,Blue,125,0,75,2023-05-14,Week-20,Q2,2023,1866,0,2833,42,0,Swipe ,Fuel,311.63,0
715309083,Blue,100,1,113,2023-05-14,Week-20,Q2,2023,1912,0,4851,87,0,Swipe ,Entertainment,1164.24,0
715310208,Blue,415,1,55,2023-05-14,Week-20,Q2,2023,11450,2129,2197,45,0.186,Online ,Entertainment,351.52,0
715311183,Blue,365,1,147,2023-05-14,Week-20,Q2,2023,3388,1659,13557,100,0.49,Swipe ,Food,813.42,0
715312158,Blue,95,1,85,2023-05-14,Week-20,Q2,2023,2670,2079,3895,59,0.779,Chip ,Bills,389.5,0
715315008,Blue,200,0,105,2023-05-14,Week-20,Q2,2023,4640,1555,3870,70,0.335,Chip ,Grocery,1006.2,0
715315833,Blue,335,1,98,2023-05-14,Week-20,Q2,2023,11106,2107,1243,24,0.19,Online ,Travel,186.45,0
715318008,Blue,420,1,102,2023-05-14,Week-20,Q2,2023,3520,1914,1407,43,0.544,Swipe ,Bills,351.75,0
715319958,Blue,125,1,112,2023-05-14,Week-20,Q2,2023,34516,787,1312,32,0.023,Swipe ,Fuel,380.48,0
715321008,Blue,435,0,89,2023-05-14,Week-20,Q2,2023,34516,2517,7866,63,0.073,Chip ,Food,2123.82,0
715321983,Blue,385,0,135,2023-05-14,Week-20,Q2,2023,2748,1867,4314,75,0.679,Swipe ,Food,992.22,0
715322958,Blue,250,1,150,2023-05-14,Week-20,Q2,2023,6971,1506,3575,67,0.216,Swipe ,Grocery,429,0
715327683,Blue,405,1,112,2023-05-14,Week-20,Q2,2023,4477,2517,4996,55,0.562,Swipe ,Fuel,1398.88,0
715328658,Blue,125,1,77,2023-05-14,Week-20,Q2,2023,1495,0,2622,70,0,Swipe ,Grocery,471.96,0
715335558,Blue,290,0,135,2023-05-14,Week-20,Q2,2023,1855,907,4191,81,0.489,Online ,Food,502.92,0
715338783,Blue,350,0,78,2023-05-14,Week-20,Q2,2023,2999,0,3018,80,0,Swipe ,Fuel,301.8,0
715339758,Blue,245,1,121,2023-05-14,Week-20,Q2,2023,18038,1184,4168,64,0.066,Chip ,Fuel,791.92,0
715340733,Blue,330,1,154,2023-05-14,Week-20,Q2,2023,2222,0,4792,62,0,Swipe ,Grocery,958.4,0
715341858,Blue,110,1,99,2023-05-14,Week-20,Q2,2023,1982,1289,1377,49,0.65,Swipe ,Bills,82.62,0
715343883,Blue,420,1,142,2023-05-14,Week-20,Q2,2023,1931,1297,4693,66,0.672,Swipe ,Grocery,1360.97,1
715345833,Blue,250,1,89,2023-05-14,Week-20,Q2,2023,6116,2517,2369,56,0.412,Online ,Entertainment,687.01,1
715347783,Blue,125,1,105,2023-05-14,Week-20,Q2,2023,4402,1524,3063,57,0.346,Swipe ,Travel,581.97,1
715351983,Blue,250,1,108,2023-05-14,Week-20,Q2,2023,9761,1470,14334,97,0.151,Swipe ,Food,860.04,1
715352883,Blue,200,1,118,2023-05-14,Week-20,Q2,2023,24904,0,5176,71,0,Online ,Fuel,621.12,1
715354008,Blue,450,0,132,2023-05-14,Week-20,Q2,2023,25937,0,3785,68,0,Chip ,Grocery,832.7,0
715354983,Blue,175,0,50,2023-05-14,Week-20,Q2,2023,6327,0,3653,77,0,Swipe ,Fuel,474.89,0
715356258,Blue,175,0,84,2023-05-14,Week-20,Q2,2023,2281,1548,4384,78,0.679,Swipe ,Bills,394.56,0
715357308,Blue,190,1,102,2023-05-14,Week-20,Q2,2023,4141,1424,3512,65,0.344,Chip ,Food,386.32,0
715358283,Blue,465,0,129,2023-05-14,Week-20,Q2,2023,2129,1139,4509,73,0.535,Swipe ,Grocery,766.53,0
715360458,Blue,450,0,138,2023-05-14,Week-20,Q2,2023,12406,1980,8113,90,0.16,Swipe ,Entertainment,1622.6,0
715361433,Blue,100,1,79,2023-05-14,Week-20,Q2,2023,1874,994,4194,78,0.53,Swipe ,Fuel,796.86,0
715362183,Blue,495,1,95,2023-05-14,Week-20,Q2,2023,3706,1043,1688,38,0.281,Online ,Entertainment,303.84,0
715363908,Blue,150,0,94,2023-05-14,Week-20,Q2,2023,4726,1551,3658,70,0.328,Swipe ,Food,621.86,0
715365183,Blue,225,1,68,2023-05-14,Week-20,Q2,2023,2431,0,3323,65,0,Swipe ,Fuel,564.91,0
715366083,Blue,335,0,107,2023-05-14,Week-20,Q2,2023,1438.3,978,947,33,0.68,Swipe ,Entertainment,179.93,0
715367058,Blue,95,1,87,2023-05-14,Week-20,Q2,2023,19044,0,1780,44,0,Swipe ,Bills,195.8,0
715369008,Blue,220,1,82,2023-05-14,Week-20,Q2,2023,3759,0,15331,106,0,Swipe ,Bills,2912.89,0
715371108,Blue,295,1,53,2023-05-14,Week-20,Q2,2023,3728,0,1632,42,0,Swipe ,Bills,359.04,0
715372083,Blue,475,1,119,2023-05-14,Week-20,Q2,2023,2684,0,4796,85,0,Chip ,Food,671.44,0
715374558,Blue,355,0,119,2023-05-14,Week-20,Q2,2023,4150,456,2483,74,0.11,Swipe ,Entertainment,397.28,0
715376508,Blue,330,1,118,2023-05-14,Week-20,Q2,2023,2838,2517,3493,65,0.887,Swipe ,Fuel,558.88,0
715378383,Silver,475,0,41,2023-05-14,Week-20,Q2,2023,34516,1893,3639,76,0.055,Swipe ,Bills,1055.31,0
715379133,Blue,125,0,69,2023-05-14,Week-20,Q2,2023,1737,1145,1954,42,0.659,Swipe ,Bills,371.26,0
715380483,Blue,365,0,87,2023-05-14,Week-20,Q2,2023,1476,0,4462,75,0,Swipe ,Grocery,669.3,0
715381533,Blue,400,0,110,2023-05-14,Week-20,Q2,2023,1438.3,674,2451,55,0.469,Swipe ,Bills,661.77,0
715383108,Blue,480,0,82,2023-05-14,Week-20,Q2,2023,34516,2174,1616,50,0.063,Swipe ,Bills,210.08,0
715389708,Blue,350,0,47,2023-05-14,Week-20,Q2,2023,4824,2517,1516,32,0.522,Swipe ,Entertainment,318.36,0
715390608,Blue,250,0,82,2023-05-14,Week-20,Q2,2023,2867,1209,5311,81,0.422,Swipe ,Fuel,1062.2,0
715391433,Blue,110,0,50,2023-05-14,Week-20,Q2,2023,11741,1560,2143,41,0.133,Swipe ,Fuel,385.74,0
715392558,Blue,435,0,88,2023-05-14,Week-20,Q2,2023,34516,0,2848,56,0,Swipe ,Bills,227.84,0
715393908,Blue,125,1,94,2023-05-14,Week-20,Q2,2023,2712,1445,4520,79,0.533,Swipe ,Food,316.4,0
715394883,Blue,445,1,101,2023-05-14,Week-20,Q2,2023,4319,1151,1852,47,0.266,Swipe ,Travel,500.04,0
715395933,Blue,225,0,105,2023-05-14,Week-20,Q2,2023,11238,2336,5302,70,0.208,Swipe ,Food,742.28,0
715396983,Blue,275,0,57,2023-05-14,Week-20,Q2,2023,17698,1769,8056,95,0.1,Swipe ,Food,1611.2,0
715398033,Blue,110,0,86,2023-05-14,Week-20,Q2,2023,19040,2056,1212,31,0.108,Swipe ,Travel,290.88,0
715398858,Blue,365,0,81,2023-05-14,Week-20,Q2,2023,2525,1203,4360,78,0.476,Chip ,Grocery,915.6,0
715399908,Blue,375,1,98,2023-05-14,Week-20,Q2,2023,7563,1465,4175,67,0.194,Swipe ,Grocery,501,0
715400733,Blue,125,1,116,2023-05-14,Week-20,Q2,2023,1438.3,0,2116,38,0,Swipe ,Food,359.72,0
715401633,Blue,375,0,112,2023-05-14,Week-20,Q2,2023,4469,2002,2111,38,0.448,Swipe ,Grocery,337.76,0
715404783,Blue,245,0,113,2023-05-14,Week-20,Q2,2023,6448,1464,7546,88,0.227,Online ,Food,1433.74,0
715405758,Blue,355,1,75,2023-05-14,Week-20,Q2,2023,10057,0,2383,42,0,Chip ,Grocery,285.96,0
715406658,Blue,365,1,129,2023-05-14,Week-20,Q2,2023,2173,596,2738,45,0.274,Chip ,Entertainment,684.5,0
715409733,Blue,365,1,64,2023-05-14,Week-20,Q2,2023,2263,0,2385,33,0,Chip ,Entertainment,381.6,0
715410783,Blue,300,0,89,2023-05-14,Week-20,Q2,2023,1836,572,2400,34,0.312,Chip ,Bills,336,0
715411608,Blue,335,1,62,2023-05-14,Week-20,Q2,2023,1663,1112,2978,61,0.669,Chip ,Grocery,446.7,0
715412583,Blue,295,0,73,2023-05-14,Week-20,Q2,2023,7925,1445,3815,65,0.182,Swipe ,Fuel,228.9,0
715413483,Blue,370,0,107,2023-05-14,Week-20,Q2,2023,4066,1028,3888,77,0.253,Swipe ,Fuel,1127.52,0
715415508,Blue,425,0,116,2023-05-14,Week-20,Q2,2023,9396,1870,4301,71,0.199,Online ,Bills,473.11,0
715416633,Blue,470,0,128,2023-05-14,Week-20,Q2,2023,6175,960,1847,59,0.155,Swipe ,Bills,221.64,0
715418508,Blue,400,1,128,2023-05-14,Week-20,Q2,2023,8671,590,4399,72,0.068,Swipe ,Grocery,571.87,0
715421058,Blue,455,1,85,2023-05-14,Week-20,Q2,2023,22224,979,3346,69,0.044,Swipe ,Bills,200.76,0
715423233,Blue,220,0,155,2023-05-14,Week-20,Q2,2023,1790,796,3539,57,0.445,Chip ,Entertainment,460.07,0
715424283,Blue,125,1,101,2023-05-14,Week-20,Q2,2023,1677,0,3059,50,0,Swipe ,Grocery,244.72,0
715429608,Blue,190,1,98,2023-05-14,Week-20,Q2,2023,4602,1517,3520,66,0.33,Chip ,Entertainment,668.8,0
715432608,Blue,250,1,113,2023-05-14,Week-20,Q2,2023,22322,953,1348,34,0.043,Swipe ,Fuel,350.48,0
715435758,Blue,325,1,116,2023-05-14,Week-20,Q2,2023,3046,1231,4711,77,0.404,Chip ,Food,376.88,0
715436883,Blue,420,0,125,2023-05-14,Week-20,Q2,2023,2490,1582,7719,86,0.635,Swipe ,Food,1466.61,0
715440558,Blue,330,0,91,2023-05-14,Week-20,Q2,2023,4143,1888,3940,74,0.456,Chip ,Fuel,433.4,0
715442958,Blue,390,0,48,2023-05-14,Week-20,Q2,2023,11067,2517,1843,38,0.227,Swipe ,Entertainment,442.32,0
715443708,Blue,455,0,117,2023-05-14,Week-20,Q2,2023,9343,1286,1385,31,0.138,Swipe ,Bills,138.5,0
715445058,Blue,220,1,166,2023-05-14,Week-20,Q2,2023,3547,2517,2715,45,0.71,Chip ,Bills,217.2,0
715445883,Blue,390,0,117,2023-05-14,Week-20,Q2,2023,18862,2105,4449,86,0.112,Online ,Entertainment,845.31,0
715447008,Blue,95,0,76,2023-05-14,Week-20,Q2,2023,2999,1817,5119,83,0.606,Swipe ,Bills,1228.56,0
715448058,Blue,140,0,82,2023-05-14,Week-20,Q2,2023,3050,1824,1973,50,0.598,Swipe ,Entertainment,473.52,0
715449333,Blue,245,0,108,2023-05-14,Week-20,Q2,2023,1929,1540,2354,50,0.798,Swipe ,Bills,470.8,0
715452408,Blue,300,0,86,2023-05-14,Week-20,Q2,2023,1734,987,4727,67,0.569,Swipe ,Grocery,850.86,0
715455708,Blue,245,0,140,2023-05-14,Week-20,Q2,2023,5116,1468,2361,49,0.287,Swipe ,Bills,637.47,0
715457658,Blue,195,0,82,2023-05-14,Week-20,Q2,2023,1709,1465,1757,48,0.857,Swipe ,Entertainment,140.56,0
715459158,Blue,320,0,115,2023-05-14,Week-20,Q2,2023,16950,0,7821,97,0,Swipe ,Grocery,625.68,0
715462008,Blue,175,0,113,2023-05-14,Week-20,Q2,2023,17884,2096,2031,49,0.117,Swipe ,Fuel,284.34,0
715463133,Blue,455,1,98,2023-05-14,Week-20,Q2,2023,34516,1427,3699,64,0.041,Swipe ,Bills,406.89,0
715466133,Blue,420,1,159,2023-05-14,Week-20,Q2,2023,2492,1410,4374,75,0.566,Swipe ,Bills,349.92,0
715468083,Silver,295,0,118,2023-05-14,Week-20,Q2,2023,34516,1686,3146,66,0.049,Swipe ,Bills,188.76,0
715469583,Blue,345,1,111,2023-05-14,Week-20,Q2,2023,2136,1250,7782,88,0.585,Swipe ,Bills,1400.76,0
715471833,Blue,300,1,67,2023-05-14,Week-20,Q2,2023,28253,0,4525,67,0,Chip ,Grocery,1131.25,0
715474083,Silver,285,1,108,2023-05-14,Week-20,Q2,2023,29663,1743,14638,93,0.059,Chip ,Travel,2049.32,0
715474833,Blue,290,0,85,2023-05-14,Week-20,Q2,2023,12944,1399,4389,84,0.108,Chip ,Entertainment,790.02,0
715477233,Blue,380,0,68,2023-05-14,Week-20,Q2,2023,6968,1430,4037,69,0.205,Swipe ,Food,444.07,0
715478733,Blue,300,0,66,2023-05-14,Week-20,Q2,2023,3088,2517,2292,54,0.815,Swipe ,Bills,550.08,0
715479483,Blue,350,1,158,2023-05-14,Week-20,Q2,2023,15279,1496,2079,57,0.098,Swipe ,Entertainment,457.38,0
715480983,Blue,225,0,108,2023-05-14,Week-20,Q2,2023,5719,892,3403,68,0.156,Swipe ,Bills,918.81,0
715482483,Blue,385,1,86,2023-05-14,Week-20,Q2,2023,3184,1421,2253,59,0.446,Swipe ,Entertainment,405.54,0
715485483,Blue,175,0,41,2023-05-14,Week-20,Q2,2023,3664,0,1479,44,0,Swipe ,Entertainment,414.12,0
715487733,Blue,140,0,115,2023-05-14,Week-20,Q2,2023,1452,0,2287,42,0,Chip ,Fuel,160.09,0
715488483,Blue,300,1,118,2023-05-14,Week-20,Q2,2023,6615,0,4575,75,0,Swipe ,Grocery,1235.25,0
715490733,Blue,200,1,118,2023-05-14,Week-20,Q2,2023,11975,1542,1211,35,0.129,Swipe ,Bills,278.53,0
715491483,Blue,125,1,67,2023-05-21,Week-21,Q2,2023,24016,0,3693,62,0,Swipe ,Grocery,738.6,0
715492983,Blue,400,0,136,2023-05-21,Week-21,Q2,2023,7464,2517,4348,62,0.337,Chip ,Grocery,391.32,0
715493733,Blue,480,1,89,2023-05-21,Week-21,Q2,2023,5735,0,9088,64,0,Chip ,Bills,1272.32,0
715495308,Blue,465,1,110,2023-05-21,Week-21,Q2,2023,8919,2231,3923,73,0.25,Swipe ,Fuel,1098.44,0
715496058,Gold,450,0,81,2023-05-21,Week-21,Q2,2023,15987,0,7832,73,0,Swipe ,Entertainment,2192.96,0
715496808,Blue,140,0,118,2023-05-21,Week-21,Q2,2023,2712,2487,4159,69,0.917,Swipe ,Food,415.9,0
715497558,Blue,290,1,107,2023-05-21,Week-21,Q2,2023,3052,0,2598,47,0,Swipe ,Fuel,649.5,0
715498308,Blue,280,1,110,2023-05-21,Week-21,Q2,2023,3454,1603,1575,41,0.464,Swipe ,Grocery,330.75,0
715499058,Blue,190,1,81,2023-05-21,Week-21,Q2,2023,1848,0,2775,33,0,Chip ,Fuel,721.5,0
715499808,Silver,150,1,107,2023-05-21,Week-21,Q2,2023,3552,2517,1342,26,0.709,Swipe ,Grocery,80.52,0
715500558,Blue,245,1,89,2023-05-21,Week-21,Q2,2023,1637,774,4120,78,0.473,Chip ,Fuel,700.4,0
715502808,Blue,475,1,102,2023-05-21,Week-21,Q2,2023,25944,1987,4442,76,0.077,Swipe ,Fuel,666.3,0
715503558,Blue,335,0,119,2023-05-21,Week-21,Q2,2023,3542,2417,4127,71,0.682,Chip ,Food,619.05,0
715506258,Blue,270,1,110,2023-05-21,Week-21,Q2,2023,16388,2001,4477,83,0.122,Chip ,Grocery,402.93,0
715510683,Blue,380,0,81,2023-05-21,Week-21,Q2,2023,2506,1362,4665,82,0.543,Swipe ,Fuel,513.15,0
715511658,Blue,125,1,77,2023-05-21,Week-21,Q2,2023,4568,0,1431,27,0,Swipe ,Entertainment,300.51,0
715514133,Blue,375,0,142,2023-05-21,Week-21,Q2,2023,2184,0,1973,42,0,Chip ,Fuel,532.71,0
715515333,Blue,195,0,144,2023-05-21,Week-21,Q2,2023,7932,2140,4024,92,0.27,Swipe ,Food,804.8,0
715516458,Blue,360,1,118,2023-05-21,Week-21,Q2,2023,2705,2430,2602,43,0.898,Swipe ,Grocery,208.16,0
715517733,Silver,175,1,116,2023-05-21,Week-21,Q2,2023,13092,1962,936,25,0.15,Swipe ,Entertainment,159.12,0
715518783,Gold,275,1,92,2023-05-21,Week-21,Q2,2023,3882,2029,13980,128,0.523,Swipe ,Fuel,3634.8,0
715519983,Blue,150,0,91,2023-05-21,Week-21,Q2,2023,13553,1448,8751,94,0.107,Swipe ,Bills,525.06,0
715522233,Blue,245,0,90,2023-05-21,Week-21,Q2,2023,2917,1523,4878,92,0.522,Swipe ,Bills,1317.06,0
715524708,Silver,370,1,114,2023-05-21,Week-21,Q2,2023,20756,1710,1502,31,0.082,Swipe ,Bills,345.46,0
715528983,Blue,355,0,87,2023-05-21,Week-21,Q2,2023,17196,1646,1466,41,0.096,Swipe ,Fuel,146.6,1
715530258,Blue,125,1,164,2023-05-21,Week-21,Q2,2023,4848,2517,2353,53,0.519,Swipe ,Grocery,611.78,1
715532208,Blue,415,0,121,2023-05-21,Week-21,Q2,2023,4010,1504,3807,61,0.375,Chip ,Fuel,228.42,1
715533108,Blue,490,1,60,2023-05-21,Week-21,Q2,2023,4712,955,2568,62,0.203,Swipe ,Bills,410.88,1
715534083,Blue,200,1,90,2023-05-21,Week-21,Q2,2023,2168,1334,4043,73,0.615,Swipe ,Entertainment,727.74,1
715537383,Blue,380,1,162,2023-05-21,Week-21,Q2,2023,27378,1893,3934,78,0.069,Chip ,Fuel,668.78,1
715540233,Blue,385,1,164,2023-05-21,Week-21,Q2,2023,20755,2276,4615,79,0.11,Chip ,Grocery,646.1,1
715542783,Blue,245,0,67,2023-05-21,Week-21,Q2,2023,3731,0,13234,92,0,Swipe ,Fuel,1191.06,0
715543908,Blue,500,1,98,2023-05-21,Week-21,Q2,2023,2147,1173,1352,37,0.546,Swipe ,Bills,243.36,0
715544883,Silver,150,1,79,2023-05-21,Week-21,Q2,2023,14135,630,13703,99,0.045,Chip ,Travel,3836.84,0
715545933,Blue,150,1,92,2023-05-21,Week-21,Q2,2023,22355,2179,14268,99,0.097,Chip ,Travel,1854.84,0
715547058,Blue,365,0,84,2023-05-21,Week-21,Q2,2023,2089,0,2707,51,0,Chip ,Fuel,541.4,0
715548183,Blue,285,0,129,2023-05-21,Week-21,Q2,2023,23566,1670,3129,79,0.071,Chip ,Fuel,907.41,0
715549158,Blue,140,1,93,2023-05-21,Week-21,Q2,2023,1438.3,0,4769,84,0,Swipe ,Travel,1144.56,0
715550508,Blue,320,1,70,2023-05-21,Week-21,Q2,2023,2535,2440,1312,20,0.963,Swipe ,Travel,341.12,0
715551783,Silver,125,1,117,2023-05-21,Week-21,Q2,2023,24927,1273,14603,113,0.051,Swipe ,Bills,1898.39,0
715554708,Blue,225,1,66,2023-05-21,Week-21,Q2,2023,8507,1484,14949,114,0.174,Chip ,Travel,2840.31,0
715555833,Blue,430,0,136,2023-05-21,Week-21,Q2,2023,4862,0,4167,86,0,Swipe ,Travel,1166.76,0
715563558,Blue,405,1,148,2023-05-21,Week-21,Q2,2023,7522,1057,2533,62,0.141,Swipe ,Grocery,607.92,0
715565058,Blue,125,0,83,2023-05-21,Week-21,Q2,2023,1438.3,0,4479,70,0,Swipe ,Grocery,761.43,0
715566408,Blue,95,0,151,2023-05-21,Week-21,Q2,2023,2143,1479,4404,77,0.69,Swipe ,Grocery,1145.04,0
715567608,Blue,125,0,146,2023-05-21,Week-21,Q2,2023,4406,1247,3964,76,0.283,Chip ,Grocery,1149.56,0
715570533,Blue,200,0,119,2023-05-21,Week-21,Q2,2023,34516,0,1632,44,0,Swipe ,Grocery,179.52,0
715571583,Blue,480,1,43,2023-05-21,Week-21,Q2,2023,2504,1915,4847,86,0.765,Swipe ,Travel,969.4,0
715572783,Blue,270,1,114,2023-05-21,Week-21,Q2,2023,7693,0,4573,93,0,Chip ,Entertainment,685.95,0
715573758,Silver,425,1,106,2023-05-21,Week-21,Q2,2023,34516,1816,15226,113,0.053,Chip ,Travel,1370.34,0
715575258,Blue,245,0,85,2023-05-21,Week-21,Q2,2023,5791,1957,7823,93,0.338,Swipe ,Food,2033.98,0
715579233,Blue,200,0,120,2023-05-21,Week-21,Q2,2023,3659,1356,4861,74,0.371,Swipe ,Food,1361.08,0
715581633,Blue,245,1,131,2023-05-21,Week-21,Q2,2023,1972,0,5085,73,0,Swipe ,Bills,1067.85,0
715583283,Blue,175,0,81,2023-05-21,Week-21,Q2,2023,7942,2087,4068,66,0.263,Chip ,Travel,894.96,0
715585158,Blue,295,1,119,2023-05-21,Week-21,Q2,2023,10021,1617,1275,25,0.161,Swipe ,Bills,293.25,0
715588008,Blue,415,1,112,2023-05-21,Week-21,Q2,2023,31978,1659,2333,51,0.052,Chip ,Fuel,676.57,0
715588908,Blue,250,0,94,2023-05-21,Week-21,Q2,2023,6158,0,3132,66,0,Swipe ,Bills,626.4,0
715590258,Blue,195,0,107,2023-05-21,Week-21,Q2,2023,3918,2070,4700,69,0.528,Swipe ,Fuel,893,0
715593783,Blue,475,0,110,2023-05-21,Week-21,Q2,2023,14858,1594,4286,72,0.107,Swipe ,Bills,857.2,0
715596783,Blue,245,0,111,2023-05-21,Week-21,Q2,2023,1895,1146,4333,72,0.605,Chip ,Grocery,1213.24,0
715599633,Silver,125,1,111,2023-05-21,Week-21,Q2,2023,34516,0,7686,89,0,Swipe ,Grocery,691.74,0
715600533,Gold,300,0,75,2023-05-21,Week-21,Q2,2023,34516,1357,13722,124,0.039,Chip ,Food,823.32,0
715601808,Platinum,375,1,66,2023-05-21,Week-21,Q2,2023,34516,2253,16692,131,0.065,Chip ,Travel,2003.04,0
715603233,Blue,200,1,141,2023-05-21,Week-21,Q2,2023,2293,1460,4436,74,0.637,Chip ,Entertainment,887.2,0
715607958,Blue,365,1,71,2023-05-21,Week-21,Q2,2023,4202,2201,4385,78,0.524,Chip ,Grocery,920.85,0
715609533,Blue,225,1,96,2023-05-21,Week-21,Q2,2023,5398,0,1887,36,0,Swipe ,Grocery,320.79,0
715610733,Blue,420,1,76,2023-05-21,Week-21,Q2,2023,3735,1175,8193,66,0.315,Swipe ,Food,2294.04,0
715611933,Blue,95,0,95,2023-05-21,Week-21,Q2,2023,23692,2402,3632,62,0.101,Swipe ,Grocery,290.56,0
715612983,Blue,200,1,94,2023-05-21,Week-21,Q2,2023,6463,1660,2336,49,0.257,Swipe ,Fuel,350.4,0
715615233,Blue,470,0,92,2023-05-21,Week-21,Q2,2023,2737,1812,4507,86,0.662,Chip ,Grocery,1036.61,0
715616358,Blue,340,0,132,2023-05-21,Week-21,Q2,2023,5843,1162,4405,67,0.199,Swipe ,Grocery,308.35,0
715617333,Blue,150,1,94,2023-05-21,Week-21,Q2,2023,1438.3,0,4957,88,0,Swipe ,Fuel,743.55,0
715622508,Blue,425,0,82,2023-05-21,Week-21,Q2,2023,7904,0,2094,32,0,Chip ,Food,188.46,0
715623483,Blue,150,1,110,2023-05-21,Week-21,Q2,2023,8567,1695,1457,41,0.198,Swipe ,Travel,422.53,0
715624533,Blue,285,0,100,2023-05-21,Week-21,Q2,2023,5357,1272,7730,97,0.237,Swipe ,Fuel,1159.5,0
715625658,Blue,460,0,141,2023-05-21,Week-21,Q2,2023,4476,1492,4603,87,0.333,Chip ,Grocery,460.3,0
715627833,Gold,420,0,82,2023-05-21,Week-21,Q2,2023,34516,1948,4539,75,0.056,Chip ,Travel,635.46,0
715628733,Blue,415,1,98,2023-05-21,Week-21,Q2,2023,7587,0,3157,59,0,Swipe ,Fuel,410.41,0
715629783,Silver,460,0,148,2023-05-21,Week-21,Q2,2023,17905,980,4399,64,0.055,Swipe ,Bills,923.79,0
715630983,Blue,320,1,115,2023-05-21,Week-21,Q2,2023,4598,0,6317,77,0,Swipe ,Food,568.53,0
715636533,Blue,480,1,98,2023-05-21,Week-21,Q2,2023,3716,0,4833,73,0,Chip ,Grocery,1159.92,0
715640358,Blue,290,0,128,2023-05-21,Week-21,Q2,2023,4112,768,1334,40,0.187,Swipe ,Entertainment,293.48,0
715644633,Blue,440,1,102,2023-05-21,Week-21,Q2,2023,1528,820,5212,88,0.537,Swipe ,Grocery,1511.48,0
715645908,Gold,175,1,73,2023-05-21,Week-21,Q2,2023,34516,0,8480,71,0,Chip ,Grocery,2289.6,0
715649358,Blue,150,0,100,2023-05-21,Week-21,Q2,2023,3879,0,7786,81,0,Online ,Bills,778.6,0
715650783,Blue,190,1,77,2023-05-21,Week-21,Q2,2023,4499,0,4906,75,0,Swipe ,Fuel,1226.5,0
715651833,Blue,385,1,115,2023-05-21,Week-21,Q2,2023,2351,0,1593,35,0,Swipe ,Grocery,159.3,0
715655283,Blue,225,1,115,2023-05-21,Week-21,Q2,2023,2363,1495,4420,65,0.633,Swipe ,Food,353.6,0
715657833,Blue,385,0,115,2023-05-21,Week-21,Q2,2023,1438.3,787,4956,89,0.547,Swipe ,Food,396.48,0
715659333,Blue,300,0,113,2023-05-21,Week-21,Q2,2023,4902,2517,4508,69,0.513,Chip ,Fuel,631.12,0
715660308,Blue,270,1,153,2023-05-21,Week-21,Q2,2023,2921,2412,2612,33,0.826,Swipe ,Fuel,313.44,0
715662258,Blue,245,1,108,2023-05-21,Week-21,Q2,2023,2454,2060,3777,75,0.839,Swipe ,Fuel,717.63,0
715663458,Blue,450,0,92,2023-05-21,Week-21,Q2,2023,2268,651,5016,88,0.287,Swipe ,Food,1103.52,0
715664808,Blue,250,0,81,2023-05-21,Week-21,Q2,2023,34516,0,2427,51,0,Chip ,Fuel,266.97,0
715670058,Blue,245,0,114,2023-05-21,Week-21,Q2,2023,34516,1662,3806,76,0.048,Chip ,Food,875.38,0
715671183,Blue,250,1,70,2023-05-21,Week-21,Q2,2023,6824,2517,9045,67,0.369,Chip ,Travel,542.7,0
715672458,Blue,300,1,99,2023-05-21,Week-21,Q2,2023,2721,1264,4557,71,0.465,Swipe ,Bills,1139.25,0
715674483,Blue,320,0,155,2023-05-21,Week-21,Q2,2023,6205,2517,1204,19,0.406,Swipe ,Travel,108.36,0
715675458,Blue,355,1,102,2023-05-21,Week-21,Q2,2023,6346,578,3837,85,0.091,Chip ,Grocery,805.77,0
715679733,Blue,435,1,84,2023-05-21,Week-21,Q2,2023,1736,1513,3462,67,0.872,Chip ,Travel,519.3,0
715680933,Blue,375,1,62,2023-05-21,Week-21,Q2,2023,17742,1463,3369,55,0.082,Swipe ,Bills,977.01,0
715682208,Blue,225,1,40,2023-05-21,Week-21,Q2,2023,9549,0,4629,76,0,Swipe ,Grocery,555.48,0
715684308,Blue,245,1,78,2023-05-21,Week-21,Q2,2023,4008,1636,1395,43,0.408,Swipe ,Bills,153.45,0
715686183,Blue,200,0,137,2023-05-21,Week-21,Q2,2023,2711,0,4795,65,0,Chip ,Entertainment,623.35,0
715688958,Blue,450,1,87,2023-05-21,Week-21,Q2,2023,2736,2043,4550,84,0.747,Swipe ,Grocery,1001,0
715690908,Silver,250,1,114,2023-05-21,Week-21,Q2,2023,12222,1260,3418,78,0.103,Swipe ,Grocery,444.34,0
715691808,Blue,220,1,71,2023-05-21,Week-21,Q2,2023,7764,621,3955,72,0.08,Chip ,Bills,355.95,0
715694433,Blue,125,0,96,2023-05-21,Week-21,Q2,2023,4248,1177,13958,116,0.277,Swipe ,Fuel,4047.82,0
715698633,Blue,250,0,121,2023-05-21,Week-21,Q2,2023,5093,2376,2341,57,0.467,Swipe ,Grocery,491.61,0
715699983,Blue,125,1,107,2023-05-21,Week-21,Q2,2023,9226,1233,1626,29,0.134,Swipe ,Bills,260.16,0
715701033,Blue,340,0,170,2023-05-21,Week-21,Q2,2023,2111,1761,2112,46,0.834,Swipe ,Food,316.8,0
715702758,Blue,460,1,93,2023-05-21,Week-21,Q2,2023,1860,0,1731,29,0,Swipe ,Bills,173.1,0
715705683,Blue,250,1,92,2023-05-21,Week-21,Q2,2023,1936,1101,4578,70,0.569,Chip ,Entertainment,1052.94,0
715708308,Blue,340,1,77,2023-05-21,Week-21,Q2,2023,2112,1594,1338,29,0.755,Swipe ,Bills,173.94,0
715710708,Blue,460,0,116,2023-05-21,Week-21,Q2,2023,18085,747,4583,76,0.041,Chip ,Entertainment,549.96,0
715713408,Gold,410,1,92,2023-05-21,Week-21,Q2,2023,15987,0,15853,117,0,Chip ,Food,4121.78,0
715714458,Blue,125,0,127,2023-05-21,Week-21,Q2,2023,4446,0,8753,76,0,Chip ,Entertainment,1838.13,0
715716333,Blue,300,1,72,2023-05-21,Week-21,Q2,2023,18819,0,4273,87,0,Chip ,Entertainment,299.11,0
715717608,Blue,195,1,77,2023-05-21,Week-21,Q2,2023,3189,0,4813,86,0,Chip ,Fuel,962.6,0
715719033,Blue,450,1,136,2023-05-21,Week-21,Q2,2023,3317,2517,3772,74,0.759,Chip ,Grocery,716.68,0
715720083,Blue,450,1,167,2023-05-21,Week-21,Q2,2023,13241,0,3157,76,0,Swipe ,Fuel,915.53,0
715724808,Blue,300,1,104,2023-05-21,Week-21,Q2,2023,8051,2138,4370,83,0.266,Chip ,Grocery,830.3,0
715725858,Blue,325,1,82,2023-05-21,Week-21,Q2,2023,2256,1346,4893,76,0.597,Swipe ,Fuel,880.74,0
715728108,Platinum,245,1,114,2023-05-21,Week-21,Q2,2023,4548,1450,14330,131,0.319,Swipe ,Bills,1862.9,0
715729683,Silver,365,0,116,2023-05-21,Week-21,Q2,2023,34516,1106,7936,76,0.032,Online ,Bills,1984,0
715731033,Blue,200,0,105,2023-05-21,Week-21,Q2,2023,33996,949,3569,77,0.028,Swipe ,Fuel,927.94,0
715732533,Blue,460,0,47,2023-05-21,Week-21,Q2,2023,9375,1625,2108,51,0.173,Chip ,Fuel,295.12,0
715735233,Blue,220,1,65,2023-05-21,Week-21,Q2,2023,3449,1598,1679,42,0.463,Swipe ,Bills,335.8,0
715736283,Blue,150,0,83,2023-05-21,Week-21,Q2,2023,1912,0,4666,98,0,Swipe ,Fuel,373.28,0
715737258,Blue,415,1,118,2023-05-21,Week-21,Q2,2023,2225,0,4917,84,0,Chip ,Entertainment,344.19,0
715739733,Blue,300,0,124,2023-05-21,Week-21,Q2,2023,1793,1141,5293,88,0.636,Chip ,Food,846.88,1
715742658,Blue,475,0,99,2023-05-21,Week-21,Q2,2023,6077,1421,12489,97,0.234,Swipe ,Fuel,1873.35,1
715745508,Blue,125,1,117,2023-05-21,Week-21,Q2,2023,11221,1279,1564,45,0.114,Swipe ,Bills,281.52,1
715746633,Blue,465,1,75,2023-05-21,Week-21,Q2,2023,5577,689,4256,70,0.124,Swipe ,Bills,425.6,1
715749108,Gold,150,0,79,2023-05-21,Week-21,Q2,2023,34516,2429,3205,57,0.07,Online ,Grocery,192.3,1
715749858,Blue,250,1,115,2023-05-21,Week-21,Q2,2023,4726,1380,1723,31,0.292,Swipe ,Entertainment,482.44,1
715750758,Blue,300,1,80,2023-05-21,Week-21,Q2,2023,9031,1535,1602,35,0.17,Swipe ,Bills,320.4,1
715754133,Blue,190,0,83,2023-05-21,Week-21,Q2,2023,3391,1359,13212,107,0.401,Swipe ,Grocery,1056.96,1
715756683,Blue,95,0,98,2023-05-21,Week-21,Q2,2023,14804,1696,15237,111,0.115,Chip ,Travel,3047.4,1
715759458,Blue,345,0,136,2023-05-21,Week-21,Q2,2023,12165,0,4066,74,0,Online ,Entertainment,650.56,0
715760733,Blue,175,0,150,2023-05-21,Week-21,Q2,2023,7803,1885,1199,25,0.242,Swipe ,Entertainment,95.92,0
715762083,Silver,100,1,90,2023-05-21,Week-21,Q2,2023,30501,2030,2525,45,0.067,Chip ,Food,378.75,0
715764483,Blue,175,1,134,2023-05-21,Week-21,Q2,2023,7202,974,1397,33,0.135,Swipe ,Entertainment,237.49,0
715765758,Blue,415,1,68,2023-05-21,Week-21,Q2,2023,1438.3,814,4217,72,0.566,Swipe ,Grocery,337.36,0
715767033,Blue,405,1,70,2023-05-21,Week-21,Q2,2023,1438.3,0,4919,83,0,Chip ,Bills,1328.13,0
715769958,Blue,460,0,73,2023-05-21,Week-21,Q2,2023,4855,1912,14969,104,0.394,Chip ,Entertainment,2095.66,0
715771608,Silver,430,0,76,2023-05-21,Week-21,Q2,2023,34516,1453,4147,76,0.042,Swipe ,Bills,373.23,0
715773783,Blue,440,0,133,2023-05-21,Week-21,Q2,2023,4196,561,2558,38,0.134,Swipe ,Bills,486.02,0
715774833,Blue,335,1,40,2023-05-21,Week-21,Q2,2023,1801,940,3797,74,0.522,Chip ,Entertainment,835.34,0
715776033,Blue,455,1,88,2023-05-21,Week-21,Q2,2023,3135,0,4116,68,0,Chip ,Bills,1029,0
715778358,Blue,420,1,157,2023-05-21,Week-21,Q2,2023,34516,797,3643,59,0.023,Swipe ,Grocery,1056.47,0
715779333,Blue,125,1,91,2023-05-21,Week-21,Q2,2023,4753,0,3895,71,0,Chip ,Fuel,428.45,0
715783758,Blue,495,0,41,2023-05-21,Week-21,Q2,2023,25188,1295,1513,38,0.051,Swipe ,Bills,257.21,0
715784808,Blue,295,0,105,2023-05-21,Week-21,Q2,2023,2576,1678,3913,86,0.651,Swipe ,Fuel,665.21,0
715785933,Blue,195,0,74,2023-05-21,Week-21,Q2,2023,3380,1655,1636,58,0.49,Swipe ,Entertainment,196.32,0
715797783,Blue,125,1,94,2023-05-21,Week-21,Q2,2023,2697,1863,4615,81,0.691,Swipe ,Grocery,969.15,0
715798608,Blue,200,1,84,2023-05-21,Week-21,Q2,2023,4244,1066,4016,89,0.251,Swipe ,Fuel,240.96,0
715799808,Blue,475,1,94,2023-05-21,Week-21,Q2,2023,3764,0,6574,69,0,Swipe ,Food,1643.5,0
715800708,Blue,100,0,92,2023-05-21,Week-21,Q2,2023,3955,2000,1560,43,0.506,Swipe ,Entertainment,218.4,0
715803933,Blue,455,1,107,2023-05-21,Week-21,Q2,2023,9090,1371,4422,65,0.151,Swipe ,Bills,530.64,0
715805133,Blue,150,1,81,2023-05-21,Week-21,Q2,2023,2705,1581,5532,81,0.584,Swipe ,Travel,497.88,0
715807383,Blue,275,0,116,2023-05-21,Week-21,Q2,2023,4688,0,5248,89,0,Swipe ,Food,1521.92,0
715808808,Blue,150,0,146,2023-05-21,Week-21,Q2,2023,7469,1216,13614,104,0.163,Chip ,Fuel,1905.96,0
715812258,Blue,325,1,154,2023-05-21,Week-21,Q2,2023,12518,1539,1165,33,0.123,Swipe ,Bills,209.7,0
715814433,Blue,245,0,73,2023-05-21,Week-21,Q2,2023,5877,1160,3565,83,0.197,Chip ,Fuel,427.8,0
715815783,Blue,245,0,100,2023-05-21,Week-21,Q2,2023,3429,0,4591,85,0,Swipe ,Entertainment,367.28,0
715821183,Blue,245,1,118,2023-05-21,Week-21,Q2,2023,7102,0,4083,68,0,Chip ,Entertainment,326.64,0
715822008,Blue,390,1,84,2023-05-21,Week-21,Q2,2023,3568,2175,1913,35,0.61,Swipe ,Fuel,172.17,0
715824108,Blue,175,0,101,2023-05-21,Week-21,Q2,2023,3773,1291,4697,75,0.342,Swipe ,Bills,1174.25,0
715825458,Blue,220,0,81,2023-05-21,Week-21,Q2,2023,12933,2239,6564,56,0.173,Chip ,Fuel,1772.28,0
715827858,Blue,195,1,43,2023-05-21,Week-21,Q2,2023,2822,2173,1218,23,0.77,Swipe ,Bills,341.04,0
715829358,Blue,320,0,93,2023-05-21,Week-21,Q2,2023,2874,2517,4794,88,0.876,Swipe ,Entertainment,767.04,0
715830558,Blue,405,1,79,2023-05-21,Week-21,Q2,2023,34516,397,7454,81,0.012,Swipe ,Grocery,745.4,0
715832058,Blue,365,1,104,2023-05-21,Week-21,Q2,2023,4512,1172,14414,98,0.26,Swipe ,Food,864.84,0
715839708,Blue,360,0,83,2023-05-21,Week-21,Q2,2023,34516,2452,7111,82,0.071,Swipe ,Travel,1635.53,0
715842183,Blue,465,1,59,2023-05-21,Week-21,Q2,2023,1514,745,4004,69,0.492,Swipe ,Travel,320.32,0
715843533,Blue,435,0,97,2023-05-21,Week-21,Q2,2023,2703,1256,2111,29,0.465,Swipe ,Entertainment,443.31,0
715844733,Blue,385,1,83,2023-05-21,Week-21,Q2,2023,2174,877,4596,71,0.403,Chip ,Bills,1240.92,0
715847058,Blue,125,1,94,2023-05-21,Week-21,Q2,2023,1863,1853,2462,40,0.995,Swipe ,Bills,664.74,0
715848408,Blue,360,1,83,2023-05-21,Week-21,Q2,2023,8851,0,1257,36,0,Online ,Bills,364.53,0
715849983,Blue,175,0,72,2023-05-21,Week-21,Q2,2023,2107,0,4007,82,0,Chip ,Entertainment,761.33,0
715851333,Blue,395,0,129,2023-05-21,Week-21,Q2,2023,13804,1903,7376,97,0.138,Swipe ,Food,1032.64,0
715855083,Blue,455,1,57,2023-05-21,Week-21,Q2,2023,19762,507,2793,67,0.026,Swipe ,Fuel,586.53,0
715856208,Blue,225,1,60,2023-05-21,Week-21,Q2,2023,1896,1119,4028,76,0.59,Chip ,Fuel,241.68,0
715857183,Blue,300,1,114,2023-05-21,Week-21,Q2,2023,4939,1296,2150,43,0.262,Online ,Grocery,559,0
715858008,Silver,365,1,80,2023-05-21,Week-21,Q2,2023,8061,2517,1224,31,0.312,Swipe ,Bills,208.08,0
715859058,Blue,330,1,96,2023-05-21,Week-21,Q2,2023,3092,2165,1369,37,0.7,Swipe ,Food,383.32,0
715864983,Blue,150,1,119,2023-05-21,Week-21,Q2,2023,1978,0,4870,83,0,Swipe ,Grocery,1266.2,0
715866033,Blue,245,1,71,2023-05-21,Week-21,Q2,2023,2535,1352,3840,72,0.533,Swipe ,Food,345.6,0
715870758,Blue,125,1,96,2023-05-21,Week-21,Q2,2023,34516,1018,2350,55,0.029,Swipe ,Entertainment,470,0
715872333,Blue,125,1,81,2023-05-21,Week-21,Q2,2023,18214,1998,1344,21,0.11,Swipe ,Bills,336,0
715878183,Blue,125,1,78,2023-05-21,Week-21,Q2,2023,18325,723,1517,33,0.039,Swipe ,Bills,409.59,0
715880283,Blue,415,1,72,2023-05-21,Week-21,Q2,2023,9272,982,4649,89,0.106,Swipe ,Grocery,790.33,0
715883358,Blue,300,0,42,2023-05-21,Week-21,Q2,2023,18352,1509,1454,29,0.082,Swipe ,Fuel,101.78,0
715884858,Blue,290,0,91,2023-05-21,Week-21,Q2,2023,2407,843,1470,28,0.35,Swipe ,Bills,279.3,0
715891533,Blue,175,1,95,2023-05-28,Week-22,Q2,2023,1979,1305,5458,84,0.659,Swipe ,Bills,1419.08,0
715893633,Blue,300,0,115,2023-05-28,Week-22,Q2,2023,2193,1084,4755,81,0.494,Chip ,Entertainment,523.05,0
715898058,Blue,125,1,51,2023-05-28,Week-22,Q2,2023,11023,0,1656,41,0,Swipe ,Grocery,347.76,0
715901508,Blue,150,1,93,2023-05-28,Week-22,Q2,2023,23991,2307,1843,43,0.096,Swipe ,Entertainment,368.6,0
715904433,Blue,200,1,108,2023-05-28,Week-22,Q2,2023,1695,0,2055,46,0,Swipe ,Bills,513.75,0
715905633,Blue,350,0,112,2023-05-28,Week-22,Q2,2023,6022,1433,3433,68,0.238,Swipe ,Grocery,789.59,0
715908558,Silver,425,1,150,2023-05-28,Week-22,Q2,2023,29572,1584,7566,88,0.054,Swipe ,Fuel,2194.14,0
715910883,Blue,275,0,119,2023-05-28,Week-22,Q2,2023,4170,1384,4532,94,0.332,Swipe ,Fuel,815.76,0
715915458,Blue,300,1,106,2023-05-28,Week-22,Q2,2023,3156,1644,1151,31,0.521,Swipe ,Travel,80.57,0
715919283,Blue,360,1,104,2023-05-28,Week-22,Q2,2023,1776,0,2201,31,0,Swipe ,Fuel,638.29,0
715921758,Blue,110,1,112,2023-05-28,Week-22,Q2,2023,1438.3,0,2882,68,0,Swipe ,Entertainment,634.04,0
715923408,Blue,455,0,116,2023-05-28,Week-22,Q2,2023,4184,1254,14999,110,0.3,Chip ,Travel,1799.88,0
715928808,Blue,405,1,135,2023-05-28,Week-22,Q2,2023,3964,1218,4580,75,0.307,Chip ,Entertainment,641.2,0
715932708,Blue,125,0,101,2023-05-28,Week-22,Q2,2023,5813,1614,4365,75,0.278,Swipe ,Fuel,654.75,0
715934283,Blue,150,1,103,2023-05-28,Week-22,Q2,2023,3142,1639,3046,56,0.522,Swipe ,Entertainment,731.04,0
715937133,Blue,425,0,115,2023-05-28,Week-22,Q2,2023,4999,2299,1601,48,0.46,Swipe ,Bills,176.11,0
715940358,Blue,175,1,92,2023-05-28,Week-22,Q2,2023,5822,2387,1804,49,0.41,Swipe ,Bills,162.36,0
715941633,Blue,250,1,90,2023-05-28,Week-22,Q2,2023,1438.3,0,3800,69,0,Swipe ,Grocery,266,0
715942683,Blue,440,1,54,2023-05-28,Week-22,Q2,2023,3555,0,2346,71,0,Swipe ,Fuel,539.58,0
715948833,Blue,150,0,113,2023-05-28,Week-22,Q2,2023,24931,1353,5031,79,0.054,Chip ,Food,553.41,0
715950483,Blue,250,0,117,2023-05-28,Week-22,Q2,2023,2821,725,2397,35,0.257,Swipe ,Entertainment,479.4,0
715952883,Blue,190,0,92,2023-05-28,Week-22,Q2,2023,4469,1125,1765,34,0.252,Swipe ,Fuel,494.2,0
715954158,Blue,100,0,148,2023-05-28,Week-22,Q2,2023,2954,931,2433,29,0.315,Chip ,Bills,316.29,0
715955208,Blue,450,0,71,2023-05-28,Week-22,Q2,2023,2189,1833,4530,72,0.837,Chip ,Fuel,362.4,0
715956258,Blue,270,0,81,2023-05-28,Week-22,Q2,2023,2004,0,1974,60,0,Swipe ,Bills,315.84,0
715957233,Blue,150,1,162,2023-05-28,Week-22,Q2,2023,19940,2018,4694,75,0.101,Swipe ,Grocery,704.1,0
715958583,Blue,200,1,115,2023-05-28,Week-22,Q2,2023,2041,1158,3588,63,0.567,Swipe ,Entertainment,287.04,0
715960308,Blue,280,1,140,2023-05-28,Week-22,Q2,2023,4090,2517,2016,49,0.615,Chip ,Fuel,423.36,0
715964058,Blue,125,0,111,2023-05-28,Week-22,Q2,2023,1862,726,5105,79,0.39,Swipe ,Grocery,306.3,0
715968858,Blue,285,1,103,2023-05-28,Week-22,Q2,2023,2608,1630,1822,33,0.625,Swipe ,Bills,327.96,0
715970133,Blue,100,1,45,2023-05-28,Week-22,Q2,2023,9857,0,3448,103,0,Swipe ,Fuel,344.8,0
715971108,Blue,450,1,164,2023-05-28,Week-22,Q2,2023,34516,1763,1550,41,0.051,Swipe ,Travel,325.5,0
715973583,Blue,300,1,62,2023-05-28,Week-22,Q2,2023,34516,1047,1378,30,0.03,Swipe ,Bills,289.38,0
715974783,Blue,300,1,78,2023-05-28,Week-22,Q2,2023,4186,0,4590,69,0,Chip ,Food,963.9,0
715976433,Blue,360,1,66,2023-05-28,Week-22,Q2,2023,7802,1885,4212,75,0.242,Chip ,Food,1053,0
715980258,Blue,435,1,68,2023-05-28,Week-22,Q2,2023,2835,2511,4811,77,0.886,Swipe ,Food,914.09,0
715984908,Blue,125,0,92,2023-05-28,Week-22,Q2,2023,2866,1882,4850,84,0.657,Swipe ,Fuel,776,0
715986258,Silver,245,0,69,2023-05-28,Week-22,Q2,2023,15845,1675,4037,68,0.106,Swipe ,Fuel,1089.99,0
715987758,Blue,220,1,101,2023-05-28,Week-22,Q2,2023,3261,0,3081,50,0,Chip ,Travel,246.48,0
715989108,Blue,125,1,106,2023-05-28,Week-22,Q2,2023,27514,1834,12841,100,0.067,Online ,Fuel,1027.28,0
715992558,Blue,150,0,83,2023-05-28,Week-22,Q2,2023,12878,1628,1968,59,0.126,Swipe ,Grocery,511.68,0
715993608,Blue,410,1,43,2023-05-28,Week-22,Q2,2023,26714,2517,1686,50,0.094,Swipe ,Bills,421.5,0
715995933,Blue,330,0,97,2023-05-28,Week-22,Q2,2023,2692,1631,4619,83,0.606,Swipe ,Bills,1339.51,0
715996983,Blue,200,1,119,2023-05-28,Week-22,Q2,2023,17682,2481,1747,31,0.14,Swipe ,Bills,122.29,0
715999608,Blue,300,0,61,2023-05-28,Week-22,Q2,2023,2377,1649,1378,26,0.694,Swipe ,Bills,151.58,0
716002458,Gold,300,0,100,2023-05-28,Week-22,Q2,2023,7386,656,15691,126,0.089,Chip ,Travel,2039.83,0
716004258,Platinum,270,0,102,2023-05-28,Week-22,Q2,2023,8449,2092,17634,120,0.248,Chip ,Entertainment,4055.82,0
716007708,Blue,450,0,139,2023-05-28,Week-22,Q2,2023,8956,1279,4814,73,0.143,Swipe ,Entertainment,336.98,0
716009883,Blue,295,1,102,2023-05-28,Week-22,Q2,2023,8482,585,4245,74,0.069,Swipe ,Fuel,721.65,0
716013858,Blue,420,1,159,2023-05-28,Week-22,Q2,2023,20231,1434,5002,78,0.071,Chip ,Entertainment,350.14,0
716014983,Blue,125,0,42,2023-05-28,Week-22,Q2,2023,8340,1902,3755,77,0.228,Swipe ,Grocery,413.05,0
716019333,Blue,125,0,114,2023-05-28,Week-22,Q2,2023,2279,1789,4091,82,0.785,Swipe ,Food,859.11,0
716022258,Blue,300,0,114,2023-05-28,Week-22,Q2,2023,8960,2222,1853,40,0.248,Swipe ,Fuel,315.01,0
716023533,Blue,125,0,58,2023-05-28,Week-22,Q2,2023,2880,1996,4334,81,0.693,Online ,Fuel,1083.5,0
716024808,Blue,470,1,85,2023-05-28,Week-22,Q2,2023,4829,2418,938,21,0.501,Swipe ,Bills,140.7,0
716027208,Blue,465,0,54,2023-05-28,Week-22,Q2,2023,19665,706,1110,58,0.036,Swipe ,Bills,233.1,0
716028108,Blue,355,1,144,2023-05-28,Week-22,Q2,2023,2658,0,4667,83,0,Swipe ,Bills,933.4,0
716029158,Blue,140,0,92,2023-05-28,Week-22,Q2,2023,4230,1366,1480,35,0.323,Swipe ,Fuel,133.2,0
716032233,Blue,430,1,99,2023-05-28,Week-22,Q2,2023,22120,1805,3981,65,0.082,Swipe ,Entertainment,875.82,0
716033508,Blue,125,0,76,2023-05-28,Week-22,Q2,2023,6272,1434,4514,66,0.229,Swipe ,Fuel,496.54,0
716037708,Blue,350,0,110,2023-05-28,Week-22,Q2,2023,9474,1021,3240,54,0.108,Swipe ,Fuel,907.2,0
716038533,Blue,300,1,113,2023-05-28,Week-22,Q2,2023,7169,902,1438,35,0.126,Swipe ,Bills,115.04,0
716039433,Blue,125,0,109,2023-05-28,Week-22,Q2,2023,1686,1271,3445,64,0.754,Swipe ,Grocery,206.7,0
716040783,Silver,245,1,73,2023-05-28,Week-22,Q2,2023,14521,0,4178,66,0,Swipe ,Grocery,626.7,0
716041908,Blue,435,0,98,2023-05-28,Week-22,Q2,2023,2082,805,4383,75,0.387,Chip ,Bills,1183.41,0
716043258,Blue,95,1,70,2023-05-28,Week-22,Q2,2023,1595,870,1745,41,0.545,Swipe ,Entertainment,139.6,0
716044383,Blue,125,0,95,2023-05-28,Week-22,Q2,2023,5869,0,4191,65,0,Chip ,Bills,377.19,0
716045508,Blue,175,1,83,2023-05-28,Week-22,Q2,2023,3569,1054,7963,85,0.295,Swipe ,Bills,716.67,0
716053083,Blue,175,1,99,2023-05-28,Week-22,Q2,2023,27992,0,837,18,0,Swipe ,Bills,217.62,0
716056158,Blue,470,0,95,2023-05-28,Week-22,Q2,2023,11619,0,2395,49,0,Chip ,Bills,311.35,0
716059608,Blue,125,0,114,2023-05-28,Week-22,Q2,2023,4894,1505,3277,67,0.308,Swipe ,Food,491.55,0
716060358,Blue,110,1,92,2023-05-28,Week-22,Q2,2023,4621,913,4952,82,0.198,Swipe ,Food,297.12,0
716063583,Blue,110,0,143,2023-05-28,Week-22,Q2,2023,4549,2109,8642,85,0.464,Swipe ,Food,1382.72,0
716067333,Blue,415,1,114,2023-05-28,Week-22,Q2,2023,6959,945,4553,84,0.136,Swipe ,Entertainment,728.48,0
716068683,Blue,300,1,108,2023-05-28,Week-22,Q2,2023,16766,1535,3093,77,0.092,Swipe ,Grocery,711.39,0
716071233,Silver,415,1,113,2023-05-28,Week-22,Q2,2023,34516,1934,4613,73,0.056,Swipe ,Bills,369.04,0
716075208,Blue,435,1,96,2023-05-28,Week-22,Q2,2023,4561,2029,1874,38,0.445,Online ,Entertainment,431.02,0
716077458,Blue,125,1,107,2023-05-28,Week-22,Q2,2023,4707,1121,3188,71,0.238,Chip ,Bills,350.68,0
716079708,Blue,365,0,102,2023-05-28,Week-22,Q2,2023,2503,2373,4647,65,0.948,Chip ,Travel,1208.22,0
716088783,Blue,445,1,141,2023-05-28,Week-22,Q2,2023,29239,0,8169,65,0,Swipe ,Food,2287.32,0
716089983,Blue,175,0,94,2023-05-28,Week-22,Q2,2023,12050,1732,2015,46,0.144,Swipe ,Fuel,403,0
716093133,Blue,150,1,146,2023-05-28,Week-22,Q2,2023,12228,2137,3831,68,0.175,Chip ,Fuel,344.79,0
716094333,Blue,245,0,79,2023-05-28,Week-22,Q2,2023,17764,1459,2750,57,0.082,Chip ,Entertainment,220,0
716096358,Blue,450,1,64,2023-05-28,Week-22,Q2,2023,2551,2253,3753,63,0.883,Swipe ,Travel,525.42,0
716098683,Blue,125,1,120,2023-05-28,Week-22,Q2,2023,5496,1816,7985,93,0.33,Swipe ,Food,1357.45,0
716099958,Blue,385,0,132,2023-05-28,Week-22,Q2,2023,3333,1867,3348,50,0.56,Swipe ,Grocery,636.12,0
716101308,Blue,370,0,116,2023-05-28,Week-22,Q2,2023,2173,0,4251,60,0,Swipe ,Grocery,637.65,0
716102583,Blue,455,1,114,2023-05-28,Week-22,Q2,2023,2675,2517,1959,56,0.941,Swipe ,Entertainment,470.16,0
716104983,Blue,420,0,101,2023-05-28,Week-22,Q2,2023,2250,2117,1617,31,0.941,Swipe ,Bills,436.59,0
716106108,Silver,200,1,79,2023-05-28,Week-22,Q2,2023,34516,0,13376,129,0,Swipe ,Bills,3611.52,1
716107158,Blue,175,0,161,2023-05-28,Week-22,Q2,2023,3983,431,3098,46,0.108,Chip ,Grocery,743.52,1
716108283,Blue,430,1,92,2023-05-28,Week-22,Q2,2023,4430,1579,4833,82,0.356,Chip ,Food,869.94,1
716111808,Blue,175,0,117,2023-05-28,Week-22,Q2,2023,2679,2011,1723,28,0.751,Swipe ,Bills,396.29,1
716112933,Blue,385,0,87,2023-05-28,Week-22,Q2,2023,1575,592,644,15,0.376,Online ,Food,154.56,1
716116383,Blue,290,0,80,2023-05-28,Week-22,Q2,2023,5087,2517,4682,77,0.495,Swipe ,Bills,936.4,0
716118633,Blue,195,1,84,2023-05-28,Week-22,Q2,2023,5427,2177,4328,73,0.401,Swipe ,Fuel,865.6,0
716122008,Blue,410,0,117,2023-05-28,Week-22,Q2,2023,1855,0,2544,27,0,Swipe ,Food,254.4,0
716123283,Blue,150,0,69,2023-05-28,Week-22,Q2,2023,7288,0,14873,120,0,Swipe ,Travel,1933.49,0
716124408,Gold,245,0,77,2023-05-28,Week-22,Q2,2023,34516,1692,7486,64,0.049,Swipe ,Entertainment,1272.62,0
716127333,Blue,125,0,116,2023-05-28,Week-22,Q2,2023,18432,484,2300,45,0.026,Swipe ,Food,460,0
716128083,Blue,480,0,75,2023-05-28,Week-22,Q2,2023,3295,2002,1191,34,0.608,Swipe ,Entertainment,238.2,0
716129208,Blue,325,0,65,2023-05-28,Week-22,Q2,2023,2031,0,1678,36,0,Swipe ,Travel,469.84,0
716131083,Blue,365,0,119,2023-05-28,Week-22,Q2,2023,2676,2157,4640,69,0.806,Swipe ,Fuel,556.8,0
716134533,Blue,245,0,117,2023-05-28,Week-22,Q2,2023,22074,0,4406,80,0,Chip ,Entertainment,484.66,0
716136333,Blue,395,1,76,2023-05-28,Week-22,Q2,2023,4212,2517,2725,41,0.598,Chip ,Entertainment,708.5,0
716138958,Blue,460,0,69,2023-05-28,Week-22,Q2,2023,3160,1180,3740,68,0.373,Chip ,Grocery,448.8,0
716139933,Blue,440,1,100,2023-05-28,Week-22,Q2,2023,16286,1710,2552,49,0.105,Swipe ,Bills,561.44,0
716142858,Silver,290,1,119,2023-05-28,Week-22,Q2,2023,10961,1391,3914,77,0.127,Swipe ,Grocery,469.68,0
716144058,Blue,495,1,67,2023-05-28,Week-22,Q2,2023,1888,0,1886,66,0,Swipe ,Entertainment,509.22,0
716147658,Blue,320,1,105,2023-05-28,Week-22,Q2,2023,2464,1601,4739,86,0.65,Swipe ,Bills,1089.97,0
716149383,Blue,245,0,109,2023-05-28,Week-22,Q2,2023,3674,895,1703,48,0.244,Swipe ,Bills,221.39,0
716150358,Silver,355,0,117,2023-05-28,Week-22,Q2,2023,10343,2070,14805,115,0.2,Chip ,Bills,1184.4,0
716151858,Silver,330,0,114,2023-05-28,Week-22,Q2,2023,12932,1893,15372,97,0.146,Chip ,Travel,1844.64,0
716154258,Silver,320,1,77,2023-05-28,Week-22,Q2,2023,32658,1482,2023,37,0.045,Swipe ,Grocery,141.61,0
716156508,Blue,125,1,106,2023-05-28,Week-22,Q2,2023,1470,0,4095,63,0,Swipe ,Bills,737.1,0
716157408,Blue,270,0,162,2023-05-28,Week-22,Q2,2023,1590,0,4229,73,0,Swipe ,Food,845.8,0
716159958,Blue,125,0,133,2023-05-28,Week-22,Q2,2023,6224,1329,14238,93,0.214,Swipe ,Grocery,2278.08,0
716160708,Blue,150,1,119,2023-05-28,Week-22,Q2,2023,1861,1677,5225,94,0.901,Swipe ,Food,365.75,0
716162583,Blue,200,1,104,2023-05-28,Week-22,Q2,2023,3230,2517,1931,57,0.779,Swipe ,Bills,347.58,0
716165508,Blue,125,1,147,2023-05-28,Week-22,Q2,2023,3559,0,4498,94,0,Swipe ,Food,404.82,0
716169258,Blue,490,0,78,2023-05-28,Week-22,Q2,2023,7128,1560,1468,44,0.219,Swipe ,Entertainment,132.12,0
716170308,Blue,300,0,139,2023-05-28,Week-22,Q2,2023,13439,2003,4715,86,0.149,Chip ,Food,895.85,0
716171358,Blue,360,0,165,2023-05-28,Week-22,Q2,2023,4436,2222,4460,85,0.501,Swipe ,Grocery,758.2,0
716174433,Blue,495,0,76,2023-05-28,Week-22,Q2,2023,2888,1134,2489,54,0.393,Swipe ,Entertainment,647.14,0
716176683,Blue,430,0,163,2023-05-28,Week-22,Q2,2023,2371,1748,4460,78,0.737,Swipe ,Grocery,1025.8,0
716177583,Blue,225,1,69,2023-05-28,Week-22,Q2,2023,1438.3,0,4722,89,0,Chip ,Entertainment,1038.84,0
716178483,Blue,175,1,116,2023-05-28,Week-22,Q2,2023,2430,0,4334,71,0,Chip ,Grocery,606.76,0
716181858,Blue,270,1,108,2023-05-28,Week-22,Q2,2023,1622,0,4633,67,0,Online ,Bills,694.95,0
716183283,Blue,400,0,108,2023-05-28,Week-22,Q2,2023,2166,890,3563,70,0.411,Swipe ,Entertainment,285.04,0
716186883,Blue,345,1,83,2023-05-28,Week-22,Q2,2023,1792,933,4120,78,0.521,Chip ,Entertainment,782.8,0
716194683,Blue,380,1,83,2023-05-28,Week-22,Q2,2023,2334,1138,2155,48,0.488,Swipe ,Entertainment,387.9,0
716198358,Blue,125,1,114,2023-05-28,Week-22,Q2,2023,2372,1887,1852,55,0.796,Swipe ,Bills,351.88,0
716199408,Blue,445,1,82,2023-05-28,Week-22,Q2,2023,3608,2517,4907,53,0.698,Swipe ,Bills,588.84,0
716201133,Blue,295,1,118,2023-05-28,Week-22,Q2,2023,1476,0,4279,76,0,Swipe ,Grocery,727.43,0
716201883,Silver,245,0,87,2023-05-28,Week-22,Q2,2023,34516,1381,14696,114,0.04,Swipe ,Fuel,2057.44,0
716203308,Blue,400,0,83,2023-05-28,Week-22,Q2,2023,2731,1692,1220,22,0.62,Swipe ,Bills,183,0
716204883,Blue,295,1,83,2023-05-28,Week-22,Q2,2023,7026,1728,3935,66,0.246,Chip ,Bills,747.65,0
716207508,Blue,365,1,67,2023-05-28,Week-22,Q2,2023,5497,1517,1981,38,0.276,Online ,Bills,495.25,0
716210283,Blue,285,1,109,2023-05-28,Week-22,Q2,2023,8500,2517,1618,37,0.296,Swipe ,Bills,355.96,0
716211258,Blue,335,1,105,2023-05-28,Week-22,Q2,2023,4072,0,1966,43,0,Swipe ,Grocery,216.26,0
716212383,Blue,200,1,108,2023-05-28,Week-22,Q2,2023,10874,2415,4619,59,0.222,Swipe ,Fuel,785.23,0
716214108,Blue,300,0,128,2023-05-28,Week-22,Q2,2023,6426,0,4892,80,0,Swipe ,Grocery,1125.16,0
716216958,Blue,140,0,94,2023-05-28,Week-22,Q2,2023,4429,883,4386,63,0.199,Chip ,Fuel,482.46,0
716218908,Blue,245,0,80,2023-05-28,Week-22,Q2,2023,2845,919,2635,43,0.323,Swipe ,Grocery,764.15,0
716219808,Blue,455,1,117,2023-05-28,Week-22,Q2,2023,15942,0,1742,41,0,Swipe ,Entertainment,435.5,0
716222808,Blue,150,0,99,2023-05-28,Week-22,Q2,2023,2974,1170,1785,45,0.393,Swipe ,Bills,267.75,0
716223708,Blue,100,0,90,2023-05-28,Week-22,Q2,2023,4028,710,791,22,0.176,Online ,Travel,189.84,0
716225433,Blue,190,1,136,2023-05-28,Week-22,Q2,2023,26566,2517,3103,65,0.095,Swipe ,Fuel,372.36,0
716229108,Blue,330,0,142,2023-05-28,Week-22,Q2,2023,3282,2262,4674,84,0.689,Swipe ,Food,1168.5,0
716230158,Blue,430,0,69,2023-05-28,Week-22,Q2,2023,7234,2000,4272,83,0.276,Chip ,Fuel,768.96,0
716231133,Blue,375,1,91,2023-05-28,Week-22,Q2,2023,1577,1286,3453,52,0.815,Swipe ,Grocery,1001.37,0
716235783,Blue,100,1,138,2023-05-28,Week-22,Q2,2023,7109,866,4047,75,0.122,Swipe ,Bills,404.7,0
716236683,Blue,370,0,101,2023-05-28,Week-22,Q2,2023,2532,1487,4143,71,0.587,Chip ,Food,538.59,0
716237508,Blue,410,0,67,2023-05-28,Week-22,Q2,2023,5254,2507,4501,64,0.477,Swipe ,Entertainment,495.11,0
716238483,Blue,480,1,93,2023-05-28,Week-22,Q2,2023,12918,2352,9138,76,0.182,Chip ,Grocery,2467.26,0
716239383,Blue,125,1,69,2023-05-28,Week-22,Q2,2023,2225,0,4138,85,0,Online ,Fuel,620.7,0
716244033,Blue,320,1,117,2023-05-28,Week-22,Q2,2023,7266,906,1741,27,0.125,Online ,Bills,261.15,0
716244933,Blue,100,1,98,2023-05-28,Week-22,Q2,2023,4806,0,4674,87,0,Online ,Bills,280.44,0
716245833,Blue,375,0,70,2023-05-28,Week-22,Q2,2023,2856,2517,4473,67,0.881,Swipe ,Fuel,805.14,0
716246733,Blue,470,0,80,2023-05-28,Week-22,Q2,2023,1857,1528,4681,71,0.823,Online ,Bills,280.86,0
716247708,Gold,375,0,79,2023-05-28,Week-22,Q2,2023,34516,1848,14149,103,0.054,Swipe ,Grocery,1980.86,0
716249508,Blue,175,0,111,2023-05-28,Week-22,Q2,2023,1610,0,4243,85,0,Swipe ,Grocery,1018.32,0
716251608,Blue,175,1,73,2023-05-28,Week-22,Q2,2023,2051,0,4355,87,0,Online ,Entertainment,740.35,0
716253858,Blue,250,1,79,2023-05-28,Week-22,Q2,2023,16730,1956,1740,43,0.117,Swipe ,Bills,469.8,0
716256483,Blue,325,1,108,2023-05-28,Week-22,Q2,2023,2611,1824,4232,80,0.699,Swipe ,Fuel,761.76,0
716258358,Blue,400,1,113,2023-05-28,Week-22,Q2,2023,23058,1534,7009,82,0.067,Swipe ,Entertainment,420.54,0
716260833,Blue,220,1,106,2023-05-28,Week-22,Q2,2023,4668,2517,8331,63,0.539,Swipe ,Bills,2332.68,0
716262708,Blue,445,0,112,2023-05-28,Week-22,Q2,2023,1438.3,718,4447,71,0.499,Swipe ,Grocery,889.4,0
716263533,Blue,200,0,74,2023-05-28,Week-22,Q2,2023,2509,1464,3166,72,0.583,Swipe ,Entertainment,823.16,0
716264358,Blue,250,0,79,2023-05-28,Week-22,Q2,2023,26792,1836,2398,47,0.069,Swipe ,Travel,647.46,0
716269308,Blue,200,1,120,2023-05-28,Week-22,Q2,2023,2836,1362,4192,90,0.48,Chip ,Entertainment,838.4,0
716271183,Blue,365,0,98,2023-05-28,Week-22,Q2,2023,8924,0,1720,42,0,Swipe ,Entertainment,189.2,0
716272158,Blue,435,0,91,2023-05-28,Week-22,Q2,2023,4312,2517,2693,56,0.584,Chip ,Food,646.32,0
716273133,Blue,125,0,74,2023-05-28,Week-22,Q2,2023,1593,0,4853,78,0,Swipe ,Grocery,630.89,0
716277558,Blue,125,1,115,2023-05-28,Week-22,Q2,2023,3281,1961,1779,47,0.598,Swipe ,Bills,462.54,0
716279508,Blue,425,0,85,2023-05-28,Week-22,Q2,2023,3430,2517,2639,46,0.734,Swipe ,Entertainment,765.31,0
716282208,Blue,410,1,129,2023-05-28,Week-22,Q2,2023,1638,0,1702,36,0,Chip ,Grocery,170.2,0
716283108,Blue,275,0,76,2023-05-28,Week-22,Q2,2023,6769,1133,7986,88,0.167,Swipe ,Bills,1836.78,0
716284308,Blue,110,1,120,2023-05-28,Week-22,Q2,2023,6099,2175,1319,34,0.357,Swipe ,Entertainment,342.94,0
716285358,Blue,485,0,111,2023-05-28,Week-22,Q2,2023,1835,1017,2801,79,0.554,Swipe ,Entertainment,196.07,0
716288208,Blue,300,1,129,2023-05-28,Week-22,Q2,2023,15618,0,7549,77,0,Swipe ,Entertainment,1736.27,0
716288958,Blue,250,0,69,2023-05-28,Week-22,Q2,2023,7840,0,4062,71,0,Chip ,Food,406.2,0
716290233,Blue,250,1,66,2023-05-28,Week-22,Q2,2023,4343,0,1352,35,0,Swipe ,Entertainment,229.84,0
716292033,Blue,150,1,115,2023-05-28,Week-22,Q2,2023,1438.3,0,4815,84,0,Chip ,Bills,385.2,0
716296833,Blue,465,1,134,2023-05-28,Week-22,Q2,2023,7204,0,14042,113,0,Swipe ,Food,3650.92,0
716297658,Blue,195,1,108,2023-05-28,Week-22,Q2,2023,14926,0,2405,55,0,Swipe ,Fuel,288.6,0
716298633,Blue,430,0,118,2023-05-28,Week-22,Q2,2023,2086,1792,5774,84,0.859,Chip ,Fuel,519.66,0
716299608,Blue,460,1,76,2023-05-28,Week-22,Q2,2023,1508,0,1990,31,0,Swipe ,Grocery,557.2,0
716302383,Blue,485,1,90,2023-05-28,Week-22,Q2,2023,14241,2081,1581,44,0.146,Swipe ,Bills,332.01,0
716303583,Blue,410,1,119,2023-05-28,Week-22,Q2,2023,2712,1617,4858,73,0.596,Chip ,Fuel,340.06,0
716304483,Blue,110,0,156,2023-05-28,Week-22,Q2,2023,3413,2372,5029,86,0.695,Swipe ,Fuel,452.61,0
716306583,Blue,100,1,93,2023-05-28,Week-22,Q2,2023,3812,2517,2325,45,0.66,Swipe ,Grocery,581.25,0
716307558,Blue,250,1,110,2023-05-28,Week-22,Q2,2023,2897,1506,2214,46,0.52,Chip ,Fuel,597.78,0
716308683,Blue,415,1,155,2023-05-28,Week-22,Q2,2023,6524,1993,4267,66,0.305,Chip ,Bills,810.73,0
716310633,Blue,470,1,115,2023-05-28,Week-22,Q2,2023,2759,2481,5037,84,0.899,Swipe ,Entertainment,1108.14,0
716311683,Blue,375,1,87,2023-06-04,Week-23,Q2,2023,32733,1448,3452,54,0.044,Swipe ,Grocery,1001.08,0
716313858,Blue,300,0,92,2023-06-04,Week-23,Q2,2023,3319,913,4560,84,0.275,Online ,Food,410.4,0
716315508,Blue,250,0,113,2023-06-04,Week-23,Q2,2023,3233,2517,1339,32,0.779,Online ,Food,174.07,0
716317458,Blue,350,0,91,2023-06-04,Week-23,Q2,2023,4281,0,1723,44,0,Chip ,Grocery,482.44,0
716319258,Blue,470,0,146,2023-06-04,Week-23,Q2,2023,34516,1742,7360,82,0.05,Swipe ,Entertainment,1692.8,0
716321583,Blue,140,0,148,2023-06-04,Week-23,Q2,2023,12740,1173,3441,55,0.092,Swipe ,Bills,825.84,0
716322783,Blue,175,1,120,2023-06-04,Week-23,Q2,2023,2154,1628,4538,74,0.756,Swipe ,Entertainment,1089.12,0
716323683,Blue,320,0,83,2023-06-04,Week-23,Q2,2023,32791,1607,13177,106,0.049,Swipe ,Fuel,790.62,0
716324583,Blue,200,0,77,2023-06-04,Week-23,Q2,2023,2875,1892,4577,81,0.658,Swipe ,Grocery,1235.79,0
716328558,Blue,300,1,87,2023-06-04,Week-23,Q2,2023,11434,0,4520,83,0,Swipe ,Entertainment,994.4,0
716329383,Blue,475,0,117,2023-06-04,Week-23,Q2,2023,3138,986,4724,56,0.314,Swipe ,Grocery,944.8,0
716331408,Blue,300,1,72,2023-06-04,Week-23,Q2,2023,2143,0,1353,36,0,Swipe ,Bills,324.72,0
716332533,Blue,450,0,91,2023-06-04,Week-23,Q2,2023,3509,1819,4712,84,0.518,Swipe ,Grocery,659.68,0
716333283,Blue,325,0,106,2023-06-04,Week-23,Q2,2023,1869,1255,5269,80,0.671,Swipe ,Entertainment,1106.49,0
716334258,Blue,350,1,74,2023-06-04,Week-23,Q2,2023,5238,1365,1834,43,0.261,Swipe ,Entertainment,201.74,0
716335983,Blue,350,0,93,2023-06-04,Week-23,Q2,2023,6713,1590,7946,85,0.237,Swipe ,Fuel,1589.2,0
716340783,Blue,300,1,74,2023-06-04,Week-23,Q2,2023,21526,1320,14441,105,0.061,Swipe ,Food,1588.51,0
716341833,Blue,270,0,116,2023-06-04,Week-23,Q2,2023,4646,1730,1774,37,0.372,Swipe ,Bills,496.72,0
716343408,Blue,270,1,60,2023-06-04,Week-23,Q2,2023,8475,1385,1381,40,0.163,Swipe ,Fuel,303.82,0
716345283,Blue,350,1,77,2023-06-04,Week-23,Q2,2023,4712,1920,4277,66,0.407,Chip ,Fuel,727.09,0
716346183,Blue,200,1,87,2023-06-04,Week-23,Q2,2023,9051,1557,4169,72,0.172,Chip ,Bills,1042.25,0
716349183,Blue,250,0,131,2023-06-04,Week-23,Q2,2023,4784,0,2160,54,0,Swipe ,Entertainment,540,0
716350008,Blue,100,1,91,2023-06-04,Week-23,Q2,2023,2937,1633,8235,102,0.556,Swipe ,Bills,2141.1,0
716351208,Blue,410,0,160,2023-06-04,Week-23,Q2,2023,4095,2517,4175,77,0.615,Swipe ,Bills,876.75,0
716352033,Blue,420,1,74,2023-06-04,Week-23,Q2,2023,2796,1035,4869,78,0.37,Chip ,Food,1168.56,0
716353083,Blue,245,0,99,2023-06-04,Week-23,Q2,2023,6733,1028,4444,72,0.153,Swipe ,Grocery,488.84,0
716354883,Blue,300,1,92,2023-06-04,Week-23,Q2,2023,9076,0,3048,53,0,Swipe ,Food,883.92,0
716355783,Blue,280,1,105,2023-06-04,Week-23,Q2,2023,13080,0,1999,44,0,Swipe ,Bills,239.88,0
716357058,Blue,420,1,86,2023-06-04,Week-23,Q2,2023,2611,787,2955,56,0.301,Chip ,Grocery,679.65,0
716358033,Blue,390,1,99,2023-06-04,Week-23,Q2,2023,6189,0,5004,65,0,Swipe ,Fuel,750.6,0
716362008,Blue,430,1,78,2023-06-04,Week-23,Q2,2023,1808,1009,1744,35,0.558,Swipe ,Food,453.44,0
716363658,Blue,375,1,162,2023-06-04,Week-23,Q2,2023,25873,582,3920,84,0.022,Swipe ,Entertainment,1019.2,0
716364408,Blue,125,0,119,2023-06-04,Week-23,Q2,2023,1438.3,0,4155,62,0,Chip ,Entertainment,955.65,0
716365233,Blue,375,1,106,2023-06-04,Week-23,Q2,2023,1665,964,4881,75,0.579,Swipe ,Bills,390.48,0
716366208,Blue,395,0,96,2023-06-04,Week-23,Q2,2023,8103,0,5221,82,0,Swipe ,Entertainment,1514.09,0
716368008,Blue,405,1,118,2023-06-04,Week-23,Q2,2023,3137,959,2925,41,0.306,Swipe ,Fuel,263.25,0
716369208,Blue,125,1,73,2023-06-04,Week-23,Q2,2023,2420,1223,4954,82,0.505,Swipe ,Grocery,346.78,0
716370258,Blue,220,1,81,2023-06-04,Week-23,Q2,2023,2188,1067,4537,66,0.488,Swipe ,Food,635.18,0
716371308,Blue,110,0,95,2023-06-04,Week-23,Q2,2023,4947,0,4497,84,0,Swipe ,Entertainment,404.73,0
716372358,Blue,225,0,85,2023-06-04,Week-23,Q2,2023,6765,0,14133,124,0,Swipe ,Entertainment,4098.57,0
716373483,Blue,190,0,98,2023-06-04,Week-23,Q2,2023,2860,2517,1544,45,0.88,Swipe ,Bills,277.92,0
716374308,Blue,400,1,108,2023-06-04,Week-23,Q2,2023,3477,1875,1897,50,0.539,Swipe ,Food,417.34,0
716375883,Blue,175,0,120,2023-06-04,Week-23,Q2,2023,2447,1558,1716,38,0.637,Online ,Bills,102.96,0
716378658,Blue,245,1,162,2023-06-04,Week-23,Q2,2023,2629,1476,1725,41,0.561,Swipe ,Bills,224.25,0
716380683,Blue,365,0,83,2023-06-04,Week-23,Q2,2023,3880,1542,1598,39,0.397,Swipe ,Entertainment,239.7,0
716381808,Blue,370,0,94,2023-06-04,Week-23,Q2,2023,8406,0,3820,75,0,Swipe ,Bills,764,1
716382708,Blue,245,1,84,2023-06-04,Week-23,Q2,2023,8309,858,1165,35,0.103,Swipe ,Entertainment,81.55,1
716383683,Blue,275,0,92,2023-06-04,Week-23,Q2,2023,1438.3,0,1338,28,0,Swipe ,Entertainment,173.94,1
716385033,Blue,320,0,61,2023-06-04,Week-23,Q2,2023,4408,1201,4157,71,0.272,Chip ,Food,374.13,0
716385858,Blue,405,1,143,2023-06-04,Week-23,Q2,2023,2205,1245,4921,90,0.565,Chip ,Food,344.47,0
716387733,Blue,125,1,76,2023-06-04,Week-23,Q2,2023,5662,1484,1693,25,0.262,Swipe ,Bills,440.18,0
716389833,Blue,430,1,120,2023-06-04,Week-23,Q2,2023,2319,1026,4099,74,0.442,Chip ,Fuel,286.93,0
716390958,Blue,355,1,92,2023-06-04,Week-23,Q2,2023,26107,0,1697,47,0,Chip ,Bills,356.37,0
716393958,Blue,125,1,109,2023-06-04,Week-23,Q2,2023,28262,1483,3855,66,0.052,Swipe ,Fuel,809.55,0
716396358,Blue,400,1,108,2023-06-04,Week-23,Q2,2023,3085,1910,1531,35,0.619,Online ,Travel,168.41,0
716399583,Blue,100,0,106,2023-06-04,Week-23,Q2,2023,19630,1251,2286,39,0.064,Swipe ,Bills,434.34,0
716400633,Blue,395,0,54,2023-06-04,Week-23,Q2,2023,5156,1427,2057,54,0.277,Swipe ,Grocery,514.25,0
716402508,Blue,285,1,131,2023-06-04,Week-23,Q2,2023,2705,1681,4265,87,0.621,Chip ,Fuel,682.4,0
716403633,Blue,150,1,79,2023-06-04,Week-23,Q2,2023,3426,1650,4467,69,0.482,Chip ,Grocery,893.4,0
716404383,Blue,450,1,115,2023-06-04,Week-23,Q2,2023,18799,2517,2315,52,0.134,Swipe ,Bills,162.05,0
716406483,Blue,475,0,76,2023-06-04,Week-23,Q2,2023,23760,1349,13124,103,0.057,Online ,Bills,1706.12,0
716408058,Blue,125,0,88,2023-06-04,Week-23,Q2,2023,2500,1298,3673,72,0.519,Chip ,Grocery,844.79,0
716411358,Blue,125,0,79,2023-06-04,Week-23,Q2,2023,2652,0,4676,78,0,Swipe ,Grocery,280.56,0
716414958,Blue,200,0,86,2023-06-04,Week-23,Q2,2023,2366,1927,3659,66,0.814,Swipe ,Fuel,439.08,0
716420358,Blue,300,0,68,2023-06-04,Week-23,Q2,2023,2602,1490,3151,78,0.573,Swipe ,Bills,472.65,0
716421633,Blue,405,1,80,2023-06-04,Week-23,Q2,2023,3523,0,3174,44,0,Chip ,Bills,349.14,0
716425833,Blue,250,1,86,2023-06-04,Week-23,Q2,2023,34516,1229,1797,35,0.036,Swipe ,Fuel,215.64,0
716430933,Platinum,420,0,75,2023-06-04,Week-23,Q2,2023,3973,0,13740,131,0,Swipe ,Bills,2198.4,0
716431833,Blue,150,0,162,2023-06-04,Week-23,Q2,2023,11209,1165,4614,96,0.104,Swipe ,Grocery,1338.06,0
716432658,Blue,270,0,83,2023-06-04,Week-23,Q2,2023,1438.3,0,4490,65,0,Swipe ,Fuel,808.2,0
716434533,Blue,245,1,89,2023-06-04,Week-23,Q2,2023,29149,0,2106,56,0,Chip ,Fuel,610.74,0
716436483,Blue,475,1,77,2023-06-04,Week-23,Q2,2023,6245,0,2521,50,0,Swipe ,Fuel,252.1,0
716437533,Blue,175,0,79,2023-06-04,Week-23,Q2,2023,11862,0,4101,88,0,Chip ,Grocery,1148.28,0
716438433,Blue,270,0,115,2023-06-04,Week-23,Q2,2023,10130,1449,4002,66,0.143,Swipe ,Grocery,520.26,0
716439258,Blue,150,1,76,2023-06-04,Week-23,Q2,2023,3223,1413,13648,103,0.438,Swipe ,Food,3139.04,0
716441058,Silver,300,1,76,2023-06-04,Week-23,Q2,2023,14416,0,13820,99,0,Swipe ,Grocery,3869.6,0
716442333,Blue,250,1,125,2023-06-04,Week-23,Q2,2023,2275,1468,4977,88,0.645,Chip ,Fuel,597.24,0
716443608,Blue,95,1,115,2023-06-04,Week-23,Q2,2023,7199,1235,4050,78,0.172,Swipe ,Bills,688.5,0
716444733,Blue,150,0,91,2023-06-04,Week-23,Q2,2023,1438.3,0,4271,79,0,Online ,Entertainment,256.26,0
716445783,Blue,375,1,119,2023-06-04,Week-23,Q2,2023,22718,0,1191,37,0,Swipe ,Bills,321.57,0
716447733,Blue,440,1,51,2023-06-04,Week-23,Q2,2023,6407,963,1921,43,0.15,Swipe ,Fuel,326.57,0
716448783,Blue,200,0,119,2023-06-04,Week-23,Q2,2023,6235,0,1225,34,0,Swipe ,Travel,269.5,0
716451183,Blue,250,1,151,2023-06-04,Week-23,Q2,2023,5556,1711,1706,21,0.308,Swipe ,Bills,426.5,0
716452083,Blue,340,1,79,2023-06-04,Week-23,Q2,2023,4271,1150,2052,50,0.269,Swipe ,Bills,595.08,0
716452908,Blue,290,1,102,2023-06-04,Week-23,Q2,2023,9239,1421,2246,44,0.154,Swipe ,Grocery,516.58,0
716453883,Blue,250,1,112,2023-06-04,Week-23,Q2,2023,3889,1839,4423,63,0.473,Chip ,Entertainment,884.6,0
716454858,Blue,435,1,110,2023-06-04,Week-23,Q2,2023,4014,2266,14257,94,0.565,Swipe ,Travel,1710.84,0
716455683,Silver,245,0,103,2023-06-04,Week-23,Q2,2023,15534,726,1279,28,0.047,Swipe ,Travel,179.06,0
716456808,Blue,140,1,40,2023-06-04,Week-23,Q2,2023,8087,1263,2429,69,0.156,Swipe ,Fuel,194.32,0
716457783,Silver,435,1,108,2023-06-04,Week-23,Q2,2023,12633,1661,14378,98,0.131,Chip ,Food,2300.48,0
716458983,Blue,455,1,40,2023-06-04,Week-23,Q2,2023,3281,837,1424,29,0.255,Swipe ,Fuel,156.64,0
716460933,Blue,245,0,91,2023-06-04,Week-23,Q2,2023,10306,1427,1456,44,0.138,Swipe ,Bills,189.28,0
716461683,Silver,290,0,107,2023-06-04,Week-23,Q2,2023,11884,1339,4134,72,0.113,Swipe ,Fuel,413.4,0
716462658,Blue,285,0,106,2023-06-04,Week-23,Q2,2023,18037,0,1387,36,0,Swipe ,Entertainment,208.05,0
716464533,Blue,455,0,99,2023-06-04,Week-23,Q2,2023,9550,2517,13783,116,0.264,Online ,Travel,1240.47,0
716466483,Blue,150,0,114,2023-06-04,Week-23,Q2,2023,2245,1342,4624,87,0.598,Swipe ,Grocery,1063.52,0
716468658,Blue,125,1,64,2023-06-04,Week-23,Q2,2023,3537,0,4101,80,0,Swipe ,Bills,738.18,0
716470683,Blue,405,1,119,2023-06-04,Week-23,Q2,2023,20631,2048,4827,77,0.099,Chip ,Travel,579.24,0
716471508,Blue,125,0,98,2023-06-04,Week-23,Q2,2023,19865,0,4350,83,0,Chip ,Entertainment,565.5,0
716474358,Blue,300,0,92,2023-06-04,Week-23,Q2,2023,1721,729,4853,74,0.424,Swipe ,Fuel,1407.37,0
716475183,Blue,445,0,46,2023-06-04,Week-23,Q2,2023,10290,753,4326,81,0.073,Online ,Fuel,475.86,0
716477133,Blue,175,1,98,2023-06-04,Week-23,Q2,2023,1438.3,838,3910,75,0.583,Swipe ,Entertainment,860.2,0
716479233,Blue,175,0,66,2023-06-04,Week-23,Q2,2023,13258,1721,1080,21,0.13,Swipe ,Bills,194.4,0
716480358,Blue,450,1,75,2023-06-04,Week-23,Q2,2023,11121,1296,13814,81,0.117,Online ,Food,2348.38,0
716481408,Blue,450,1,115,2023-06-04,Week-23,Q2,2023,1461,0,4769,76,0,Swipe ,Bills,763.04,0
716482533,Blue,275,0,110,2023-06-04,Week-23,Q2,2023,3329,0,14893,98,0,Online ,Travel,2680.74,0
716483358,Blue,485,1,112,2023-06-04,Week-23,Q2,2023,6125,1329,5481,68,0.217,Chip ,Fuel,876.96,0
716484333,Blue,125,0,90,2023-06-04,Week-23,Q2,2023,1696,1177,4410,84,0.694,Swipe ,Entertainment,926.1,0
716485308,Blue,245,1,120,2023-06-04,Week-23,Q2,2023,1780,1541,5008,93,0.866,Swipe ,Grocery,751.2,0
716486508,Blue,380,1,87,2023-06-04,Week-23,Q2,2023,3399,0,5529,78,0,Swipe ,Bills,1382.25,0
716487408,Blue,245,1,40,2023-06-04,Week-23,Q2,2023,3235,2517,1637,43,0.778,Swipe ,Bills,441.99,0
716492583,Blue,125,1,48,2023-06-04,Week-23,Q2,2023,2388,1708,4539,89,0.715,Chip ,Bills,953.19,0
716493408,Blue,125,1,48,2023-06-04,Week-23,Q2,2023,15875,1719,1592,37,0.108,Swipe ,Bills,286.56,0
716494383,Blue,470,0,118,2023-06-04,Week-23,Q2,2023,3585,931,4399,78,0.26,Chip ,Food,395.91,0
716497908,Blue,335,1,128,2023-06-04,Week-23,Q2,2023,8519,0,3698,65,0,Online ,Grocery,221.88,0
716498883,Blue,455,0,79,2023-06-04,Week-23,Q2,2023,22067,685,3577,64,0.031,Swipe ,Fuel,965.79,0
716501133,Blue,320,1,66,2023-06-04,Week-23,Q2,2023,2051,1154,3912,79,0.563,Swipe ,Food,899.76,0
716506083,Blue,220,1,78,2023-06-04,Week-23,Q2,2023,5409,0,10291,60,0,Chip ,Travel,2264.02,0
716510658,Blue,175,1,71,2023-06-04,Week-23,Q2,2023,2595,2353,2526,41,0.907,Swipe ,Fuel,656.76,0
716511483,Blue,485,1,101,2023-06-04,Week-23,Q2,2023,4752,1400,3404,54,0.295,Swipe ,Entertainment,816.96,0
716512383,Blue,335,0,104,2023-06-04,Week-23,Q2,2023,2816,2517,4817,87,0.894,Swipe ,Food,1107.91,0
716513358,Blue,125,0,49,2023-06-04,Week-23,Q2,2023,2069,1802,4402,91,0.871,Chip ,Entertainment,1100.5,0
716516208,Blue,125,1,88,2023-06-04,Week-23,Q2,2023,1438.3,0,3748,64,0,Swipe ,Fuel,787.08,0
716520033,Blue,150,0,105,2023-06-04,Week-23,Q2,2023,1981,1448,4639,61,0.731,Chip ,Fuel,1020.58,0
716522583,Blue,490,0,108,2023-06-04,Week-23,Q2,2023,2335,1845,1362,33,0.79,Swipe ,Bills,177.06,0
716529258,Blue,425,1,76,2023-06-04,Week-23,Q2,2023,31864,0,1591,35,0,Swipe ,Grocery,111.37,0
716530533,Blue,415,1,106,2023-06-04,Week-23,Q2,2023,2573,1640,4094,77,0.637,Chip ,Entertainment,1064.44,0
716532258,Blue,150,1,43,2023-06-04,Week-23,Q2,2023,2827,1308,3291,55,0.463,Swipe ,Bills,691.11,0
716535408,Blue,395,0,110,2023-06-04,Week-23,Q2,2023,12219,1462,3843,69,0.12,Swipe ,Bills,1114.47,0
716537433,Blue,245,1,108,2023-06-04,Week-23,Q2,2023,2428,2005,5170,68,0.826,Swipe ,Entertainment,723.8,0
716543433,Blue,375,1,69,2023-06-04,Week-23,Q2,2023,9959,1049,15195,99,0.105,Swipe ,Grocery,1975.35,0
716545383,Blue,125,0,90,2023-06-04,Week-23,Q2,2023,9599,1554,1154,38,0.162,Swipe ,Bills,311.58,0
716546283,Blue,495,1,108,2023-06-04,Week-23,Q2,2023,13049,943,3944,72,0.072,Swipe ,Entertainment,354.96,0
716548083,Blue,150,0,95,2023-06-04,Week-23,Q2,2023,2973,2360,2593,57,0.794,Swipe ,Bills,440.81,0
716549058,Blue,140,0,59,2023-06-04,Week-23,Q2,2023,3111,2290,1998,41,0.736,Swipe ,Bills,259.74,0
716551533,Blue,425,0,108,2023-06-04,Week-23,Q2,2023,2874,2201,4779,86,0.766,Swipe ,Bills,1051.38,0
716552433,Blue,200,0,75,2023-06-04,Week-23,Q2,2023,5056,1067,15926,117,0.211,Chip ,Travel,2070.38,0
716556258,Blue,375,1,90,2023-06-04,Week-23,Q2,2023,9966,0,4401,60,0,Chip ,Fuel,792.18,0
716558283,Blue,200,0,92,2023-06-04,Week-23,Q2,2023,1621,1046,5247,84,0.645,Swipe ,Entertainment,524.7,0
716559108,Blue,285,0,102,2023-06-04,Week-23,Q2,2023,2899,2418,4296,68,0.834,Chip ,Food,902.16,0
716564433,Blue,175,0,119,2023-06-04,Week-23,Q2,2023,4287,0,1635,41,0,Online ,Fuel,212.55,0
716565258,Blue,350,1,112,2023-06-04,Week-23,Q2,2023,12830,0,2526,54,0,Swipe ,Entertainment,227.34,1
716567433,Blue,245,1,82,2023-06-04,Week-23,Q2,2023,3179,1229,4337,82,0.387,Chip ,Grocery,997.51,1
716568708,Blue,200,0,68,2023-06-04,Week-23,Q2,2023,2726,0,1099,27,0,Swipe ,Travel,197.82,1
716569983,Blue,290,0,76,2023-06-04,Week-23,Q2,2023,2355,1773,1765,27,0.753,Swipe ,Entertainment,441.25,1
716570958,Blue,245,0,79,2023-06-04,Week-23,Q2,2023,14409,511,2351,39,0.035,Chip ,Travel,305.63,1
716573058,Blue,125,1,83,2023-06-04,Week-23,Q2,2023,1438.3,0,1598,40,0,Swipe ,Fuel,351.56,1
716574033,Silver,280,0,125,2023-06-04,Week-23,Q2,2023,18000,1829,7149,86,0.102,Swipe ,Fuel,1215.33,0
716575758,Blue,250,1,106,2023-06-04,Week-23,Q2,2023,1438.3,0,1859,41,0,Swipe ,Entertainment,278.85,0
716578158,Blue,175,0,107,2023-06-04,Week-23,Q2,2023,2722,1592,3205,49,0.585,Swipe ,Grocery,224.35,0
716580033,Blue,310,0,68,2023-06-04,Week-23,Q2,2023,21178,1796,1872,59,0.085,Swipe ,Bills,205.92,0
716580933,Blue,290,1,87,2023-06-04,Week-23,Q2,2023,1970,1224,4533,65,0.621,Chip ,Grocery,1223.91,0
716581983,Blue,125,1,72,2023-06-04,Week-23,Q2,2023,4384,929,4792,91,0.212,Swipe ,Entertainment,1102.16,0
716584158,Blue,420,1,123,2023-06-04,Week-23,Q2,2023,14438,2517,2090,47,0.174,Swipe ,Grocery,585.2,0
716586408,Blue,455,1,115,2023-06-04,Week-23,Q2,2023,4850,1022,4187,86,0.211,Swipe ,Grocery,921.14,0
716592558,Blue,375,1,117,2023-06-04,Week-23,Q2,2023,2340,1101,4501,68,0.471,Chip ,Fuel,270.06,0
716593533,Blue,375,1,82,2023-06-04,Week-23,Q2,2023,5070,0,3651,76,0,Swipe ,Entertainment,693.69,0
716596308,Blue,470,1,111,2023-06-04,Week-23,Q2,2023,3919,1640,1872,51,0.418,Swipe ,Entertainment,486.72,0
716600733,Blue,430,0,89,2023-06-04,Week-23,Q2,2023,2033,228,2572,43,0.112,Swipe ,Entertainment,282.92,0
716602683,Blue,250,1,79,2023-06-04,Week-23,Q2,2023,5678,2082,5092,70,0.367,Chip ,Fuel,763.8,0
716604633,Blue,495,0,80,2023-06-04,Week-23,Q2,2023,6725,2025,1865,53,0.301,Swipe ,Entertainment,205.15,0
716606733,Blue,395,1,128,2023-06-04,Week-23,Q2,2023,3043,2054,4833,85,0.675,Swipe ,Bills,724.95,0
716608608,Blue,270,1,57,2023-06-04,Week-23,Q2,2023,8004,1452,1084,32,0.181,Swipe ,Bills,205.96,0
716609433,Blue,125,1,95,2023-06-04,Week-23,Q2,2023,16828,2517,4939,63,0.15,Swipe ,Bills,592.68,0
716610558,Blue,150,1,53,2023-06-04,Week-23,Q2,2023,10962,1559,2724,71,0.142,Online ,Bills,572.04,0
716612958,Blue,140,0,94,2023-06-04,Week-23,Q2,2023,10980,1726,1830,36,0.157,Swipe ,Food,256.2,0
716613933,Blue,440,0,88,2023-06-04,Week-23,Q2,2023,3417,1482,3651,60,0.434,Swipe ,Entertainment,657.18,0
716614683,Gold,245,1,103,2023-06-04,Week-23,Q2,2023,34516,1255,3847,73,0.036,Swipe ,Fuel,692.46,0
716615583,Blue,425,0,118,2023-06-04,Week-23,Q2,2023,1795,794,1834,59,0.442,Swipe ,Entertainment,220.08,0
716617608,Blue,125,1,82,2023-06-04,Week-23,Q2,2023,1560,995,1936,58,0.638,Swipe ,Food,425.92,0
716619558,Silver,330,1,98,2023-06-04,Week-23,Q2,2023,13747,1941,16401,119,0.141,Chip ,Travel,2788.17,0
716620458,Blue,300,1,62,2023-06-04,Week-23,Q2,2023,4500,0,2439,63,0,Swipe ,Entertainment,268.29,0
716624133,Blue,410,1,73,2023-06-04,Week-23,Q2,2023,12786,1880,1205,19,0.147,Swipe ,Bills,241,0
716625033,Blue,485,0,86,2023-06-04,Week-23,Q2,2023,2761,0,2753,43,0,Chip ,Entertainment,412.95,0
716626008,Blue,490,1,101,2023-06-04,Week-23,Q2,2023,5062,1659,4243,102,0.328,Chip ,Bills,594.02,0
716628633,Blue,250,0,130,2023-06-04,Week-23,Q2,2023,4388,1519,4406,74,0.346,Swipe ,Entertainment,1145.56,0
716630508,Blue,250,1,81,2023-06-04,Week-23,Q2,2023,12698,2361,4425,75,0.186,Swipe ,Grocery,752.25,0
716631708,Blue,175,0,116,2023-06-04,Week-23,Q2,2023,2713,1990,4027,67,0.734,Chip ,Entertainment,1006.75,0
716632758,Blue,390,1,88,2023-06-04,Week-23,Q2,2023,2802,2363,1295,40,0.843,Swipe ,Travel,90.65,0
716635758,Blue,300,1,80,2023-06-04,Week-23,Q2,2023,3276,2331,4345,68,0.712,Chip ,Fuel,391.05,0
716636808,Blue,150,0,60,2023-06-04,Week-23,Q2,2023,34516,0,3572,55,0,Swipe ,Bills,893,0
716639058,Blue,345,0,82,2023-06-04,Week-23,Q2,2023,26308,0,3278,53,0,Chip ,Entertainment,491.7,0
716641983,Blue,190,1,95,2023-06-04,Week-23,Q2,2023,7790,753,4835,84,0.097,Chip ,Entertainment,1015.35,0
716643033,Blue,450,0,126,2023-06-04,Week-23,Q2,2023,2580,2137,2981,40,0.828,Swipe ,Food,268.29,0
716644008,Silver,355,1,113,2023-06-04,Week-23,Q2,2023,34516,0,9931,70,0,Chip ,Travel,2085.51,0
716645883,Blue,175,0,101,2023-06-04,Week-23,Q2,2023,13867,0,4297,68,0,Swipe ,Fuel,558.61,0
716647983,Blue,375,1,94,2023-06-04,Week-23,Q2,2023,7712,962,1574,34,0.125,Swipe ,Bills,173.14,0
716653758,Blue,300,1,79,2023-06-04,Week-23,Q2,2023,1467,0,4226,74,0,Chip ,Fuel,1098.76,0
716654808,Blue,455,0,46,2023-06-04,Week-23,Q2,2023,24593,0,2084,31,0,Chip ,Fuel,541.84,0
716655858,Blue,300,0,141,2023-06-04,Week-23,Q2,2023,34516,0,14036,99,0,Online ,Grocery,4070.44,0
716657058,Blue,340,0,76,2023-06-04,Week-23,Q2,2023,8358,926,1566,37,0.111,Swipe ,Bills,297.54,0
716660583,Blue,95,1,46,2023-06-04,Week-23,Q2,2023,10271,1746,3696,72,0.17,Swipe ,Grocery,739.2,0
716662683,Blue,100,0,114,2023-06-04,Week-23,Q2,2023,3185,1820,5069,81,0.571,Swipe ,Food,1470.01,0
716663808,Silver,495,1,107,2023-06-04,Week-23,Q2,2023,3999,721,15443,102,0.18,Chip ,Fuel,2162.02,0
716666133,Blue,225,0,116,2023-06-04,Week-23,Q2,2023,19350,0,4657,70,0,Swipe ,Grocery,1303.96,0
716668308,Blue,300,0,108,2023-06-11,Week-24,Q2,2023,12405,0,3151,39,0,Swipe ,Bills,630.2,0
716669658,Blue,245,1,89,2023-06-11,Week-24,Q2,2023,2006,1608,2760,38,0.802,Chip ,Food,276,0
716670783,Blue,465,0,116,2023-06-11,Week-24,Q2,2023,24703,1085,4776,63,0.044,Swipe ,Bills,668.64,0
716671983,Blue,445,0,95,2023-06-11,Week-24,Q2,2023,5983,1885,4141,65,0.315,Chip ,Fuel,1200.89,0
716673258,Blue,480,1,107,2023-06-11,Week-24,Q2,2023,2347,1488,3977,83,0.634,Online ,Bills,1073.79,0
716675358,Blue,355,0,136,2023-06-11,Week-24,Q2,2023,3478,941,4607,83,0.271,Swipe ,Grocery,1289.96,0
716680983,Blue,285,0,71,2023-06-11,Week-24,Q2,2023,1956,1053,4924,70,0.538,Chip ,Grocery,1132.52,0
716682258,Blue,250,0,43,2023-06-11,Week-24,Q2,2023,31945,1591,3650,62,0.05,Swipe ,Travel,438,0
716685033,Blue,395,1,91,2023-06-11,Week-24,Q2,2023,5559,1600,5344,82,0.288,Swipe ,Entertainment,1389.44,0
716686158,Blue,420,1,58,2023-06-11,Week-24,Q2,2023,1479,601,1621,32,0.406,Swipe ,Bills,421.46,0
716688183,Blue,425,0,108,2023-06-11,Week-24,Q2,2023,1665,1521,2878,45,0.914,Swipe ,Grocery,661.94,0
716689383,Blue,340,0,81,2023-06-11,Week-24,Q2,2023,3649,929,3964,77,0.255,Swipe ,Bills,396.4,0
716691783,Blue,325,0,135,2023-06-11,Week-24,Q2,2023,6218,2517,7689,84,0.405,Swipe ,Food,2152.92,0
716692683,Blue,200,1,117,2023-06-11,Week-24,Q2,2023,9096,0,2318,54,0,Swipe ,Entertainment,602.68,0
716694108,Blue,225,0,78,2023-06-11,Week-24,Q2,2023,5195,468,2682,48,0.09,Swipe ,Grocery,509.58,0
716695533,Blue,175,1,83,2023-06-11,Week-24,Q2,2023,2017,1557,3875,75,0.772,Online ,Grocery,891.25,0
716697708,Blue,340,1,112,2023-06-11,Week-24,Q2,2023,3293,0,3121,56,0,Swipe ,Grocery,811.46,0
716698608,Blue,270,0,96,2023-06-11,Week-24,Q2,2023,8924,0,4441,87,0,Swipe ,Bills,1243.48,0
716702358,Blue,385,1,105,2023-06-11,Week-24,Q2,2023,2337,698,4048,83,0.299,Chip ,Entertainment,283.36,0
716704158,Blue,225,1,115,2023-06-11,Week-24,Q2,2023,34516,2517,8087,86,0.073,Swipe ,Grocery,970.44,0
716705433,Silver,100,1,79,2023-06-11,Week-24,Q2,2023,12590,931,4182,78,0.074,Swipe ,Fuel,585.48,0
716708583,Blue,125,1,93,2023-06-11,Week-24,Q2,2023,7684,0,7667,68,0,Chip ,Travel,690.03,0
716709858,Blue,300,1,119,2023-06-11,Week-24,Q2,2023,3074,0,2721,54,0,Swipe ,Fuel,326.52,0
716711433,Blue,325,1,90,2023-06-11,Week-24,Q2,2023,7897,157,2270,46,0.02,Online ,Entertainment,499.4,0
716713533,Blue,100,0,47,2023-06-11,Week-24,Q2,2023,19063,1236,3393,58,0.065,Swipe ,Fuel,916.11,0
716714733,Blue,375,1,73,2023-06-11,Week-24,Q2,2023,3460,955,3642,69,0.276,Chip ,Food,728.4,0
716716083,Blue,400,1,124,2023-06-11,Week-24,Q2,2023,3355,1878,4578,84,0.56,Chip ,Fuel,1144.5,0
716717733,Blue,245,1,69,2023-06-11,Week-24,Q2,2023,4841,859,8918,87,0.177,Chip ,Fuel,891.8,0
716721483,Blue,110,1,114,2023-06-11,Week-24,Q2,2023,14458,2017,8696,72,0.14,Chip ,Travel,695.68,0
716723658,Blue,150,0,79,2023-06-11,Week-24,Q2,2023,3525,1519,13625,110,0.431,Swipe ,Entertainment,817.5,0
716725008,Blue,400,1,116,2023-06-11,Week-24,Q2,2023,7667,2191,7886,94,0.286,Swipe ,Food,946.32,0
716726058,Blue,245,1,116,2023-06-11,Week-24,Q2,2023,2865,1523,4609,79,0.532,Swipe ,Food,875.71,0
716727258,Blue,200,1,63,2023-06-11,Week-24,Q2,2023,1481,0,4435,67,0,Chip ,Bills,1241.8,0
716728233,Blue,150,0,73,2023-06-11,Week-24,Q2,2023,3216,1480,14178,123,0.46,Chip ,Bills,2410.26,0
716732958,Blue,395,0,79,2023-06-11,Week-24,Q2,2023,7244,2031,7925,90,0.28,Swipe ,Food,792.5,0
716733933,Blue,175,1,131,2023-06-11,Week-24,Q2,2023,1898,725,5051,64,0.382,Swipe ,Fuel,707.14,0
716736858,Blue,100,0,82,2023-06-11,Week-24,Q2,2023,3144,0,3774,80,0,Chip ,Travel,226.44,0
716739258,Blue,250,0,76,2023-06-11,Week-24,Q2,2023,1438.3,0,3932,62,0,Swipe ,Travel,471.84,0
716741508,Blue,100,1,100,2023-06-11,Week-24,Q2,2023,2831,1167,4460,65,0.412,Swipe ,Grocery,535.2,0
716742483,Blue,355,1,55,2023-06-11,Week-24,Q2,2023,7504,1134,7525,100,0.151,Swipe ,Food,1730.75,0
716745408,Blue,355,0,50,2023-06-11,Week-24,Q2,2023,12813,1998,7803,81,0.156,Swipe ,Bills,1092.42,0
716747283,Blue,200,1,116,2023-06-11,Week-24,Q2,2023,2097,1224,5059,79,0.584,Chip ,Bills,758.85,0
716748483,Platinum,100,0,138,2023-06-11,Week-24,Q2,2023,3720,1569,16208,129,0.422,Chip ,Food,2107.04,0
716750358,Blue,220,1,98,2023-06-11,Week-24,Q2,2023,6373,1562,3483,82,0.245,Swipe ,Food,592.11,0
716751858,Blue,450,1,149,2023-06-11,Week-24,Q2,2023,2401,496,2597,40,0.207,Swipe ,Grocery,311.64,0
716753058,Blue,140,1,73,2023-06-11,Week-24,Q2,2023,2699,564,4813,78,0.209,Swipe ,Bills,1155.12,0
716754783,Blue,355,1,91,2023-06-11,Week-24,Q2,2023,17228,1331,2229,44,0.077,Swipe ,Entertainment,222.9,0
716756133,Blue,175,0,90,2023-06-11,Week-24,Q2,2023,2422,1237,5079,80,0.511,Swipe ,Food,1117.38,0
716757033,Blue,175,1,79,2023-06-11,Week-24,Q2,2023,6859,1766,3045,56,0.257,Swipe ,Entertainment,426.3,0
716758008,Blue,405,1,81,2023-06-11,Week-24,Q2,2023,2984,1879,4813,83,0.63,Swipe ,Entertainment,336.91,0
716758908,Blue,245,1,92,2023-06-11,Week-24,Q2,2023,34516,2213,4492,71,0.064,Chip ,Fuel,1078.08,0
716761308,Blue,175,1,115,2023-06-11,Week-24,Q2,2023,2286,0,5199,83,0,Swipe ,Bills,311.94,0
716762733,Blue,200,0,108,2023-06-11,Week-24,Q2,2023,3449,1634,8300,94,0.474,Swipe ,Entertainment,2324,0
716766033,Blue,275,1,68,2023-06-11,Week-24,Q2,2023,1768,1242,4439,65,0.702,Swipe ,Grocery,887.8,0
716768808,Blue,250,1,71,2023-06-11,Week-24,Q2,2023,23848,1967,1591,43,0.082,Swipe ,Fuel,111.37,0
716769783,Blue,475,0,80,2023-06-11,Week-24,Q2,2023,5104,736,3943,78,0.144,Chip ,Fuel,630.88,0
716773533,Blue,385,0,170,2023-06-11,Week-24,Q2,2023,1726,1215,1712,48,0.704,Swipe ,Entertainment,222.56,0
716780283,Blue,455,1,91,2023-06-11,Week-24,Q2,2023,6628,1735,4050,89,0.262,Swipe ,Grocery,688.5,0
716782758,Blue,250,1,89,2023-06-11,Week-24,Q2,2023,19075,0,2013,32,0,Chip ,Bills,563.64,0
716786808,Blue,175,0,58,2023-06-11,Week-24,Q2,2023,1659,0,3838,66,0,Swipe ,Bills,921.12,0
716790633,Blue,370,1,96,2023-06-11,Week-24,Q2,2023,17239,0,1789,38,0,Swipe ,Food,214.68,0
716791908,Blue,100,0,112,2023-06-11,Week-24,Q2,2023,14566,1045,4480,77,0.072,Swipe ,Entertainment,1075.2,0
716793108,Blue,490,0,84,2023-06-11,Week-24,Q2,2023,1934,1070,2334,61,0.553,Swipe ,Bills,466.8,0
716797758,Blue,405,1,116,2023-06-11,Week-24,Q2,2023,3519,0,1670,33,0,Swipe ,Fuel,467.6,0
716800908,Blue,150,1,102,2023-06-11,Week-24,Q2,2023,5137,0,2496,49,0,Swipe ,Bills,599.04,0
716804283,Blue,380,1,114,2023-06-11,Week-24,Q2,2023,15911,896,1270,33,0.056,Swipe ,Bills,76.2,0
716805408,Blue,375,0,94,2023-06-11,Week-24,Q2,2023,5376,804,4511,74,0.15,Swipe ,Bills,496.21,0
716806383,Blue,380,1,74,2023-06-11,Week-24,Q2,2023,28307,1506,9042,122,0.053,Swipe ,Grocery,1537.14,0
716811483,Blue,250,0,56,2023-06-11,Week-24,Q2,2023,2063,0,1859,43,0,Swipe ,Bills,464.75,0
716815308,Blue,405,0,114,2023-06-11,Week-24,Q2,2023,4396,1489,3942,69,0.339,Swipe ,Bills,630.72,0
716816583,Blue,410,0,116,2023-06-11,Week-24,Q2,2023,15483,2148,14463,94,0.139,Chip ,Bills,1157.04,0
716819958,Blue,455,1,93,2023-06-11,Week-24,Q2,2023,9033,845,1661,35,0.094,Swipe ,Bills,149.49,0
716822583,Blue,125,1,109,2023-06-11,Week-24,Q2,2023,5245,802,3648,74,0.153,Chip ,Entertainment,693.12,0
716823408,Blue,125,0,107,2023-06-11,Week-24,Q2,2023,28410,1608,2278,77,0.057,Swipe ,Bills,364.48,0
716825808,Blue,125,0,75,2023-06-11,Week-24,Q2,2023,2697,2216,4063,75,0.822,Swipe ,Fuel,446.93,0
716829483,Blue,225,0,86,2023-06-11,Week-24,Q2,2023,3249,2217,1988,36,0.682,Swipe ,Bills,278.32,0
716831508,Blue,125,0,108,2023-06-11,Week-24,Q2,2023,1963,1524,3492,59,0.776,Chip ,Bills,768.24,0
716832858,Blue,200,1,87,2023-06-11,Week-24,Q2,2023,4930,159,7412,60,0.032,Chip ,Fuel,1853,0
716835033,Blue,470,1,100,2023-06-11,Week-24,Q2,2023,13126,2086,1836,37,0.159,Swipe ,Entertainment,330.48,0
716836308,Silver,150,1,133,2023-06-11,Week-24,Q2,2023,3839,1139,14791,124,0.297,Chip ,Travel,3845.66,0
716837508,Blue,125,1,67,2023-06-11,Week-24,Q2,2023,18477,0,8695,95,0,Online ,Bills,695.6,0
716838633,Blue,355,1,108,2023-06-11,Week-24,Q2,2023,13407,1341,4869,84,0.1,Swipe ,Bills,389.52,0
716839983,Blue,455,0,89,2023-06-11,Week-24,Q2,2023,32777,0,4520,75,0,Swipe ,Grocery,813.6,0
716841783,Blue,220,1,85,2023-06-11,Week-24,Q2,2023,18733,1292,5080,85,0.069,Chip ,Bills,355.6,1
716842908,Blue,250,0,120,2023-06-11,Week-24,Q2,2023,1762,1051,4986,80,0.596,Chip ,Bills,1096.92,1
716850558,Gold,175,0,90,2023-06-11,Week-24,Q2,2023,34516,1285,15279,122,0.037,Chip ,Bills,2597.43,1
716851908,Blue,250,1,89,2023-06-11,Week-24,Q2,2023,2038,1099,4784,70,0.539,Swipe ,Bills,430.56,1
716853258,Blue,470,0,50,2023-06-11,Week-24,Q2,2023,4417,0,4253,72,0,Swipe ,Food,1020.72,1
716855058,Blue,335,0,111,2023-06-11,Week-24,Q2,2023,1757,0,2557,45,0,Chip ,Fuel,281.27,0
716856408,Blue,365,1,97,2023-06-11,Week-24,Q2,2023,1438.3,0,2392,44,0,Chip ,Fuel,382.72,0
716858433,Blue,470,1,75,2023-06-11,Week-24,Q2,2023,3015,0,5372,75,0,Swipe ,Grocery,322.32,0
716860233,Blue,300,0,107,2023-06-11,Week-24,Q2,2023,8148,701,4124,87,0.086,Swipe ,Entertainment,783.56,0
716863458,Silver,415,1,103,2023-06-11,Week-24,Q2,2023,34516,569,8570,68,0.016,Swipe ,Food,1456.9,0
716864733,Silver,175,1,117,2023-06-11,Week-24,Q2,2023,34516,2315,1805,46,0.067,Swipe ,Bills,361,0
716866308,Blue,380,0,81,2023-06-11,Week-24,Q2,2023,5940,1101,1872,34,0.185,Swipe ,Fuel,262.08,0
716869458,Blue,200,1,115,2023-06-11,Week-24,Q2,2023,7440,704,2251,63,0.095,Swipe ,Bills,607.77,0
716870583,Blue,300,1,58,2023-06-11,Week-24,Q2,2023,2786,1628,2853,55,0.584,Swipe ,Entertainment,599.13,0
716871633,Blue,245,1,118,2023-06-11,Week-24,Q2,2023,12055,1858,7222,93,0.154,Swipe ,Grocery,1299.96,0
716873733,Blue,465,1,119,2023-06-11,Week-24,Q2,2023,3556,2517,2639,53,0.708,Chip ,Entertainment,580.58,0
716875083,Blue,195,0,171,2023-06-11,Week-24,Q2,2023,4152,0,2351,42,0,Swipe ,Grocery,282.12,0
716877258,Blue,270,0,112,2023-06-11,Week-24,Q2,2023,3968,1374,4641,65,0.346,Chip ,Grocery,371.28,0
716878533,Blue,100,0,96,2023-06-11,Week-24,Q2,2023,10979,1889,1425,33,0.172,Swipe ,Bills,199.5,0
716881683,Blue,270,1,75,2023-06-11,Week-24,Q2,2023,3435,2517,5567,51,0.733,Swipe ,Bills,389.69,0
716882658,Blue,430,1,86,2023-06-11,Week-24,Q2,2023,2986,1632,2141,55,0.547,Swipe ,Entertainment,363.97,0
716890533,Blue,445,1,172,2023-06-11,Week-24,Q2,2023,2182,1722,5377,86,0.789,Chip ,Fuel,1398.02,0
716891583,Blue,150,0,78,2023-06-11,Week-24,Q2,2023,1867,970,4537,60,0.52,Swipe ,Grocery,1315.73,0
716893683,Blue,435,1,99,2023-06-11,Week-24,Q2,2023,14657,2517,6009,53,0.172,Chip ,Travel,1442.16,0
716894658,Platinum,455,1,94,2023-06-11,Week-24,Q2,2023,8687,1763,16824,123,0.203,Online ,Travel,2691.84,0
716896833,Blue,500,0,130,2023-06-11,Week-24,Q2,2023,11373,1319,1976,35,0.116,Swipe ,Entertainment,434.72,0
716899233,Gold,355,0,128,2023-06-11,Week-24,Q2,2023,15987,1965,4542,70,0.123,Chip ,Grocery,1044.66,0
716900433,Blue,250,1,94,2023-06-11,Week-24,Q2,2023,2540,1402,2384,61,0.552,Swipe ,Entertainment,500.64,0
716901858,Blue,95,1,118,2023-06-11,Week-24,Q2,2023,1438.3,0,3691,77,0,Online ,Bills,332.19,0
716905158,Blue,395,1,59,2023-06-11,Week-24,Q2,2023,21815,0,3904,72,0,Chip ,Food,663.68,0
716908158,Blue,445,1,107,2023-06-11,Week-24,Q2,2023,8260,2517,3299,64,0.305,Swipe ,Bills,494.85,0
716909283,Blue,140,1,87,2023-06-11,Week-24,Q2,2023,30655,0,3280,78,0,Swipe ,Fuel,328,0
716911608,Blue,480,1,84,2023-06-11,Week-24,Q2,2023,1536,1017,3816,71,0.662,Online ,Bills,381.6,0
716915133,Blue,220,0,75,2023-06-11,Week-24,Q2,2023,1696,0,4397,70,0,Chip ,Grocery,1275.13,0
716918508,Blue,440,0,120,2023-06-11,Week-24,Q2,2023,3770,1197,1602,49,0.318,Swipe ,Bills,432.54,0
716919633,Blue,420,0,42,2023-06-11,Week-24,Q2,2023,2406,0,4450,73,0,Swipe ,Food,1068,0
716920908,Blue,110,1,51,2023-06-11,Week-24,Q2,2023,5738,1112,1922,48,0.194,Swipe ,Bills,403.62,0
716922633,Blue,455,1,102,2023-06-11,Week-24,Q2,2023,4043,2517,2600,47,0.623,Swipe ,Bills,650,0
716924058,Blue,195,0,51,2023-06-11,Week-24,Q2,2023,6175,1166,1417,25,0.189,Swipe ,Bills,269.23,0
716924958,Blue,175,1,43,2023-06-11,Week-24,Q2,2023,6812,1926,2288,48,0.283,Chip ,Bills,274.56,0
716926758,Blue,460,1,112,2023-06-11,Week-24,Q2,2023,1965,0,4268,91,0,Swipe ,Fuel,981.64,0
716929233,Blue,175,0,115,2023-06-11,Week-24,Q2,2023,5182,1607,5235,92,0.31,Chip ,Grocery,994.65,0
716930133,Blue,125,1,93,2023-06-11,Week-24,Q2,2023,1824,0,4594,86,0,Swipe ,Food,505.34,0
716931183,Blue,175,1,99,2023-06-11,Week-24,Q2,2023,7560,788,4296,68,0.104,Chip ,Bills,300.72,0
716932308,Blue,250,1,114,2023-06-11,Week-24,Q2,2023,4693,634,4460,79,0.135,Chip ,Grocery,892,0
716933283,Gold,390,1,59,2023-06-11,Week-24,Q2,2023,34516,1882,14738,116,0.055,Chip ,Entertainment,2210.7,0
716934333,Blue,175,1,113,2023-06-11,Week-24,Q2,2023,13306,2458,3556,68,0.185,Swipe ,Bills,320.04,0
716938383,Blue,125,0,81,2023-06-11,Week-24,Q2,2023,34516,0,3811,61,0,Swipe ,Fuel,1028.97,0
716939358,Blue,125,0,59,2023-06-11,Week-24,Q2,2023,14622,0,4632,67,0,Online ,Entertainment,1111.68,0
716944983,Blue,125,1,76,2023-06-11,Week-24,Q2,2023,24172,2517,1658,27,0.104,Swipe ,Bills,99.48,0
716947083,Blue,245,1,163,2023-06-11,Week-24,Q2,2023,3845,1871,14593,110,0.487,Swipe ,Bills,1313.37,0
716948283,Blue,95,1,94,2023-06-11,Week-24,Q2,2023,9890,0,3497,69,0,Swipe ,Entertainment,874.25,0
716950758,Blue,220,0,163,2023-06-11,Week-24,Q2,2023,8017,0,1657,43,0,Swipe ,Grocery,231.98,0
716951658,Blue,250,1,94,2023-06-11,Week-24,Q2,2023,5536,0,4281,82,0,Swipe ,Fuel,1070.25,0
716953083,Blue,270,0,120,2023-06-11,Week-24,Q2,2023,2046,1260,4228,81,0.616,Swipe ,Bills,930.16,0
716955783,Blue,400,1,83,2023-06-11,Week-24,Q2,2023,16026,1160,4418,59,0.072,Chip ,Bills,1281.22,0
716959833,Blue,430,1,84,2023-06-11,Week-24,Q2,2023,3534,0,3973,66,0,Swipe ,Fuel,953.52,0
716961033,Blue,405,1,74,2023-06-11,Week-24,Q2,2023,3520,2149,3630,78,0.611,Swipe ,Travel,834.9,0
716961933,Blue,285,0,103,2023-06-11,Week-24,Q2,2023,3589,1808,4262,70,0.504,Chip ,Entertainment,298.34,0
716963283,Blue,100,1,95,2023-06-11,Week-24,Q2,2023,3165,2517,2751,49,0.795,Swipe ,Bills,330.12,0
716966808,Blue,175,1,93,2023-06-11,Week-24,Q2,2023,11722,1667,1497,35,0.142,Swipe ,Bills,299.4,0
716968683,Blue,430,1,89,2023-06-11,Week-24,Q2,2023,11287,1513,5157,72,0.134,Swipe ,Entertainment,567.27,0
716971833,Blue,475,1,59,2023-06-11,Week-24,Q2,2023,13126,0,4496,61,0,Swipe ,Fuel,719.36,0
716973333,Blue,390,0,93,2023-06-11,Week-24,Q2,2023,4642,1676,5080,76,0.361,Swipe ,Fuel,1473.2,0
716974383,Blue,175,0,117,2023-06-11,Week-24,Q2,2023,2491,1979,1911,35,0.794,Online ,Grocery,305.76,0
716975583,Blue,200,0,95,2023-06-11,Week-24,Q2,2023,2471,1658,4406,62,0.671,Swipe ,Grocery,1277.74,0
716977758,Blue,430,1,105,2023-06-11,Week-24,Q2,2023,3675,2517,1913,35,0.685,Swipe ,Grocery,172.17,0
716979183,Gold,345,0,106,2023-06-11,Week-24,Q2,2023,17646,1396,15527,106,0.079,Swipe ,Bills,4502.83,0
716981358,Blue,355,0,94,2023-06-11,Week-24,Q2,2023,2107,941,4858,73,0.447,Chip ,Grocery,485.8,0
716982483,Blue,405,1,97,2023-06-11,Week-24,Q2,2023,1438.3,0,4497,79,0,Chip ,Food,1169.22,0
716984658,Blue,490,1,76,2023-06-11,Week-24,Q2,2023,34516,0,1106,31,0,Swipe ,Bills,210.14,0
716986458,Blue,110,1,90,2023-06-11,Week-24,Q2,2023,9766,1575,7605,101,0.161,Swipe ,Bills,988.65,0
716987358,Blue,465,1,119,2023-06-11,Week-24,Q2,2023,8022,0,5660,59,0,Online ,Entertainment,339.6,0
716988633,Blue,200,0,115,2023-06-11,Week-24,Q2,2023,9734,0,1476,38,0,Swipe ,Bills,162.36,0
716989683,Blue,275,1,118,2023-06-11,Week-24,Q2,2023,4480,2465,3331,74,0.55,Chip ,Fuel,599.58,0
716990883,Blue,425,1,117,2023-06-11,Week-24,Q2,2023,16033,766,15260,115,0.048,Chip ,Travel,915.6,0
716991933,Blue,280,0,98,2023-06-11,Week-24,Q2,2023,9786,0,820,25,0,Swipe ,Fuel,139.4,0
716993058,Blue,300,0,73,2023-06-11,Week-24,Q2,2023,24589,1640,4291,78,0.067,Swipe ,Entertainment,944.02,0
716995083,Blue,100,1,78,2023-06-11,Week-24,Q2,2023,2650,1049,4218,64,0.396,Chip ,Entertainment,632.7,0
716996583,Blue,360,0,67,2023-06-11,Week-24,Q2,2023,3073,1792,1734,35,0.583,Swipe ,Bills,277.44,0
716998608,Blue,490,0,82,2023-06-11,Week-24,Q2,2023,6703,1252,1843,44,0.187,Swipe ,Entertainment,184.3,0
716999883,Blue,300,1,77,2023-06-11,Week-24,Q2,2023,15897,1437,1405,43,0.09,Swipe ,Bills,112.4,0
717000858,Blue,450,0,48,2023-06-11,Week-24,Q2,2023,2683,1738,2274,52,0.648,Online ,Bills,613.98,0
717001908,Blue,100,0,152,2023-06-11,Week-24,Q2,2023,6936,0,2874,44,0,Online ,Fuel,747.24,0
717004533,Blue,325,1,63,2023-06-11,Week-24,Q2,2023,4790,1189,4544,81,0.248,Swipe ,Food,636.16,0
717006333,Blue,190,1,116,2023-06-11,Week-24,Q2,2023,1438.3,1133,1935,41,0.788,Swipe ,Bills,561.15,0
717007458,Blue,300,0,43,2023-06-11,Week-24,Q2,2023,2457,1051,3256,71,0.428,Swipe ,Entertainment,293.04,0
717008358,Blue,420,1,153,2023-06-11,Week-24,Q2,2023,6540,0,7919,88,0,Swipe ,Travel,791.9,0
717011958,Blue,200,0,76,2023-06-11,Week-24,Q2,2023,1438.3,0,4494,82,0,Swipe ,Fuel,1258.32,0
717013383,Blue,335,1,76,2023-06-11,Week-24,Q2,2023,31258,1518,2866,53,0.049,Swipe ,Travel,257.94,0
717015333,Blue,415,0,94,2023-06-11,Week-24,Q2,2023,2717,1953,3974,70,0.719,Swipe ,Fuel,993.5,0
717016833,Blue,355,0,82,2023-06-11,Week-24,Q2,2023,1438.3,0,4282,69,0,Chip ,Fuel,856.4,0
717017808,Blue,250,0,77,2023-06-11,Week-24,Q2,2023,9065,641,4693,83,0.071,Swipe ,Fuel,563.16,0
717022533,Blue,200,1,85,2023-06-11,Week-24,Q2,2023,2283,0,4088,66,0,Swipe ,Bills,1185.52,0
717023508,Blue,200,1,90,2023-06-11,Week-24,Q2,2023,2667,1551,4883,85,0.582,Chip ,Travel,732.45,0
717026658,Blue,365,1,74,2023-06-11,Week-24,Q2,2023,1897,0,2866,47,0,Swipe ,Entertainment,716.5,0
717028158,Blue,140,1,103,2023-06-11,Week-24,Q2,2023,12163,2082,2649,56,0.171,Swipe ,Bills,715.23,0
717030633,Blue,300,1,46,2023-06-11,Week-24,Q2,2023,2369,1405,3034,51,0.593,Swipe ,Entertainment,758.5,0
717035283,Blue,195,1,114,2023-06-11,Week-24,Q2,2023,2445,848,2216,39,0.347,Online ,Bills,288.08,0
717036408,Blue,275,1,90,2023-06-11,Week-24,Q2,2023,4685,1626,4560,81,0.347,Chip ,Entertainment,820.8,0
717038733,Blue,125,0,116,2023-06-11,Week-24,Q2,2023,2253,1375,1324,38,0.61,Swipe ,Travel,158.88,0
717042333,Blue,390,1,82,2023-06-11,Week-24,Q2,2023,1473,0,2836,48,0,Swipe ,Bills,737.36,0
717045033,Blue,295,0,105,2023-06-11,Week-24,Q2,2023,8459,757,4677,87,0.089,Chip ,Entertainment,280.62,0
717047583,Blue,100,0,69,2023-06-11,Week-24,Q2,2023,4779,2517,8912,63,0.527,Swipe ,Food,534.72,0
717049533,Blue,100,1,91,2023-06-11,Week-24,Q2,2023,7262,1466,1438,28,0.202,Swipe ,Bills,201.32,0
717050883,Blue,250,1,122,2023-06-11,Week-24,Q2,2023,2688,1617,4183,71,0.602,Chip ,Entertainment,1045.75,0
717052158,Blue,370,1,81,2023-06-11,Week-24,Q2,2023,21718,2386,3492,66,0.11,Swipe ,Bills,1012.68,0
717060858,Blue,300,1,116,2023-06-11,Week-24,Q2,2023,6911,2517,8123,71,0.364,Chip ,Food,1380.91,0
717066408,Blue,420,1,87,2023-06-11,Week-24,Q2,2023,5550,1518,2540,62,0.274,Online ,Grocery,431.8,0
717069033,Blue,250,1,94,2023-06-11,Week-24,Q2,2023,4829,1153,4778,65,0.239,Swipe ,Food,668.92,0
717072108,Blue,435,0,93,2023-06-11,Week-24,Q2,2023,2762,0,2571,44,0,Swipe ,Food,668.46,0
717073308,Blue,190,1,84,2023-06-11,Week-24,Q2,2023,2679,727,4804,78,0.271,Chip ,Grocery,1249.04,0
717074283,Blue,270,0,71,2023-06-18,Week-25,Q2,2023,17678,0,2566,49,0,Chip ,Fuel,667.16,0
717076458,Blue,95,1,72,2023-06-18,Week-25,Q2,2023,8155,1178,14955,102,0.144,Swipe ,Bills,4037.85,0
717078933,Blue,295,1,69,2023-06-18,Week-25,Q2,2023,4205,2517,4256,69,0.599,Chip ,Entertainment,936.32,0
717081483,Silver,125,0,156,2023-06-18,Week-25,Q2,2023,25187,2209,16606,96,0.088,Chip ,Travel,4483.62,0
717084708,Blue,385,0,72,2023-06-18,Week-25,Q2,2023,2484,1543,3802,68,0.621,Chip ,Entertainment,1064.56,0
717085983,Blue,125,0,107,2023-06-18,Week-25,Q2,2023,3299,2517,4312,84,0.763,Swipe ,Entertainment,431.2,0
717087858,Blue,200,0,86,2023-06-18,Week-25,Q2,2023,2146,967,4253,74,0.451,Swipe ,Food,467.83,0
717090183,Blue,300,1,113,2023-06-18,Week-25,Q2,2023,21697,2144,2117,48,0.099,Swipe ,Bills,338.72,0
717091533,Blue,200,1,119,2023-06-18,Week-25,Q2,2023,13613,1172,4253,84,0.086,Chip ,Grocery,467.83,0
717093858,Blue,335,1,99,2023-06-18,Week-25,Q2,2023,2154,1490,3664,63,0.692,Chip ,Fuel,439.68,0
717094758,Blue,295,0,95,2023-06-18,Week-25,Q2,2023,8823,0,4453,84,0,Chip ,Bills,846.07,0
717095733,Blue,300,0,60,2023-06-18,Week-25,Q2,2023,3212,2517,4284,69,0.784,Online ,Fuel,428.4,0
717096858,Blue,345,1,67,2023-06-18,Week-25,Q2,2023,6492,719,4828,78,0.111,Swipe ,Grocery,1062.16,0
717098208,Blue,445,0,83,2023-06-18,Week-25,Q2,2023,5848,950,1961,51,0.162,Swipe ,Entertainment,156.88,0
717099408,Blue,345,0,72,2023-06-18,Week-25,Q2,2023,10529,0,4583,87,0,Chip ,Entertainment,916.6,0
717100833,Blue,385,1,55,2023-06-18,Week-25,Q2,2023,3148,0,1401,31,0,Swipe ,Food,126.09,0
717103758,Blue,325,0,133,2023-06-18,Week-25,Q2,2023,18550,0,2616,42,0,Online ,Travel,313.92,0
717105258,Blue,475,1,114,2023-06-18,Week-25,Q2,2023,3992,1289,2181,32,0.323,Swipe ,Fuel,196.29,0
717107808,Blue,125,1,105,2023-06-18,Week-25,Q2,2023,1438.3,1218,4600,76,0.847,Swipe ,Grocery,1150,0
717109983,Blue,175,1,58,2023-06-18,Week-25,Q2,2023,2275,2138,7768,83,0.94,Swipe ,Fuel,2252.72,0
717112533,Blue,285,1,108,2023-06-18,Week-25,Q2,2023,6946,0,4058,88,0,Chip ,Entertainment,689.86,0
717114708,Blue,245,1,91,2023-06-18,Week-25,Q2,2023,2991,1830,4414,77,0.612,Swipe ,Bills,750.38,0
717121758,Blue,275,0,80,2023-06-18,Week-25,Q2,2023,3008,2517,4627,68,0.837,Swipe ,Fuel,555.24,0
717123858,Blue,365,0,116,2023-06-18,Week-25,Q2,2023,3635,1617,4045,62,0.445,Chip ,Fuel,849.45,0
717124983,Blue,480,1,68,2023-06-18,Week-25,Q2,2023,4760,0,1459,20,0,Swipe ,Grocery,116.72,0
717125958,Blue,415,0,69,2023-06-18,Week-25,Q2,2023,2652,1581,4747,80,0.596,Swipe ,Grocery,949.4,0
717127083,Blue,360,0,110,2023-06-18,Week-25,Q2,2023,15017,1733,2076,58,0.115,Online ,Bills,539.76,0
717128283,Blue,225,1,93,2023-06-18,Week-25,Q2,2023,5525,2409,2305,33,0.436,Swipe ,Grocery,184.4,0
717129333,Blue,380,1,93,2023-06-18,Week-25,Q2,2023,1438.3,0,4434,73,0,Chip ,Bills,1019.82,0
717130383,Blue,100,0,117,2023-06-18,Week-25,Q2,2023,2334,707,1386,30,0.303,Swipe ,Grocery,304.92,0
717131283,Blue,125,0,161,2023-06-18,Week-25,Q2,2023,6034,1579,4712,67,0.262,Chip ,Fuel,376.96,1
717132633,Blue,295,1,105,2023-06-18,Week-25,Q2,2023,7348,1466,3066,61,0.2,Swipe ,Entertainment,459.9,1
717134058,Blue,250,1,70,2023-06-18,Week-25,Q2,2023,5018,1131,4028,81,0.225,Swipe ,Fuel,241.68,1
717135333,Blue,280,1,88,2023-06-18,Week-25,Q2,2023,17970,1390,13204,97,0.077,Chip ,Bills,792.24,1
717136533,Blue,285,0,102,2023-06-18,Week-25,Q2,2023,2586,835,4883,73,0.323,Swipe ,Entertainment,1171.92,1
717138558,Blue,465,1,100,2023-06-18,Week-25,Q2,2023,3665,0,1813,31,0,Swipe ,Bills,126.91,1
717139608,Blue,300,0,89,2023-06-18,Week-25,Q2,2023,3462,1817,4635,65,0.525,Chip ,Bills,1112.4,0
717140733,Blue,150,0,76,2023-06-18,Week-25,Q2,2023,6616,831,9065,85,0.126,Swipe ,Fuel,1269.1,0
717141858,Blue,285,1,78,2023-06-18,Week-25,Q2,2023,13904,625,3151,67,0.045,Swipe ,Entertainment,598.69,0
717146208,Blue,125,1,70,2023-06-18,Week-25,Q2,2023,4257,2517,2828,50,0.591,Swipe ,Grocery,452.48,0
717147708,Blue,455,0,73,2023-06-18,Week-25,Q2,2023,3650,1270,4250,81,0.348,Swipe ,Food,552.5,0
717151383,Blue,125,1,109,2023-06-18,Week-25,Q2,2023,2568,1603,3616,85,0.624,Swipe ,Grocery,1012.48,0
717159858,Blue,270,1,68,2023-06-18,Week-25,Q2,2023,2730,1351,2319,61,0.495,Swipe ,Bills,185.52,0
717166383,Blue,325,0,85,2023-06-18,Week-25,Q2,2023,2166,1465,5097,82,0.676,Swipe ,Bills,1478.13,0
717167283,Blue,270,0,87,2023-06-18,Week-25,Q2,2023,9165,0,1846,56,0,Swipe ,Bills,424.58,0
717171408,Blue,200,0,106,2023-06-18,Week-25,Q2,2023,9959,0,2021,41,0,Swipe ,Travel,222.31,0
717172308,Blue,425,0,104,2023-06-18,Week-25,Q2,2023,3304,0,1731,32,0,Chip ,Grocery,294.27,0
717173358,Blue,245,0,103,2023-06-18,Week-25,Q2,2023,9502,1881,14418,100,0.198,Swipe ,Food,1297.62,0
717174558,Blue,225,1,148,2023-06-18,Week-25,Q2,2023,9129,0,7733,81,0,Swipe ,Travel,2242.57,0
717176508,Blue,200,1,84,2023-06-18,Week-25,Q2,2023,2656,1166,4171,80,0.439,Online ,Grocery,333.68,0
717177783,Silver,125,1,87,2023-06-18,Week-25,Q2,2023,13313,0,15549,121,0,Swipe ,Fuel,3109.8,0
717179508,Blue,345,0,86,2023-06-18,Week-25,Q2,2023,2382,1565,4011,68,0.657,Chip ,Grocery,922.53,0
717180633,Blue,460,1,63,2023-06-18,Week-25,Q2,2023,2483,1372,1704,35,0.553,Swipe ,Entertainment,255.6,0
717181833,Silver,125,0,97,2023-06-18,Week-25,Q2,2023,10190,891,3768,59,0.087,Swipe ,Fuel,226.08,0
717182883,Blue,430,1,109,2023-06-18,Week-25,Q2,2023,2279,1432,4169,74,0.628,Swipe ,Fuel,333.52,0
717185658,Blue,365,1,100,2023-06-18,Week-25,Q2,2023,22754,0,8531,77,0,Chip ,Travel,511.86,0
717189183,Blue,150,1,116,2023-06-18,Week-25,Q2,2023,10467,1961,2665,65,0.187,Swipe ,Entertainment,559.65,0
717190533,Blue,330,1,116,2023-06-18,Week-25,Q2,2023,12938,661,1282,32,0.051,Swipe ,Entertainment,115.38,0
717192933,Blue,480,0,119,2023-06-18,Week-25,Q2,2023,8302,2517,1576,34,0.303,Swipe ,Bills,441.28,0
717195933,Blue,190,1,60,2023-06-18,Week-25,Q2,2023,5298,0,2431,37,0,Chip ,Entertainment,340.34,0
717198633,Blue,295,1,90,2023-06-18,Week-25,Q2,2023,2075,1469,2556,49,0.708,Swipe ,Bills,664.56,0
717200508,Blue,175,0,145,2023-06-18,Week-25,Q2,2023,3056,2038,4734,73,0.667,Chip ,Entertainment,1230.84,0
717202083,Blue,360,0,72,2023-06-18,Week-25,Q2,2023,7077,0,2619,41,0,Chip ,Grocery,471.42,0
717202908,Blue,345,1,94,2023-06-18,Week-25,Q2,2023,34198,1804,4270,59,0.053,Chip ,Fuel,1238.3,0
717203958,Blue,450,1,86,2023-06-18,Week-25,Q2,2023,11512,988,1842,32,0.086,Online ,Fuel,221.04,0
717206508,Blue,245,1,85,2023-06-18,Week-25,Q2,2023,2798,1806,1543,35,0.645,Swipe ,Entertainment,123.44,0
717207408,Blue,150,1,83,2023-06-18,Week-25,Q2,2023,12512,666,2995,60,0.053,Swipe ,Bills,329.45,0
717208833,Blue,440,1,162,2023-06-18,Week-25,Q2,2023,1576,0,2703,56,0,Swipe ,Entertainment,324.36,0
717211608,Blue,125,0,83,2023-06-18,Week-25,Q2,2023,4975,1221,4776,68,0.245,Swipe ,Bills,477.6,0
717212958,Blue,455,1,118,2023-06-18,Week-25,Q2,2023,3046,2415,3153,57,0.793,Chip ,Entertainment,315.3,0
717214158,Blue,320,1,105,2023-06-18,Week-25,Q2,2023,9815,0,15475,94,0,Chip ,Travel,2011.75,0
717217983,Blue,450,1,80,2023-06-18,Week-25,Q2,2023,3143,2517,5409,79,0.801,Swipe ,Food,432.72,0
717219933,Blue,250,1,111,2023-06-18,Week-25,Q2,2023,2402,628,1930,48,0.261,Swipe ,Entertainment,559.7,0
717222033,Blue,470,0,72,2023-06-18,Week-25,Q2,2023,1647,1198,4272,76,0.727,Swipe ,Entertainment,1068,0
717225258,Blue,330,0,116,2023-06-18,Week-25,Q2,2023,13655,1048,2383,59,0.077,Swipe ,Bills,524.26,0
717229158,Blue,430,1,95,2023-06-18,Week-25,Q2,2023,1628,969,1893,15,0.595,Swipe ,Travel,492.18,0
717231558,Blue,465,0,113,2023-06-18,Week-25,Q2,2023,3002,1446,4851,74,0.482,Swipe ,Bills,1067.22,0
717233058,Blue,175,0,97,2023-06-18,Week-25,Q2,2023,5540,1240,1524,31,0.224,Swipe ,Bills,167.64,0
717234183,Blue,140,1,94,2023-06-18,Week-25,Q2,2023,2710,629,1718,37,0.232,Swipe ,Bills,292.06,0
717237708,Blue,150,1,104,2023-06-18,Week-25,Q2,2023,14265,1878,3982,58,0.132,Swipe ,Grocery,995.5,0
717239133,Blue,445,0,102,2023-06-18,Week-25,Q2,2023,10317,642,3939,60,0.062,Swipe ,Bills,669.63,0
717241233,Blue,400,1,161,2023-06-18,Week-25,Q2,2023,6089,1341,14112,123,0.22,Chip ,Travel,1693.44,0
717242058,Blue,100,1,58,2023-06-18,Week-25,Q2,2023,3981,0,2134,42,0,Swipe ,Grocery,298.76,0
717244683,Blue,250,1,116,2023-06-18,Week-25,Q2,2023,21922,1467,7409,89,0.067,Swipe ,Food,3778.16,0
717247383,Blue,195,1,69,2023-06-18,Week-25,Q2,2023,7514,0,4789,69,0,Swipe ,Food,1053.58,0
717248583,Silver,300,0,125,2023-06-18,Week-25,Q2,2023,11362,1871,7849,88,0.165,Swipe ,Fuel,2276.21,0
717249783,Blue,470,0,119,2023-06-18,Week-25,Q2,2023,1815,740,1931,67,0.408,Swipe ,Travel,308.96,0
717251508,Blue,245,0,142,2023-06-18,Week-25,Q2,2023,34516,0,14127,116,0,Chip ,Travel,847.62,0
717252483,Blue,150,0,114,2023-06-18,Week-25,Q2,2023,2796,0,2196,35,0,Swipe ,Fuel,241.56,0
717255333,Blue,490,1,165,2023-06-18,Week-25,Q2,2023,6921,0,2729,44,0,Swipe ,Food,709.54,0
717257658,Blue,390,1,42,2023-06-18,Week-25,Q2,2023,9357,1942,7971,84,0.208,Swipe ,Entertainment,1594.2,0
717260058,Blue,360,1,100,2023-06-18,Week-25,Q2,2023,2322,1284,1573,27,0.553,Swipe ,Entertainment,314.6,0
717261708,Blue,125,1,54,2023-06-18,Week-25,Q2,2023,13457,1248,1548,41,0.093,Swipe ,Bills,417.96,0
717262833,Blue,200,1,111,2023-06-18,Week-25,Q2,2023,2964,2043,4345,69,0.689,Swipe ,Fuel,695.2,0
717265983,Blue,175,1,97,2023-06-18,Week-25,Q2,2023,9908,2066,3749,80,0.209,Swipe ,Grocery,562.35,0
717267108,Blue,100,0,120,2023-06-18,Week-25,Q2,2023,15755,1410,2061,61,0.089,Swipe ,Entertainment,144.27,0
717268458,Blue,395,1,129,2023-06-18,Week-25,Q2,2023,3352,1713,1952,50,0.511,Online ,Bills,527.04,0
717271983,Silver,100,1,76,2023-06-18,Week-25,Q2,2023,34516,1388,3261,64,0.04,Swipe ,Bills,521.76,0
717273333,Blue,325,1,80,2023-06-18,Week-25,Q2,2023,29219,0,4575,84,0,Swipe ,Entertainment,366,0
717276708,Blue,390,0,115,2023-06-18,Week-25,Q2,2023,3127,2517,1470,30,0.805,Swipe ,Bills,396.9,0
717277833,Blue,280,1,104,2023-06-18,Week-25,Q2,2023,2339,2080,2294,45,0.889,Swipe ,Bills,550.56,0
717278808,Blue,370,0,76,2023-06-18,Week-25,Q2,2023,1788,0,3511,56,0,Swipe ,Bills,280.88,0
717280158,Blue,300,0,85,2023-06-18,Week-25,Q2,2023,2976,1817,3332,60,0.611,Swipe ,Bills,266.56,0
717281658,Blue,150,0,114,2023-06-18,Week-25,Q2,2023,6060,1687,3953,65,0.278,Chip ,Food,395.3,0
717283008,Blue,300,1,95,2023-06-18,Week-25,Q2,2023,7469,1378,15225,108,0.184,Swipe ,Fuel,3197.25,0
717284133,Blue,490,0,96,2023-06-18,Week-25,Q2,2023,3472,2517,4520,84,0.725,Swipe ,Bills,1265.6,0
717287883,Blue,125,1,84,2023-06-18,Week-25,Q2,2023,5516,2517,1532,24,0.456,Swipe ,Bills,245.12,0
717291333,Blue,125,1,74,2023-06-18,Week-25,Q2,2023,16722,0,15110,113,0,Chip ,Grocery,3626.4,0
717292758,Blue,415,1,118,2023-06-18,Week-25,Q2,2023,6347,0,1161,44,0,Swipe ,Bills,92.88,0
717295683,Blue,200,0,40,2023-06-18,Week-25,Q2,2023,3460,1881,1546,35,0.544,Swipe ,Bills,216.44,0
717296808,Blue,460,1,137,2023-06-18,Week-25,Q2,2023,3006,2517,1661,32,0.837,Swipe ,Travel,465.08,0
717297708,Blue,290,0,93,2023-06-18,Week-25,Q2,2023,2441,1672,4439,74,0.685,Chip ,Grocery,887.8,0
717299958,Blue,325,1,84,2023-06-18,Week-25,Q2,2023,2453,1534,4185,66,0.625,Chip ,Bills,585.9,0
717301908,Blue,125,1,66,2023-06-18,Week-25,Q2,2023,3312,1624,1973,55,0.49,Swipe ,Fuel,572.17,0
717307158,Blue,465,1,108,2023-06-18,Week-25,Q2,2023,1853,1314,5331,79,0.709,Swipe ,Bills,746.34,0
717308433,Blue,415,0,76,2023-06-18,Week-25,Q2,2023,1960,0,2253,39,0,Chip ,Travel,315.42,0
717310458,Blue,325,1,74,2023-06-18,Week-25,Q2,2023,5780,938,2960,65,0.162,Swipe ,Food,562.4,0
717316008,Blue,340,1,118,2023-06-18,Week-25,Q2,2023,3782,0,14977,117,0,Chip ,Entertainment,2246.55,0
717321783,Blue,280,0,64,2023-06-18,Week-25,Q2,2023,10344,1274,1617,47,0.123,Swipe ,Bills,97.02,0
717322833,Blue,415,1,136,2023-06-18,Week-25,Q2,2023,10604,1988,1578,30,0.187,Swipe ,Bills,142.02,0
717324183,Silver,390,1,91,2023-06-18,Week-25,Q2,2023,14305,1288,14769,119,0.09,Chip ,Travel,3987.63,0
717325158,Blue,300,0,69,2023-06-18,Week-25,Q2,2023,1438.3,883,4474,63,0.614,Online ,Bills,1297.46,0
717327783,Blue,200,1,119,2023-06-18,Week-25,Q2,2023,9959,1476,2760,44,0.148,Online ,Fuel,717.6,0
717331758,Blue,200,0,84,2023-06-18,Week-25,Q2,2023,34516,2517,4228,83,0.073,Swipe ,Grocery,549.64,0
717332733,Silver,250,0,112,2023-06-18,Week-25,Q2,2023,34516,0,2851,80,0,Swipe ,Grocery,513.18,0
717334233,Blue,280,1,111,2023-06-18,Week-25,Q2,2023,9525,2517,4804,79,0.264,Swipe ,Fuel,1008.84,0
717336408,Blue,300,1,100,2023-06-18,Week-25,Q2,2023,1952,1411,2452,44,0.723,Chip ,Fuel,686.56,0
717338733,Blue,360,1,82,2023-06-18,Week-25,Q2,2023,6012,0,2801,72,0,Swipe ,Bills,476.17,0
717340608,Gold,100,1,110,2023-06-18,Week-25,Q2,2023,34516,1873,7703,104,0.054,Swipe ,Entertainment,539.21,0
717343833,Blue,480,0,75,2023-06-18,Week-25,Q2,2023,3127,2094,4518,86,0.67,Swipe ,Bills,948.78,0
717346833,Blue,95,0,119,2023-06-18,Week-25,Q2,2023,1621,0,3764,76,0,Swipe ,Food,263.48,0
717348258,Blue,285,1,104,2023-06-18,Week-25,Q2,2023,4459,1899,2502,48,0.426,Swipe ,Entertainment,225.18,0
717353433,Blue,110,1,66,2023-06-18,Week-25,Q2,2023,21498,1542,13015,104,0.072,Swipe ,Fuel,3123.6,0
717354558,Blue,415,0,74,2023-06-18,Week-25,Q2,2023,3106,1120,683,17,0.361,Swipe ,Bills,81.96,0
717355533,Blue,395,0,58,2023-06-18,Week-25,Q2,2023,34516,1307,13759,120,0.038,Chip ,Fuel,825.54,0
717358158,Blue,465,0,106,2023-06-18,Week-25,Q2,2023,5489,1189,3215,64,0.217,Swipe ,Grocery,803.75,0
717359208,Blue,175,1,157,2023-06-18,Week-25,Q2,2023,4945,1779,4037,72,0.36,Swipe ,Grocery,1009.25,0
717364458,Blue,190,0,70,2023-06-18,Week-25,Q2,2023,4331,1445,2053,33,0.334,Swipe ,Bills,225.83,0
717365958,Blue,250,0,129,2023-06-18,Week-25,Q2,2023,1438.3,0,4765,71,0,Swipe ,Food,1143.6,0
717368208,Blue,350,1,113,2023-06-18,Week-25,Q2,2023,26723,0,2138,43,0,Chip ,Grocery,427.6,0
717370533,Blue,385,1,68,2023-06-18,Week-25,Q2,2023,34516,2088,6453,89,0.06,Swipe ,Bills,774.36,0
717371583,Blue,250,0,72,2023-06-18,Week-25,Q2,2023,1883,400,1954,45,0.212,Online ,Fuel,214.94,0
717374358,Blue,415,1,84,2023-06-18,Week-25,Q2,2023,3637,1998,2161,56,0.549,Swipe ,Bills,410.59,0
717376758,Blue,425,0,82,2023-06-18,Week-25,Q2,2023,2238,1324,4108,72,0.592,Chip ,Fuel,534.04,0
717380133,Blue,200,1,83,2023-06-18,Week-25,Q2,2023,3305,1909,4218,72,0.578,Swipe ,Grocery,590.52,0
717381183,Blue,245,1,107,2023-06-18,Week-25,Q2,2023,1674,752,4513,57,0.449,Swipe ,Entertainment,1083.12,0
717382608,Silver,470,1,79,2023-06-18,Week-25,Q2,2023,26692,2517,8780,86,0.094,Swipe ,Food,1668.2,0
717384183,Blue,450,0,56,2023-06-18,Week-25,Q2,2023,2669,2048,4863,79,0.767,Swipe ,Food,1069.86,0
717385083,Blue,125,0,93,2023-06-18,Week-25,Q2,2023,4916,1122,4813,87,0.228,Swipe ,Food,481.3,0
717385983,Blue,300,0,103,2023-06-18,Week-25,Q2,2023,2490,0,1645,30,0,Swipe ,Entertainment,164.5,0
717387933,Blue,295,1,101,2023-06-18,Week-25,Q2,2023,2976,2257,3837,57,0.758,Chip ,Grocery,575.55,0
717389433,Silver,300,0,106,2023-06-18,Week-25,Q2,2023,33371,0,3638,67,0,Chip ,Fuel,873.12,0
717390408,Blue,420,0,77,2023-06-18,Week-25,Q2,2023,4167,0,7590,87,0,Chip ,Food,1593.9,0
717392358,Blue,110,1,91,2023-06-18,Week-25,Q2,2023,23412,1078,1786,50,0.046,Swipe ,Bills,321.48,0
717395733,Blue,300,1,86,2023-06-18,Week-25,Q2,2023,4142,688,4512,81,0.166,Swipe ,Entertainment,451.2,0
717397983,Blue,125,1,113,2023-06-18,Week-25,Q2,2023,23402,958,7570,98,0.041,Swipe ,Bills,1589.7,1
717399183,Blue,245,1,81,2023-06-18,Week-25,Q2,2023,8058,1176,2774,52,0.146,Swipe ,Fuel,360.62,1
717400533,Blue,95,1,77,2023-06-18,Week-25,Q2,2023,2704,789,4839,92,0.292,Chip ,Food,580.68,1
717401883,Blue,270,1,125,2023-06-18,Week-25,Q2,2023,6985,1130,1694,44,0.162,Swipe ,Bills,338.8,1
717403158,Blue,300,1,117,2023-06-18,Week-25,Q2,2023,9634,2076,14218,102,0.215,Swipe ,Grocery,2843.6,1
717405408,Blue,375,1,94,2023-06-18,Week-25,Q2,2023,3934,1911,4143,82,0.486,Swipe ,Fuel,828.6,1
717406983,Blue,195,1,67,2023-06-18,Week-25,Q2,2023,5281,0,8395,62,0,Chip ,Travel,1175.3,0
717409533,Blue,290,1,94,2023-06-18,Week-25,Q2,2023,1821,1486,2824,43,0.816,Swipe ,Food,593.04,0
717410508,Silver,200,1,105,2023-06-18,Week-25,Q2,2023,25856,1281,3303,70,0.05,Chip ,Bills,495.45,0
717411483,Blue,150,1,94,2023-06-18,Week-25,Q2,2023,34173,1194,3731,69,0.035,Swipe ,Entertainment,1081.99,0
717412608,Blue,295,0,75,2023-06-18,Week-25,Q2,2023,7225,0,738,16,0,Swipe ,Travel,147.6,0
717413658,Blue,370,0,115,2023-06-18,Week-25,Q2,2023,1539,989,1987,47,0.643,Swipe ,Bills,317.92,0
717414933,Blue,320,1,84,2023-06-18,Week-25,Q2,2023,2918,2049,3818,61,0.702,Chip ,Bills,305.44,0
717418158,Blue,460,1,51,2023-06-18,Week-25,Q2,2023,34516,1839,1230,34,0.053,Swipe ,Fuel,98.4,0
717420333,Blue,425,0,95,2023-06-18,Week-25,Q2,2023,7349,2517,2701,60,0.342,Swipe ,Entertainment,540.2,0
717424458,Blue,100,1,77,2023-06-18,Week-25,Q2,2023,2293,1823,1166,22,0.795,Swipe ,Bills,291.5,0
717427983,Silver,425,1,79,2023-06-18,Week-25,Q2,2023,11176,2422,2682,64,0.217,Swipe ,Entertainment,643.68,0
717429258,Blue,125,1,110,2023-06-18,Week-25,Q2,2023,1644,500,2450,45,0.304,Swipe ,Bills,588,0
717432933,Blue,95,0,78,2023-06-18,Week-25,Q2,2023,3167,1387,4587,76,0.438,Swipe ,Grocery,1284.36,0
717437058,Silver,410,0,41,2023-06-18,Week-25,Q2,2023,26437,681,2167,57,0.026,Swipe ,Entertainment,541.75,0
717439983,Blue,385,1,148,2023-06-18,Week-25,Q2,2023,14774,2517,8293,63,0.17,Swipe ,Grocery,1575.67,0
717442758,Blue,245,1,105,2023-06-18,Week-25,Q2,2023,8346,1452,4141,79,0.174,Swipe ,Entertainment,331.28,0
717443658,Blue,200,1,113,2023-06-18,Week-25,Q2,2023,1920,0,4715,81,0,Chip ,Food,943,0
717444558,Blue,350,1,46,2023-06-18,Week-25,Q2,2023,2623,1714,5237,76,0.653,Chip ,Food,680.81,0
717446208,Blue,460,0,97,2023-06-18,Week-25,Q2,2023,3749,1980,5083,69,0.528,Swipe ,Grocery,660.79,0
717448383,Blue,495,1,103,2023-06-18,Week-25,Q2,2023,4428,0,2331,36,0,Chip ,Fuel,372.96,0
717450633,Blue,325,1,143,2023-06-18,Week-25,Q2,2023,1659,1544,1920,39,0.931,Chip ,Bills,326.4,0
717451833,Blue,405,1,111,2023-06-18,Week-25,Q2,2023,20356,2517,4547,67,0.124,Swipe ,Bills,1045.81,0
717457008,Blue,175,0,73,2023-06-18,Week-25,Q2,2023,9267,0,7991,90,0,Chip ,Entertainment,2157.57,0
717461283,Blue,425,0,94,2023-06-18,Week-25,Q2,2023,2214,570,2066,45,0.257,Online ,Entertainment,495.84,0
717463608,Blue,200,1,112,2023-06-18,Week-25,Q2,2023,2346,1407,4116,79,0.6,Chip ,Fuel,1111.32,0
717464958,Silver,300,1,94,2023-06-18,Week-25,Q2,2023,10858,0,14475,111,0,Chip ,Food,3329.25,0
717466158,Blue,495,1,110,2023-06-18,Week-25,Q2,2023,4176,1248,4889,62,0.299,Swipe ,Bills,880.02,0
717469158,Blue,400,0,94,2023-06-18,Week-25,Q2,2023,18578,1385,1606,54,0.075,Swipe ,Bills,128.48,0
717471933,Blue,410,1,106,2023-06-18,Week-25,Q2,2023,5800,1434,8202,89,0.247,Swipe ,Entertainment,1230.3,0
717472833,Blue,150,1,120,2023-06-18,Week-25,Q2,2023,7260,713,4253,73,0.098,Swipe ,Entertainment,340.24,0
717477783,Silver,295,1,170,2023-06-18,Week-25,Q2,2023,10195,2389,1563,36,0.234,Chip ,Bills,437.64,0
717478983,Blue,125,1,101,2023-06-18,Week-25,Q2,2023,2853,1961,2697,68,0.687,Swipe ,Entertainment,323.64,0
717480783,Blue,95,0,134,2023-06-18,Week-25,Q2,2023,9680,2101,15152,100,0.217,Chip ,Fuel,2121.28,0
717482658,Silver,250,1,133,2023-06-18,Week-25,Q2,2023,18022,0,14485,106,0,Chip ,Travel,1013.95,0
717483558,Blue,175,1,85,2023-06-25,Week-26,Q2,2023,19156,1353,3547,61,0.071,Chip ,Bills,496.58,0
717487983,Blue,175,1,81,2023-06-25,Week-26,Q2,2023,19435,2120,2062,55,0.109,Swipe ,Entertainment,268.06,0
717489033,Blue,280,1,84,2023-06-25,Week-26,Q2,2023,1438.3,0,2641,40,0,Swipe ,Entertainment,343.33,0
717490008,Blue,430,1,96,2023-06-25,Week-26,Q2,2023,19188,1622,4282,52,0.085,Chip ,Grocery,342.56,0
717491058,Blue,320,1,118,2023-06-25,Week-26,Q2,2023,20803,1747,4012,60,0.084,Chip ,Bills,722.16,0
717494358,Silver,450,0,80,2023-06-25,Week-26,Q2,2023,4299,1334,15068,123,0.31,Chip ,Travel,1958.84,0
717495258,Blue,355,0,106,2023-06-25,Week-26,Q2,2023,9131,916,1893,36,0.1,Swipe ,Entertainment,492.18,0
717499083,Blue,175,0,135,2023-06-25,Week-26,Q2,2023,17236,0,3013,78,0,Swipe ,Bills,271.17,0
717500133,Blue,295,0,73,2023-06-25,Week-26,Q2,2023,10374,599,4240,63,0.058,Swipe ,Bills,848,0
717502083,Blue,270,1,76,2023-06-25,Week-26,Q2,2023,6314,0,2718,44,0,Swipe ,Grocery,706.68,0
717504258,Blue,425,1,102,2023-06-25,Week-26,Q2,2023,3735,1199,1573,35,0.321,Swipe ,Entertainment,330.33,0
717511533,Blue,490,1,87,2023-06-25,Week-26,Q2,2023,1707,1191,2950,87,0.698,Swipe ,Entertainment,531,0
717513933,Blue,350,0,83,2023-06-25,Week-26,Q2,2023,14938,0,7385,90,0,Swipe ,Bills,1624.7,0
717516333,Blue,200,1,102,2023-06-25,Week-26,Q2,2023,14713,905,4125,82,0.062,Swipe ,Food,495,0
717517758,Blue,445,1,43,2023-06-25,Week-26,Q2,2023,2278,845,2307,45,0.371,Swipe ,Bills,599.82,0
717518733,Blue,385,0,151,2023-06-25,Week-26,Q2,2023,9463,764,7106,61,0.081,Swipe ,Entertainment,852.72,0
717521508,Gold,450,1,130,2023-06-25,Week-26,Q2,2023,34516,2098,6932,87,0.061,Swipe ,Food,1317.08,0
717524433,Blue,245,1,89,2023-06-25,Week-26,Q2,2023,1438.3,0,4700,92,0,Swipe ,Entertainment,705,0
717529233,Blue,495,0,120,2023-06-25,Week-26,Q2,2023,3319,0,4840,44,0,Swipe ,Bills,1403.6,0
717531483,Blue,355,0,100,2023-06-25,Week-26,Q2,2023,3433,964,4444,87,0.281,Chip ,Entertainment,666.6,0
717534108,Blue,125,0,105,2023-06-25,Week-26,Q2,2023,2405,1410,4421,79,0.586,Chip ,Fuel,1105.25,0
717535083,Blue,245,1,67,2023-06-25,Week-26,Q2,2023,5207,1121,7153,84,0.215,Swipe ,Grocery,715.3,0
717538683,Blue,125,1,77,2023-06-25,Week-26,Q2,2023,22906,1132,3204,64,0.049,Swipe ,Entertainment,736.92,0
717539808,Blue,275,0,80,2023-06-25,Week-26,Q2,2023,9930,0,1276,21,0,Swipe ,Travel,319,0
717541308,Blue,125,1,120,2023-06-25,Week-26,Q2,2023,2602,1441,4838,85,0.554,Swipe ,Food,387.04,0
717545808,Blue,350,1,99,2023-06-25,Week-26,Q2,2023,2900,1987,4549,70,0.685,Swipe ,Fuel,454.9,0
717547383,Blue,250,1,103,2023-06-25,Week-26,Q2,2023,2890,1392,4233,77,0.482,Swipe ,Grocery,719.61,0
717548358,Blue,175,0,67,2023-06-25,Week-26,Q2,2023,2580,2265,1665,57,0.878,Swipe ,Bills,183.15,0
717549408,Blue,340,1,100,2023-06-25,Week-26,Q2,2023,20485,0,3024,51,0,Chip ,Entertainment,241.92,0
717551358,Blue,100,0,87,2023-06-25,Week-26,Q2,2023,3556,2517,2279,56,0.708,Swipe ,Bills,227.9,0
717553683,Blue,445,1,67,2023-06-25,Week-26,Q2,2023,3040,2517,4608,61,0.828,Swipe ,Food,552.96,0
717556758,Blue,200,0,149,2023-06-25,Week-26,Q2,2023,3029,2267,14934,113,0.748,Swipe ,Food,1941.42,0
717559533,Silver,275,0,113,2023-06-25,Week-26,Q2,2023,34516,1161,8212,100,0.034,Swipe ,Bills,2135.12,0
717561108,Blue,430,1,42,2023-06-25,Week-26,Q2,2023,34516,549,1629,32,0.016,Swipe ,Bills,358.38,0
717565233,Blue,190,0,104,2023-06-25,Week-26,Q2,2023,31346,1318,13303,92,0.042,Swipe ,Bills,2926.66,0
717567333,Blue,325,0,75,2023-06-25,Week-26,Q2,2023,3991,1982,1661,35,0.497,Swipe ,Entertainment,398.64,0
717568308,Blue,400,1,103,2023-06-25,Week-26,Q2,2023,6018,0,4355,78,0,Swipe ,Bills,1262.95,0
717569283,Blue,200,1,117,2023-06-25,Week-26,Q2,2023,8896,1338,4252,70,0.15,Swipe ,Bills,722.84,0
717570258,Blue,125,0,73,2023-06-25,Week-26,Q2,2023,2206,1722,4455,67,0.781,Swipe ,Entertainment,1247.4,0
717571683,Gold,150,0,78,2023-06-25,Week-26,Q2,2023,23981,0,4536,61,0,Swipe ,Food,997.92,0
717574683,Blue,420,0,145,2023-06-25,Week-26,Q2,2023,2192,1146,4756,85,0.523,Swipe ,Grocery,428.04,0
717575958,Blue,435,1,105,2023-06-25,Week-26,Q2,2023,1694,479,2349,42,0.283,Chip ,Entertainment,610.74,0
717578358,Blue,175,1,153,2023-06-25,Week-26,Q2,2023,8162,1704,4334,80,0.209,Chip ,Travel,736.78,0
717579258,Blue,275,0,102,2023-06-25,Week-26,Q2,2023,6893,1462,4782,50,0.212,Swipe ,Bills,1243.32,0
717580458,Blue,500,1,109,2023-06-25,Week-26,Q2,2023,19333,0,7847,63,0,Swipe ,Bills,1961.75,0
717581658,Blue,225,0,63,2023-06-25,Week-26,Q2,2023,2461,1586,1729,35,0.644,Swipe ,Fuel,466.83,0
717582558,Blue,320,0,119,2023-06-25,Week-26,Q2,2023,34516,1185,3874,72,0.034,Swipe ,Fuel,697.32,0
717583908,Blue,125,0,100,2023-06-25,Week-26,Q2,2023,15030,1395,7603,81,0.093,Swipe ,Bills,1748.69,0
717585858,Blue,190,1,86,2023-06-25,Week-26,Q2,2023,16915,1679,2795,55,0.099,Swipe ,Travel,503.1,0
717591483,Blue,420,1,70,2023-06-25,Week-26,Q2,2023,3416,2044,1924,48,0.598,Swipe ,Entertainment,538.72,0
717592758,Blue,430,0,87,2023-06-25,Week-26,Q2,2023,1606,1578,2418,44,0.983,Chip ,Entertainment,507.78,0
717595908,Blue,270,1,113,2023-06-25,Week-26,Q2,2023,9453,2188,1688,45,0.231,Swipe ,Grocery,354.48,0
717596883,Blue,335,1,113,2023-06-25,Week-26,Q2,2023,5530,1233,5270,78,0.223,Swipe ,Bills,1317.5,0
717599283,Blue,275,0,48,2023-06-25,Week-26,Q2,2023,5335,1206,1844,49,0.226,Swipe ,Food,424.12,0
717600483,Blue,380,1,99,2023-06-25,Week-26,Q2,2023,23223,628,7358,87,0.027,Swipe ,Bills,735.8,0
717602733,Blue,325,1,107,2023-06-25,Week-26,Q2,2023,1842,0,4165,67,0,Swipe ,Grocery,291.55,0
717603858,Blue,295,0,100,2023-06-25,Week-26,Q2,2023,5608,1775,4325,77,0.317,Online ,Food,951.5,0
717609633,Blue,450,0,101,2023-06-25,Week-26,Q2,2023,12725,1759,4139,58,0.138,Swipe ,Entertainment,1034.75,0
717613233,Silver,300,1,78,2023-06-25,Week-26,Q2,2023,25907,745,2058,56,0.029,Swipe ,Fuel,576.24,0
717621333,Blue,125,1,83,2023-06-25,Week-26,Q2,2023,2680,1871,4592,78,0.698,Chip ,Bills,780.64,0
717622308,Blue,495,0,101,2023-06-25,Week-26,Q2,2023,2074,1688,4232,75,0.814,Swipe ,Bills,1100.32,0
717623583,Blue,200,0,152,2023-06-25,Week-26,Q2,2023,3444,2441,2668,51,0.709,Swipe ,Entertainment,480.24,0
717624708,Blue,150,0,112,2023-06-25,Week-26,Q2,2023,1438.3,0,2589,49,0,Swipe ,Grocery,569.58,0
717626508,Blue,200,1,89,2023-06-25,Week-26,Q2,2023,1699,0,5495,87,0,Chip ,Entertainment,1208.9,0
717627333,Blue,330,0,79,2023-06-25,Week-26,Q2,2023,2127,1995,1363,37,0.938,Swipe ,Grocery,231.71,0
717628608,Blue,465,0,106,2023-06-25,Week-26,Q2,2023,2576,1640,2568,34,0.637,Swipe ,Bills,154.08,0
717631008,Blue,380,1,107,2023-06-25,Week-26,Q2,2023,24296,0,1886,48,0,Swipe ,Bills,490.36,0
717631908,Blue,300,0,81,2023-06-25,Week-26,Q2,2023,4390,0,8454,69,0,Chip ,Bills,1014.48,0
717636933,Blue,480,0,90,2023-06-25,Week-26,Q2,2023,4365,0,3542,57,0,Swipe ,Grocery,920.92,0
717637908,Blue,285,1,93,2023-06-25,Week-26,Q2,2023,1924,971,4951,96,0.505,Swipe ,Food,1089.22,0
717640083,Blue,125,1,94,2023-06-25,Week-26,Q2,2023,6705,0,731,18,0,Online ,Bills,80.41,0
717642633,Platinum,250,1,96,2023-06-25,Week-26,Q2,2023,3750,1801,17995,116,0.48,Chip ,Food,3778.95,0
717643608,Blue,485,0,115,2023-06-25,Week-26,Q2,2023,26443,1601,1593,36,0.061,Swipe ,Bills,414.18,0
717646008,Blue,250,0,117,2023-06-25,Week-26,Q2,2023,5686,0,4338,67,0,Chip ,Bills,780.84,0
717646983,Blue,395,1,76,2023-06-25,Week-26,Q2,2023,3214,424,2720,53,0.132,Chip ,Food,190.4,0
717648783,Blue,470,1,66,2023-06-25,Week-26,Q2,2023,6922,1704,1449,28,0.246,Swipe ,Entertainment,173.88,0
717650133,Blue,365,0,83,2023-06-25,Week-26,Q2,2023,4821,1426,3571,58,0.296,Swipe ,Grocery,678.49,0
717651333,Blue,405,0,83,2023-06-25,Week-26,Q2,2023,1745,1168,4562,67,0.669,Swipe ,Bills,273.72,0
717655458,Silver,125,1,73,2023-06-25,Week-26,Q2,2023,16903,1507,3819,61,0.089,Swipe ,Entertainment,343.71,0
717656433,Blue,485,1,71,2023-06-25,Week-26,Q2,2023,2167,988,7199,83,0.456,Swipe ,Food,1151.84,0
717657333,Blue,110,0,76,2023-06-25,Week-26,Q2,2023,7584,1834,4783,65,0.242,Swipe ,Bills,621.79,0
717658758,Silver,245,1,69,2023-06-25,Week-26,Q2,2023,34516,0,7962,99,0,Swipe ,Bills,1990.5,0
717659883,Blue,245,1,138,2023-06-25,Week-26,Q2,2023,2418,1106,3541,64,0.457,Swipe ,Fuel,354.1,0
717661908,Silver,100,1,117,2023-06-25,Week-26,Q2,2023,34516,0,2681,55,0,Swipe ,Fuel,723.87,0
717663033,Platinum,415,1,137,2023-06-25,Week-26,Q2,2023,34516,1068,16428,123,0.031,Swipe ,Bills,4599.84,0
717664008,Blue,175,1,93,2023-06-25,Week-26,Q2,2023,3100,2517,694,12,0.812,Swipe ,Fuel,187.38,0
717666783,Blue,200,1,112,2023-06-25,Week-26,Q2,2023,2272,1350,2354,49,0.594,Swipe ,Bills,282.48,0
717667833,Blue,125,0,90,2023-06-25,Week-26,Q2,2023,3735,1285,1877,33,0.344,Swipe ,Bills,262.78,0
717669483,Blue,470,0,82,2023-06-25,Week-26,Q2,2023,34516,0,1737,38,0,Chip ,Food,364.77,0
717670758,Blue,175,0,86,2023-06-25,Week-26,Q2,2023,5030,1327,2523,71,0.264,Swipe ,Food,176.61,0
717678408,Blue,330,1,101,2023-06-25,Week-26,Q2,2023,8633,2517,2066,51,0.292,Swipe ,Fuel,578.48,0
717682233,Blue,440,0,89,2023-06-25,Week-26,Q2,2023,6139,1585,7906,80,0.258,Swipe ,Food,2055.56,0
717683583,Blue,355,1,143,2023-06-25,Week-26,Q2,2023,6929,1691,1388,27,0.244,Swipe ,Entertainment,166.56,0
717684858,Blue,100,0,40,2023-06-25,Week-26,Q2,2023,22304,1333,5002,60,0.06,Swipe ,Bills,850.34,0
717688233,Blue,335,1,136,2023-06-25,Week-26,Q2,2023,2432,851,4760,69,0.35,Swipe ,Fuel,571.2,0
717695058,Blue,340,0,111,2023-06-25,Week-26,Q2,2023,4163,0,4763,76,0,Chip ,Food,1333.64,0
717696333,Blue,455,0,131,2023-06-25,Week-26,Q2,2023,34516,0,5425,60,0,Swipe ,Fuel,542.5,0
717699408,Blue,325,0,92,2023-06-25,Week-26,Q2,2023,2886,2517,4884,89,0.872,Swipe ,Grocery,1367.52,0
717701733,Blue,250,1,116,2023-06-25,Week-26,Q2,2023,11910,2098,1646,39,0.176,Swipe ,Bills,411.5,0
717704433,Blue,485,0,56,2023-06-25,Week-26,Q2,2023,3829,836,4313,85,0.218,Swipe ,Grocery,819.47,0
717705858,Blue,275,1,77,2023-06-25,Week-26,Q2,2023,29923,0,2528,52,0,Online ,Entertainment,707.84,0
717707133,Blue,335,1,103,2023-06-25,Week-26,Q2,2023,10060,2322,2184,63,0.231,Swipe ,Bills,240.24,0
717708783,Silver,295,0,125,2023-06-25,Week-26,Q2,2023,34516,1417,4303,77,0.041,Chip ,Food,989.69,0
717711108,Blue,300,0,103,2023-06-25,Week-26,Q2,2023,3541,1042,14511,123,0.294,Swipe ,Bills,2321.76,0
717713283,Blue,200,1,115,2023-06-25,Week-26,Q2,2023,8628,1077,1675,58,0.125,Swipe ,Bills,351.75,0
717714633,Gold,270,0,106,2023-06-25,Week-26,Q2,2023,14938,0,15277,131,0,Online ,Travel,4430.33,0
717720108,Blue,220,1,48,2023-06-25,Week-26,Q2,2023,12386,980,3274,69,0.079,Swipe ,Fuel,556.58,0
717721458,Blue,300,1,112,2023-06-25,Week-26,Q2,2023,10408,1186,2560,42,0.114,Swipe ,Travel,716.8,0
717722958,Blue,250,0,75,2023-06-25,Week-26,Q2,2023,4654,1349,4277,71,0.29,Swipe ,Food,769.86,0
717724233,Platinum,110,1,117,2023-06-25,Week-26,Q2,2023,9959,734,16732,116,0.074,Chip ,Bills,3848.36,0
717725433,Blue,355,1,83,2023-06-25,Week-26,Q2,2023,1606,0,2258,37,0,Swipe ,Bills,203.22,0
717727308,Blue,300,0,69,2023-06-25,Week-26,Q2,2023,4204,499,4740,67,0.119,Swipe ,Bills,853.2,0
717728808,Blue,250,1,90,2023-06-25,Week-26,Q2,2023,4531,1214,1414,40,0.268,Swipe ,Fuel,169.68,0
717730533,Blue,195,0,44,2023-06-25,Week-26,Q2,2023,1614,925,2659,63,0.573,Swipe ,Travel,558.39,0
717733158,Blue,225,1,97,2023-06-25,Week-26,Q2,2023,3186,2517,4197,84,0.79,Swipe ,Grocery,503.64,0
717740658,Blue,175,0,46,2023-06-25,Week-26,Q2,2023,1850,942,4134,78,0.509,Online ,Fuel,909.48,0
717742908,Blue,490,0,120,2023-06-25,Week-26,Q2,2023,12967,2517,4520,74,0.194,Swipe ,Fuel,497.2,0
717748608,Blue,290,1,84,2023-06-25,Week-26,Q2,2023,1555,872,2252,51,0.561,Swipe ,Grocery,608.04,0
717750858,Blue,200,0,117,2023-06-25,Week-26,Q2,2023,2973,2446,3769,78,0.823,Chip ,Entertainment,376.9,0
717755058,Blue,175,1,103,2023-06-25,Week-26,Q2,2023,2687,1317,4096,76,0.49,Swipe ,Grocery,1187.84,0
717756258,Blue,150,1,119,2023-06-25,Week-26,Q2,2023,16494,1158,7761,84,0.07,Swipe ,Grocery,1008.93,0
717757608,Gold,140,1,74,2023-06-25,Week-26,Q2,2023,34516,1051,8938,114,0.03,Swipe ,Bills,1430.08,0
717758583,Blue,480,1,72,2023-06-25,Week-26,Q2,2023,3624,1975,1469,23,0.545,Swipe ,Bills,279.11,0
717759783,Blue,475,0,48,2023-06-25,Week-26,Q2,2023,5756,860,5298,72,0.149,Swipe ,Food,1165.56,0
717765183,Blue,200,0,152,2023-06-25,Week-26,Q2,2023,1438.3,0,4956,72,0,Swipe ,Entertainment,743.4,0
717769008,Blue,225,1,136,2023-06-25,Week-26,Q2,2023,11444,1278,2493,44,0.112,Swipe ,Entertainment,523.53,0
717773433,Blue,430,1,97,2023-06-25,Week-26,Q2,2023,2448,0,5464,98,0,Swipe ,Fuel,1584.56,0
717774333,Blue,250,1,117,2023-06-25,Week-26,Q2,2023,8431,0,5189,57,0,Chip ,Travel,570.79,0
717775608,Blue,200,1,76,2023-06-25,Week-26,Q2,2023,4830,1970,4850,80,0.408,Chip ,Fuel,582,1
717776808,Blue,250,1,81,2023-06-25,Week-26,Q2,2023,7353,1450,2005,54,0.197,Swipe ,Bills,481.2,1
717781608,Blue,100,1,107,2023-06-25,Week-26,Q2,2023,9230,1518,14082,99,0.164,Online ,Food,3520.5,1
717783483,Platinum,280,1,105,2023-06-25,Week-26,Q2,2023,5016,2286,17038,122,0.456,Chip ,Travel,2726.08,1
717784983,Blue,340,0,88,2023-06-25,Week-26,Q2,2023,3893,1157,1536,39,0.297,Swipe ,Entertainment,291.84,0
717787533,Blue,350,1,56,2023-06-25,Week-26,Q2,2023,5158,2190,1229,34,0.425,Swipe ,Fuel,172.06,0
717788958,Platinum,385,1,90,2023-06-25,Week-26,Q2,2023,21615,570,16464,103,0.026,Chip ,Grocery,2304.96,0
717790233,Blue,150,0,86,2023-06-25,Week-26,Q2,2023,1438.3,743,4730,80,0.517,Swipe ,Grocery,520.3,0
717793983,Silver,390,1,111,2023-06-25,Week-26,Q2,2023,18128,0,2503,49,0,Chip ,Bills,475.57,0
717797658,Blue,195,1,164,2023-06-25,Week-26,Q2,2023,1438.3,740,4970,87,0.514,Swipe ,Bills,1391.6,0
717800358,Blue,475,1,99,2023-06-25,Week-26,Q2,2023,10111,868,4791,68,0.086,Chip ,Entertainment,718.65,0
717804783,Blue,225,1,101,2023-06-25,Week-26,Q2,2023,6587,824,4160,70,0.125,Swipe ,Bills,1123.2,0
717806133,Blue,390,1,95,2023-06-25,Week-26,Q2,2023,23603,0,1382,31,0,Swipe ,Bills,331.68,0
717812133,Blue,320,1,105,2023-06-25,Week-26,Q2,2023,3315,1243,4006,65,0.375,Chip ,Bills,320.48,0
717813558,Blue,425,1,117,2023-06-25,Week-26,Q2,2023,8389,1960,1334,38,0.234,Swipe ,Bills,346.84,0
717819633,Blue,125,1,74,2023-06-25,Week-26,Q2,2023,3949,1463,4124,57,0.37,Swipe ,Food,659.84,0
717822108,Blue,175,1,78,2023-06-25,Week-26,Q2,2023,3302,2517,4613,85,0.762,Swipe ,Entertainment,599.69,0
717823383,Blue,175,1,160,2023-06-25,Week-26,Q2,2023,3426,1841,4268,81,0.537,Swipe ,Fuel,384.12,0
717825033,Blue,450,0,80,2023-06-25,Week-26,Q2,2023,5444,2499,4509,80,0.459,Online ,Entertainment,360.72,0
717826308,Blue,395,1,77,2023-06-25,Week-26,Q2,2023,2331,1798,4061,66,0.771,Chip ,Bills,649.76,0
717828108,Blue,245,1,102,2023-06-25,Week-26,Q2,2023,21875,2517,1327,31,0.115,Swipe ,Bills,92.89,0
717830583,Blue,295,1,83,2023-06-25,Week-26,Q2,2023,9133,2140,4101,88,0.234,Swipe ,Bills,246.06,0
717831783,Blue,150,1,149,2023-06-25,Week-26,Q2,2023,1942,1536,1371,38,0.791,Swipe ,Entertainment,123.39,0
717835908,Blue,245,1,93,2023-06-25,Week-26,Q2,2023,1438.3,681,2730,48,0.473,Swipe ,Entertainment,327.6,0
717836733,Blue,100,0,79,2023-06-25,Week-26,Q2,2023,5153,1378,4274,81,0.267,Swipe ,Grocery,1153.98,0
717837858,Blue,110,1,71,2023-06-25,Week-26,Q2,2023,17603,1063,2902,64,0.06,Swipe ,Grocery,348.24,0
717840108,Blue,125,1,105,2023-06-25,Week-26,Q2,2023,4806,1357,1771,35,0.282,Swipe ,Bills,336.49,0
717841683,Blue,225,1,96,2023-06-25,Week-26,Q2,2023,22651,1085,3915,72,0.048,Swipe ,Travel,704.7,0
717843783,Silver,425,1,145,2023-06-25,Week-26,Q2,2023,13431,1583,2338,71,0.118,Swipe ,Entertainment,537.74,0
717846108,Blue,250,1,97,2023-06-25,Week-26,Q2,2023,12994,904,3734,74,0.07,Chip ,Entertainment,784.14,0
717849708,Blue,250,0,147,2023-06-25,Week-26,Q2,2023,1438.3,738,4368,87,0.513,Swipe ,Food,1004.64,0
717853233,Blue,350,1,122,2023-06-25,Week-26,Q2,2023,3306,706,4772,76,0.214,Swipe ,Food,1049.84,0
717855933,Blue,445,0,110,2023-06-25,Week-26,Q2,2023,1776,1586,4350,71,0.893,Swipe ,Fuel,1131,0
717856983,Blue,285,1,119,2023-06-25,Week-26,Q2,2023,1840,1267,4515,76,0.689,Swipe ,Entertainment,316.05,0
717859233,Blue,250,0,113,2023-06-25,Week-26,Q2,2023,12578,2517,8362,82,0.2,Swipe ,Fuel,2006.88,0
717860358,Blue,425,0,86,2023-06-25,Week-26,Q2,2023,5124,2235,1158,42,0.436,Online ,Bills,173.7,0
717862308,Blue,475,0,93,2023-06-25,Week-26,Q2,2023,2901,2384,3835,78,0.822,Swipe ,Food,460.2,0
717865008,Blue,330,0,71,2023-06-25,Week-26,Q2,2023,1438.3,468,4425,81,0.325,Swipe ,Bills,796.5,0
717866133,Blue,285,0,41,2023-06-25,Week-26,Q2,2023,2677,1390,2170,63,0.519,Swipe ,Travel,217,0
717870108,Blue,360,1,96,2023-06-25,Week-26,Q2,2023,1912,1172,4841,81,0.613,Swipe ,Grocery,871.38,0
717874533,Blue,150,1,74,2023-06-25,Week-26,Q2,2023,6362,0,1968,51,0,Swipe ,Fuel,137.76,0
717877533,Blue,440,1,88,2023-06-25,Week-26,Q2,2023,11314,0,3761,70,0,Chip ,Bills,263.27,0
717878883,Blue,355,0,113,2023-06-25,Week-26,Q2,2023,1438.3,0,4463,71,0,Swipe ,Fuel,535.56,0
717885183,Blue,200,0,58,2023-06-25,Week-26,Q2,2023,2622,2489,2717,79,0.949,Swipe ,Fuel,271.7,0
717886008,Blue,345,1,98,2023-06-25,Week-26,Q2,2023,6102,0,4527,67,0,Online ,Entertainment,860.13,0
717888108,Blue,365,0,80,2023-06-25,Week-26,Q2,2023,2872,2517,3635,62,0.876,Swipe ,Food,799.7,0
717890583,Blue,110,0,114,2023-06-25,Week-26,Q2,2023,3503,1572,4671,93,0.449,Chip ,Entertainment,794.07,0
717891558,Blue,195,1,105,2023-06-25,Week-26,Q2,2023,3298,2200,1052,32,0.667,Swipe ,Bills,115.72,0
717893358,Blue,245,0,70,2023-06-25,Week-26,Q2,2023,7951,1456,4452,65,0.183,Swipe ,Travel,267.12,0
717895833,Blue,295,1,97,2023-06-25,Week-26,Q2,2023,6455,1837,8001,99,0.285,Swipe ,Fuel,720.09,0
717898758,Silver,125,1,112,2023-06-25,Week-26,Q2,2023,12207,0,5838,74,0,Swipe ,Food,1517.88,0
717903108,Blue,200,1,155,2023-06-25,Week-26,Q2,2023,4283,488,4689,65,0.114,Chip ,Fuel,422.01,0
717904383,Blue,485,0,113,2023-06-25,Week-26,Q2,2023,18693,2052,1516,44,0.11,Swipe ,Bills,303.2,0
717906783,Blue,455,1,113,2023-06-25,Week-26,Q2,2023,5207,1748,1310,26,0.336,Swipe ,Travel,327.5,0
717908208,Blue,445,1,125,2023-06-25,Week-26,Q2,2023,2525,1595,4859,82,0.632,Swipe ,Entertainment,1166.16,0
717912483,Blue,435,1,53,2023-06-25,Week-26,Q2,2023,27259,0,1376,35,0,Swipe ,Bills,357.76,0
717914808,Blue,175,0,95,2023-06-25,Week-26,Q2,2023,4465,703,4044,66,0.157,Swipe ,Entertainment,647.04,0
717915783,Blue,250,0,89,2023-06-25,Week-26,Q2,2023,4541,1037,2829,44,0.228,Swipe ,Grocery,169.74,0
717916758,Blue,325,1,92,2023-06-25,Week-26,Q2,2023,10509,2388,1365,34,0.227,Swipe ,Grocery,218.4,0
717920583,Blue,245,1,49,2023-06-25,Week-26,Q2,2023,1443,0,4673,59,0,Chip ,Food,841.14,0
717924933,Blue,200,0,133,2023-06-25,Week-26,Q2,2023,3745,1291,4956,88,0.345,Swipe ,Fuel,1288.56,0
717926358,Blue,225,1,110,2023-06-25,Week-26,Q2,2023,5494,2142,8328,78,0.39,Swipe ,Food,2415.12,0
717928308,Silver,270,1,91,2023-06-25,Week-26,Q2,2023,13669,1774,15772,130,0.13,Chip ,Travel,3785.28,0
717929133,Blue,125,1,169,2023-06-25,Week-26,Q2,2023,14450,2440,1235,30,0.169,Swipe ,Bills,74.1,0
717930483,Blue,420,1,85,2023-06-25,Week-26,Q2,2023,5616,0,1564,31,0,Swipe ,Fuel,375.36,0
717940008,Blue,95,0,72,2023-06-25,Week-26,Q2,2023,3251,1887,3228,67,0.58,Swipe ,Fuel,451.92,0
717942033,Blue,455,0,73,2023-06-25,Week-26,Q2,2023,33552,1252,14490,98,0.037,Swipe ,Food,4057.2,0
717945108,Blue,280,1,93,2023-07-02,Week-27,Q3,2023,3088,1477,5095,77,0.478,Swipe ,Entertainment,1273.75,0
717947508,Blue,320,0,93,2023-07-02,Week-27,Q3,2023,1626,1013,5262,83,0.623,Swipe ,Bills,1157.64,0
717949008,Blue,300,0,86,2023-07-02,Week-27,Q3,2023,1554,412,2341,43,0.265,Chip ,Grocery,1087.28,0
717949983,Blue,460,0,105,2023-07-02,Week-27,Q3,2023,8168,2137,3554,82,0.262,Chip ,Grocery,746.34,0
717953283,Blue,380,1,168,2023-07-02,Week-27,Q3,2023,2122,1189,4379,45,0.56,Swipe ,Grocery,1226.12,0
717954333,Blue,410,0,87,2023-07-02,Week-27,Q3,2023,1781,935,5093,77,0.525,Swipe ,Fuel,1426.04,0
717956283,Blue,275,1,105,2023-07-02,Week-27,Q3,2023,10953,1945,1277,29,0.178,Swipe ,Bills,114.93,0
717958833,Blue,150,1,73,2023-07-02,Week-27,Q3,2023,1535,700,1848,25,0.456,Swipe ,Bills,110.88,0
717960033,Blue,375,1,70,2023-07-02,Week-27,Q3,2023,2484,1495,4084,86,0.602,Swipe ,Grocery,408.4,0
717961458,Blue,470,1,118,2023-07-02,Week-27,Q3,2023,2934,2381,3396,64,0.812,Swipe ,Fuel,882.96,0
717965808,Blue,150,0,113,2023-07-02,Week-27,Q3,2023,9383,829,5783,73,0.088,Chip ,Fuel,809.62,0
717966933,Blue,175,0,99,2023-07-02,Week-27,Q3,2023,2467,1446,5024,81,0.586,Swipe ,Fuel,1306.24,0
717967833,Blue,360,1,64,2023-07-02,Week-27,Q3,2023,2677,1555,4757,81,0.581,Online ,Entertainment,951.4,0
717970158,Blue,455,1,72,2023-07-02,Week-27,Q3,2023,8083,0,3942,84,0,Online ,Entertainment,823.62,0
717971208,Blue,395,1,104,2023-07-02,Week-27,Q3,2023,2077,0,3647,69,0,Swipe ,Fuel,729.4,0
717972408,Blue,495,1,81,2023-07-02,Week-27,Q3,2023,2558,2016,3792,78,0.788,Chip ,Bills,265.44,0
717975333,Blue,200,1,117,2023-07-02,Week-27,Q3,2023,25300,1330,837,15,0.053,Swipe ,Travel,217.62,0
717978033,Blue,365,0,92,2023-07-02,Week-27,Q3,2023,5257,1572,2822,73,0.299,Swipe ,Fuel,282.2,0
717979008,Blue,125,1,70,2023-07-02,Week-27,Q3,2023,2105,1072,4833,81,0.509,Swipe ,Bills,338.31,0
717983058,Blue,150,0,108,2023-07-02,Week-27,Q3,2023,1982,1068,3058,58,0.539,Swipe ,Bills,458.7,0
717985158,Blue,465,1,165,2023-07-02,Week-27,Q3,2023,2335,1373,4267,81,0.588,Swipe ,Food,682.72,0
717986058,Blue,420,1,72,2023-07-02,Week-27,Q3,2023,5240,1608,2712,64,0.307,Swipe ,Fuel,986.48,0
717987258,Blue,345,1,106,2023-07-02,Week-27,Q3,2023,2594,1686,4503,67,0.65,Chip ,Fuel,315.21,0
717990183,Blue,150,0,116,2023-07-02,Week-27,Q3,2023,7474,2444,5100,79,0.327,Swipe ,Bills,1071,0
717991533,Platinum,435,1,109,2023-07-02,Week-27,Q3,2023,3843,1460,16461,105,0.38,Chip ,Travel,1481.49,0
717992433,Blue,125,0,89,2023-07-02,Week-27,Q3,2023,11900,1796,14666,101,0.151,Chip ,Entertainment,2933.2,0
717994608,Blue,110,0,153,2023-07-02,Week-27,Q3,2023,7158,0,2113,60,0,Swipe ,Entertainment,422.6,0
717995958,Blue,200,1,73,2023-07-02,Week-27,Q3,2023,1634,1463,4397,72,0.895,Chip ,Entertainment,527.64,0
717998058,Blue,285,1,106,2023-07-02,Week-27,Q3,2023,2585,2019,2644,40,0.781,Swipe ,Bills,449.48,0
717999183,Blue,475,0,117,2023-07-02,Week-27,Q3,2023,4108,1659,2275,58,0.404,Swipe ,Grocery,659.75,0
718000383,Blue,125,1,67,2023-07-02,Week-27,Q3,2023,23566,1147,4274,64,0.049,Swipe ,Fuel,1111.24,0
718001508,Blue,470,0,94,2023-07-02,Week-27,Q3,2023,2890,2150,4377,84,0.744,Swipe ,Bills,962.94,0
718002633,Silver,415,1,92,2023-07-02,Week-27,Q3,2023,16002,2076,3667,52,0.13,Swipe ,Bills,330.03,0
718005108,Blue,340,1,132,2023-07-02,Week-27,Q3,2023,2096,1711,3692,68,0.816,Chip ,Fuel,959.92,0
718006608,Blue,175,0,120,2023-07-02,Week-27,Q3,2023,7742,1163,9081,100,0.15,Swipe ,Food,1452.96,0
718009158,Blue,125,1,75,2023-07-02,Week-27,Q3,2023,2563,1860,3774,83,0.726,Swipe ,Entertainment,717.06,0
718010133,Blue,250,1,135,2023-07-02,Week-27,Q3,2023,2888,1641,3703,61,0.568,Swipe ,Bills,999.81,0
718011783,Blue,495,1,118,2023-07-02,Week-27,Q3,2023,2205,1337,1591,38,0.606,Swipe ,Bills,350.02,0
718016808,Blue,140,0,76,2023-07-02,Week-27,Q3,2023,2064,1282,1475,27,0.621,Swipe ,Grocery,513,0
718020408,Blue,300,0,112,2023-07-02,Week-27,Q3,2023,1977,545,4393,72,0.276,Swipe ,Grocery,658.95,0
718021608,Blue,125,1,97,2023-07-02,Week-27,Q3,2023,1533,728,4659,83,0.475,Swipe ,Fuel,372.72,0
718023708,Silver,300,0,87,2023-07-02,Week-27,Q3,2023,14839,2226,14625,115,0.15,Swipe ,Entertainment,877.5,0
718024908,Blue,175,0,148,2023-07-02,Week-27,Q3,2023,2743,1705,6993,97,0.622,Swipe ,Fuel,909.09,0
718025808,Blue,325,0,105,2023-07-02,Week-27,Q3,2023,5852,1935,3689,55,0.331,Chip ,Grocery,1069.81,0
718026858,Blue,125,0,90,2023-07-02,Week-27,Q3,2023,2370,1490,4751,80,0.629,Swipe ,Entertainment,617.63,0
718030083,Blue,300,0,56,2023-07-02,Week-27,Q3,2023,7871,1687,1428,22,0.214,Swipe ,Bills,214.2,0
718031508,Blue,330,0,71,2023-07-02,Week-27,Q3,2023,1535,0,5168,76,0,Swipe ,Grocery,465.12,0
718032483,Blue,125,1,103,2023-07-02,Week-27,Q3,2023,1438.3,611,4688,89,0.425,Swipe ,Grocery,1218.88,0
718034058,Blue,125,1,93,2023-07-02,Week-27,Q3,2023,8529,901,4252,68,0.106,Swipe ,Entertainment,722.84,0
718037433,Blue,200,1,101,2023-07-02,Week-27,Q3,2023,1654,1253,1887,60,0.758,Swipe ,Bills,528.36,0
718038483,Blue,150,0,92,2023-07-02,Week-27,Q3,2023,16054,0,3449,75,0,Swipe ,Food,793.27,0
718039683,Blue,295,0,86,2023-07-02,Week-27,Q3,2023,13532,1300,1521,29,0.096,Swipe ,Bills,425.88,0
718041033,Blue,340,1,100,2023-07-02,Week-27,Q3,2023,2178,1455,5363,76,0.668,Chip ,Entertainment,482.67,0
718042383,Blue,490,0,109,2023-07-02,Week-27,Q3,2023,3523,1379,15108,118,0.391,Chip ,Bills,3777,0
718043583,Blue,175,0,41,2023-07-02,Week-27,Q3,2023,21794,1368,15111,116,0.063,Chip ,Fuel,4079.97,0
718045008,Blue,175,1,70,2023-07-02,Week-27,Q3,2023,3768,0,6639,71,0,Online ,Bills,1327.8,0
718046433,Blue,405,0,76,2023-07-02,Week-27,Q3,2023,2199,693,7342,86,0.315,Swipe ,Fuel,2129.18,0
718048608,Blue,125,1,84,2023-07-02,Week-27,Q3,2023,15292,1325,5120,74,0.087,Chip ,Bills,512,0
718050033,Blue,395,1,97,2023-07-02,Week-27,Q3,2023,5657,1719,2028,55,0.304,Swipe ,Entertainment,405.6,0
718054833,Blue,300,1,152,2023-07-02,Week-27,Q3,2023,15341,1016,2916,65,0.066,Chip ,Grocery,729,0
718056033,Blue,295,1,65,2023-07-02,Week-27,Q3,2023,4135,1606,3334,56,0.388,Online ,Food,866.84,0
718060983,Blue,480,0,162,2023-07-02,Week-27,Q3,2023,3423,2186,14037,120,0.639,Chip ,Food,1684.44,0
718063083,Blue,430,0,83,2023-07-02,Week-27,Q3,2023,6500,2025,4738,82,0.312,Swipe ,Entertainment,284.28,0
718064283,Blue,200,0,83,2023-07-02,Week-27,Q3,2023,11501,713,1481,41,0.062,Swipe ,Entertainment,192.53,0
718065333,Blue,125,1,107,2023-07-02,Week-27,Q3,2023,2385,1971,3711,81,0.826,Swipe ,Food,927.75,0
718067658,Blue,220,0,91,2023-07-02,Week-27,Q3,2023,3998,0,4223,79,0,Swipe ,Entertainment,1097.98,0
718068933,Blue,150,1,68,2023-07-02,Week-27,Q3,2023,5750,1521,2155,61,0.265,Swipe ,Bills,193.95,0
718071933,Platinum,320,1,71,2023-07-02,Week-27,Q3,2023,4158,1889,15842,130,0.454,Chip ,Fuel,3009.98,0
718072758,Blue,395,0,93,2023-07-02,Week-27,Q3,2023,3173,2517,4030,73,0.793,Chip ,Bills,443.3,0
718076733,Silver,175,1,92,2023-07-02,Week-27,Q3,2023,25824,1170,3101,73,0.045,Chip ,Bills,248.08,0
718078008,Blue,460,0,78,2023-07-02,Week-27,Q3,2023,20304,0,7494,85,0,Swipe ,Grocery,1498.8,0
718080558,Blue,200,0,158,2023-07-02,Week-27,Q3,2023,4720,0,8798,67,0,Chip ,Travel,615.86,0
718082208,Blue,415,0,54,2023-07-02,Week-27,Q3,2023,6469,2351,1717,50,0.363,Swipe ,Bills,480.76,0
718083483,Blue,445,1,106,2023-07-02,Week-27,Q3,2023,6218,2134,2086,50,0.343,Swipe ,Bills,271.18,0
718086783,Blue,245,0,90,2023-07-02,Week-27,Q3,2023,13478,0,4738,56,0,Swipe ,Fuel,947.6,0
718088133,Blue,245,1,109,2023-07-02,Week-27,Q3,2023,2348,1061,1901,27,0.452,Chip ,Fuel,323.17,0
718090233,Blue,455,1,90,2023-07-02,Week-27,Q3,2023,10016,1872,2804,37,0.187,Swipe ,Food,532.76,0
718093233,Blue,245,1,102,2023-07-02,Week-27,Q3,2023,2163,0,1349,47,0,Swipe ,Bills,134.9,0
718096608,Blue,300,1,103,2023-07-02,Week-27,Q3,2023,6882,1930,13836,113,0.28,Swipe ,Food,3735.72,0
718100808,Gold,140,1,46,2023-07-02,Week-27,Q3,2023,15987,2065,7395,100,0.129,Swipe ,Bills,2070.6,0
718102758,Blue,300,0,150,2023-07-02,Week-27,Q3,2023,3175,1116,14071,101,0.351,Swipe ,Fuel,2110.65,0
718103733,Blue,480,1,113,2023-07-02,Week-27,Q3,2023,2934,933,4253,66,0.318,Swipe ,Fuel,723.01,0
718108758,Blue,175,0,75,2023-07-02,Week-27,Q3,2023,6039,1759,4538,86,0.291,Online ,Entertainment,816.84,0
718109808,Blue,245,1,79,2023-07-02,Week-27,Q3,2023,5597,1118,4599,89,0.2,Online ,Fuel,827.82,0
718110858,Blue,175,1,81,2023-07-02,Week-27,Q3,2023,1606,0,2628,41,0,Chip ,Food,683.28,0
718113633,Blue,270,0,107,2023-07-02,Week-27,Q3,2023,34516,0,5603,56,0,Swipe ,Fuel,1344.72,0
718115733,Blue,175,0,87,2023-07-02,Week-27,Q3,2023,9037,1544,1627,27,0.171,Swipe ,Bills,227.78,0
718116933,Blue,360,0,93,2023-07-02,Week-27,Q3,2023,1438.3,630,4704,79,0.438,Swipe ,Fuel,423.36,0
718121658,Blue,200,0,57,2023-07-02,Week-27,Q3,2023,1704,0,660,17,0,Swipe ,Bills,191.4,0
718123608,Silver,435,1,85,2023-07-02,Week-27,Q3,2023,25438,1907,16485,104,0.075,Swipe ,Bills,3626.7,0
718127958,Blue,345,1,90,2023-07-02,Week-27,Q3,2023,9097,1656,4174,85,0.182,Chip ,Fuel,292.18,0
718133733,Blue,410,1,80,2023-07-02,Week-27,Q3,2023,7317,1540,4100,76,0.21,Swipe ,Entertainment,246,0
718136283,Blue,125,1,118,2023-07-02,Week-27,Q3,2023,22103,1515,1541,29,0.069,Online ,Entertainment,416.07,0
718137183,Blue,200,0,51,2023-07-02,Week-27,Q3,2023,3331,2251,5379,92,0.676,Chip ,Bills,1506.12,1
718140783,Platinum,125,1,80,2023-07-02,Week-27,Q3,2023,10585,1749,18484,108,0.165,Chip ,Travel,1478.72,1
718141983,Blue,245,1,92,2023-07-02,Week-27,Q3,2023,1883,1295,5187,89,0.688,Chip ,Fuel,414.96,1
718142958,Blue,335,1,120,2023-07-02,Week-27,Q3,2023,21839,960,5623,94,0.044,Swipe ,Fuel,955.91,1
718146258,Blue,430,0,105,2023-07-02,Week-27,Q3,2023,1959,0,3737,71,0,Chip ,Entertainment,224.22,1
718147233,Blue,365,0,96,2023-07-02,Week-27,Q3,2023,4553,1538,4999,95,0.338,Swipe ,Grocery,949.81,1
718148358,Blue,200,0,48,2023-07-02,Week-27,Q3,2023,1572,0,2447,41,0,Online ,Travel,636.22,0
718152333,Blue,330,1,160,2023-07-02,Week-27,Q3,2023,2246,0,3607,51,0,Swipe ,Entertainment,721.4,0
718153233,Blue,370,1,85,2023-07-02,Week-27,Q3,2023,23512,1562,3764,60,0.066,Swipe ,Food,978.64,0
718160358,Blue,465,1,110,2023-07-02,Week-27,Q3,2023,1438.3,0,2492,35,0,Chip ,Bills,722.68,0
718161708,Blue,355,1,118,2023-07-02,Week-27,Q3,2023,7562,1500,14908,100,0.198,Chip ,Travel,3130.68,0
718162908,Blue,420,0,48,2023-07-02,Week-27,Q3,2023,26101,614,1472,48,0.024,Swipe ,Fuel,147.2,0
718163808,Blue,150,1,68,2023-07-02,Week-27,Q3,2023,11309,0,4809,71,0,Chip ,Food,865.62,0
718164858,Blue,295,1,41,2023-07-02,Week-27,Q3,2023,2021,1281,4642,97,0.634,Chip ,Entertainment,510.62,0
718165758,Blue,465,0,88,2023-07-02,Week-27,Q3,2023,2413,1627,5466,85,0.674,Swipe ,Food,491.94,0
718170033,Silver,100,1,84,2023-07-02,Week-27,Q3,2023,8348,0,15905,111,0,Chip ,Travel,3976.25,0
718171308,Blue,250,1,80,2023-07-02,Week-27,Q3,2023,1984,0,2506,46,0,Chip ,Bills,501.2,0
718174908,Blue,475,1,111,2023-07-02,Week-27,Q3,2023,4224,2417,1458,29,0.572,Swipe ,Entertainment,277.02,0
718178583,Blue,150,1,113,2023-07-02,Week-27,Q3,2023,4710,1604,4663,78,0.341,Swipe ,Fuel,606.19,0
718181433,Blue,220,0,108,2023-07-02,Week-27,Q3,2023,8705,1453,2688,88,0.167,Swipe ,Entertainment,376.32,0
718183833,Blue,245,0,114,2023-07-02,Week-27,Q3,2023,1438.3,0,4322,68,0,Swipe ,Bills,1123.72,0
718184883,Blue,400,1,80,2023-07-02,Week-27,Q3,2023,1495,0,3878,63,0,Chip ,Grocery,426.58,0
718186233,Blue,375,1,90,2023-07-02,Week-27,Q3,2023,3234,971,3989,71,0.3,Online ,Fuel,1037.14,0
718187508,Blue,380,0,111,2023-07-02,Week-27,Q3,2023,2592,1364,4208,68,0.526,Swipe ,Bills,1136.16,0
718188858,Blue,340,0,101,2023-07-02,Week-27,Q3,2023,2537,1097,4964,84,0.432,Online ,Bills,1241,0
718189908,Gold,495,0,90,2023-07-02,Week-27,Q3,2023,23981,2135,7885,86,0.089,Swipe ,Fuel,1734.7,0
718191483,Blue,295,1,68,2023-07-02,Week-27,Q3,2023,5065,1362,3555,75,0.269,Chip ,Fuel,959.85,0
718192608,Blue,95,0,84,2023-07-02,Week-27,Q3,2023,15524,1148,13819,106,0.074,Swipe ,Grocery,2349.23,0
718193958,Blue,150,1,115,2023-07-02,Week-27,Q3,2023,2402,1728,1650,53,0.719,Swipe ,Bills,346.5,0
718194858,Blue,475,1,80,2023-07-02,Week-27,Q3,2023,1942,1488,4940,88,0.766,Swipe ,Entertainment,790.4,0
718197108,Blue,285,1,68,2023-07-02,Week-27,Q3,2023,12342,0,1430,37,0,Swipe ,Bills,171.6,0
718199133,Blue,245,1,57,2023-07-02,Week-27,Q3,2023,6543,2260,1519,31,0.345,Swipe ,Fuel,379.75,0
718200333,Blue,335,0,103,2023-07-02,Week-27,Q3,2023,2894,2117,7471,87,0.732,Swipe ,Fuel,3568.91,0
718201383,Blue,125,1,90,2023-07-02,Week-27,Q3,2023,22036,1560,2139,48,0.071,Swipe ,Bills,128.34,0
718202658,Blue,225,0,116,2023-07-02,Week-27,Q3,2023,9397,795,5265,98,0.085,Chip ,Bills,421.2,0
718205283,Blue,140,1,117,2023-07-02,Week-27,Q3,2023,1438.3,0,5035,76,0,Chip ,Grocery,1359.45,0
718206783,Silver,250,0,80,2023-07-02,Week-27,Q3,2023,15987,1648,1436,36,0.103,Swipe ,Fuel,387.72,0
718208358,Blue,300,0,156,2023-07-02,Week-27,Q3,2023,34516,830,3789,57,0.024,Swipe ,Entertainment,530.46,0
718211208,Blue,475,1,72,2023-07-02,Week-27,Q3,2023,3281,1682,4109,69,0.513,Chip ,Bills,1109.43,0
718212633,Blue,450,0,152,2023-07-02,Week-27,Q3,2023,2948,2232,3635,79,0.757,Chip ,Bills,399.85,0
718215033,Blue,365,0,95,2023-07-02,Week-27,Q3,2023,2556,2260,1401,30,0.884,Swipe ,Fuel,196.14,0
718216008,Blue,100,1,112,2023-07-02,Week-27,Q3,2023,16920,2157,3275,60,0.127,Swipe ,Entertainment,393,0
718220358,Blue,405,1,67,2023-07-02,Week-27,Q3,2023,28618,0,1712,41,0,Chip ,Grocery,496.48,0
718225683,Silver,415,0,119,2023-07-02,Week-27,Q3,2023,34516,1091,15274,108,0.032,Swipe ,Travel,3360.28,0
718227033,Blue,175,0,72,2023-07-02,Week-27,Q3,2023,5951,1702,2565,53,0.286,Swipe ,Entertainment,359.1,0
718229133,Blue,95,1,95,2023-07-02,Week-27,Q3,2023,23742,0,3783,57,0,Swipe ,Bills,1059.24,0
718230933,Blue,395,1,159,2023-07-02,Week-27,Q3,2023,1438.3,1060,1253,29,0.737,Swipe ,Fuel,325.78,0
718242333,Blue,150,1,119,2023-07-02,Week-27,Q3,2023,10216,1822,2568,69,0.178,Swipe ,Entertainment,333.84,0
718243533,Blue,405,1,61,2023-07-02,Week-27,Q3,2023,2648,0,3880,74,0,Chip ,Food,620.8,0
718244958,Blue,150,1,117,2023-07-02,Week-27,Q3,2023,8621,1251,1989,37,0.145,Swipe ,Travel,576.81,0
718246458,Blue,385,0,83,2023-07-02,Week-27,Q3,2023,24262,1984,8241,105,0.082,Swipe ,Food,2389.89,0
718250883,Blue,150,1,95,2023-07-02,Week-27,Q3,2023,3875,1397,2312,49,0.361,Chip ,Fuel,254.32,0
718252533,Blue,245,1,87,2023-07-02,Week-27,Q3,2023,4203,996,7292,68,0.237,Swipe ,Food,1677.16,0
718256658,Blue,150,1,76,2023-07-02,Week-27,Q3,2023,2728,0,4554,75,0,Chip ,Entertainment,956.34,0
718259433,Blue,175,1,102,2023-07-02,Week-27,Q3,2023,8383,0,5460,63,0,Swipe ,Bills,1037.4,0
718263108,Blue,455,0,105,2023-07-02,Week-27,Q3,2023,1693,1457,2829,42,0.861,Swipe ,Bills,763.83,0
718264233,Blue,385,1,61,2023-07-02,Week-27,Q3,2023,1458,671,2449,56,0.46,Swipe ,Entertainment,489.8,0
718265658,Blue,470,1,49,2023-07-02,Week-27,Q3,2023,2092,1499,4130,80,0.717,Chip ,Fuel,578.2,0
718267233,Silver,280,1,92,2023-07-02,Week-27,Q3,2023,34516,1915,3828,65,0.055,Chip ,Bills,1033.56,0
718270833,Silver,300,0,118,2023-07-02,Week-27,Q3,2023,13991,1580,4100,74,0.113,Swipe ,Entertainment,1148,0
718271958,Blue,150,0,62,2023-07-02,Week-27,Q3,2023,6401,1471,4465,63,0.23,Chip ,Fuel,625.1,0
718274283,Blue,430,1,91,2023-07-02,Week-27,Q3,2023,2780,0,2469,67,0,Swipe ,Travel,395.04,0
718276758,Blue,290,0,109,2023-07-02,Week-27,Q3,2023,4705,890,8226,97,0.189,Swipe ,Food,2303.28,0
718279008,Silver,425,1,91,2023-07-02,Week-27,Q3,2023,25276,0,2282,38,0,Swipe ,Entertainment,433.58,0
718279983,Blue,140,0,76,2023-07-02,Week-27,Q3,2023,5039,2489,4770,74,0.494,Swipe ,Bills,1383.3,0
718281408,Blue,195,1,116,2023-07-02,Week-27,Q3,2023,4789,1257,1534,29,0.262,Swipe ,Bills,414.18,0
718282983,Blue,285,0,63,2023-07-02,Week-27,Q3,2023,3076,2257,4522,75,0.734,Chip ,Entertainment,1085.28,0
718284408,Blue,280,0,87,2023-07-02,Week-27,Q3,2023,2415,1452,3970,68,0.601,Chip ,Fuel,555.8,0
718285308,Blue,360,1,106,2023-07-02,Week-27,Q3,2023,1438.3,0,3576,55,0,Chip ,Fuel,286.08,0
718286658,Silver,375,0,97,2023-07-02,Week-27,Q3,2023,25293,1140,4059,80,0.045,Chip ,Grocery,852.39,0
718288833,Gold,200,0,151,2023-07-02,Week-27,Q3,2023,5590,875,14643,127,0.157,Swipe ,Grocery,1464.3,0
718291233,Blue,200,1,76,2023-07-02,Week-27,Q3,2023,16227,917,4314,67,0.057,Swipe ,Grocery,388.26,0
718292283,Blue,390,0,114,2023-07-02,Week-27,Q3,2023,3416,1970,8254,75,0.577,Swipe ,Bills,742.86,0
718296558,Blue,455,1,97,2023-07-02,Week-27,Q3,2023,1691,1327,2345,33,0.785,Chip ,Entertainment,680.05,0
718297683,Blue,400,1,82,2023-07-02,Week-27,Q3,2023,4085,0,7597,71,0,Chip ,Grocery,759.7,0
718298733,Blue,150,1,87,2023-07-02,Week-27,Q3,2023,12978,0,14134,85,0,Chip ,Travel,1696.08,0
718299933,Gold,320,1,109,2023-07-02,Week-27,Q3,2023,4333,739,15903,100,0.171,Online ,Travel,1749.33,0
718301508,Blue,245,1,85,2023-07-02,Week-27,Q3,2023,9428,1765,1457,43,0.187,Swipe ,Entertainment,189.41,0
718303683,Blue,485,1,110,2023-07-02,Week-27,Q3,2023,1666,813,2622,60,0.488,Swipe ,Entertainment,340.86,0
718304583,Gold,385,1,69,2023-07-02,Week-27,Q3,2023,34516,1085,4805,54,0.031,Swipe ,Bills,1393.45,0
718306308,Blue,405,0,105,2023-07-02,Week-27,Q3,2023,27984,1793,8147,81,0.064,Swipe ,Entertainment,2281.16,0
718307433,Blue,400,1,80,2023-07-02,Week-27,Q3,2023,7238,2111,2025,36,0.292,Swipe ,Fuel,621.5,0
718308558,Blue,250,1,89,2023-07-02,Week-27,Q3,2023,1838,1155,7688,93,0.628,Swipe ,Bills,1383.84,0
718310733,Blue,250,0,48,2023-07-02,Week-27,Q3,2023,20614,0,1922,48,0,Swipe ,Entertainment,480.5,0
718311933,Blue,150,0,69,2023-07-02,Week-27,Q3,2023,3719,2517,2587,43,0.677,Chip ,Fuel,355.22,0
718316058,Blue,150,0,98,2023-07-02,Week-27,Q3,2023,13731,1375,14826,99,0.1,Chip ,Entertainment,2816.94,0
718317258,Blue,245,1,86,2023-07-02,Week-27,Q3,2023,7477,1960,3618,76,0.262,Swipe ,Grocery,325.62,0
718318383,Blue,370,0,97,2023-07-02,Week-27,Q3,2023,2645,1499,4251,69,0.567,Swipe ,Bills,850.2,0
718320933,Blue,95,0,117,2023-07-02,Week-27,Q3,2023,11919,2347,8257,96,0.197,Swipe ,Bills,908.27,0
718324983,Blue,280,1,91,2023-07-02,Week-27,Q3,2023,1634,1155,4522,83,0.707,Swipe ,Food,994.84,0
718325883,Blue,495,1,83,2023-07-02,Week-27,Q3,2023,7723,1902,1241,22,0.246,Swipe ,Fuel,148.92,0
718328283,Blue,125,1,86,2023-07-02,Week-27,Q3,2023,3961,1531,12631,100,0.387,Swipe ,Travel,2147.27,0
718329183,Blue,455,1,80,2023-07-02,Week-27,Q3,2023,4262,2517,3943,75,0.591,Swipe ,Fuel,315.44,0
718333983,Blue,460,0,71,2023-07-02,Week-27,Q3,2023,13694,2219,9040,63,0.162,Swipe ,Fuel,1446.4,0
718337733,Gold,320,0,86,2023-07-02,Week-27,Q3,2023,34516,1826,14994,121,0.053,Chip ,Grocery,2399.04,0
718338708,Blue,250,0,85,2023-07-02,Week-27,Q3,2023,5481,0,3380,73,0,Chip ,Entertainment,845,0
718342158,Blue,395,0,119,2023-07-02,Week-27,Q3,2023,4391,1933,1849,36,0.44,Chip ,Bills,166.41,0
718343058,Blue,280,0,83,2023-07-02,Week-27,Q3,2023,5240,2517,14161,105,0.48,Chip ,Grocery,2548.98,0
718344033,Blue,150,1,96,2023-07-02,Week-27,Q3,2023,3636,1010,1564,59,0.278,Swipe ,Bills,172.04,0
718345233,Blue,425,1,148,2023-07-02,Week-27,Q3,2023,3240,2517,1904,41,0.777,Swipe ,Fuel,323.68,0
718346658,Blue,320,0,115,2023-07-02,Week-27,Q3,2023,1963,1357,1861,51,0.691,Swipe ,Fuel,428.03,0
718349058,Blue,325,0,46,2023-07-02,Week-27,Q3,2023,29659,1143,1193,21,0.039,Swipe ,Bills,743.16,0
718350033,Blue,485,0,76,2023-07-09,Week-28,Q3,2023,3069,1881,2909,58,0.613,Online ,Food,669.07,0
718352358,Blue,200,0,82,2023-07-09,Week-28,Q3,2023,1914,0,2687,41,0,Chip ,Grocery,752.36,0
718353633,Gold,465,1,107,2023-07-09,Week-28,Q3,2023,34516,0,5547,75,0,Swipe ,Bills,721.11,0
718354683,Silver,200,1,70,2023-07-09,Week-28,Q3,2023,21358,1225,3646,77,0.057,Swipe ,Grocery,510.44,0
718357458,Gold,455,1,42,2023-07-09,Week-28,Q3,2023,3862,0,15282,125,0,Swipe ,Food,3973.32,0
718358808,Blue,245,1,131,2023-07-09,Week-28,Q3,2023,3276,0,3758,61,0,Swipe ,Entertainment,638.86,0
718360083,Blue,125,1,85,2023-07-09,Week-28,Q3,2023,25790,1798,2443,70,0.07,Swipe ,Entertainment,561.89,0
718361583,Blue,195,0,92,2023-07-09,Week-28,Q3,2023,8242,0,1559,44,0,Swipe ,Fuel,93.54,0
718362783,Blue,295,1,71,2023-07-09,Week-28,Q3,2023,12643,0,787,21,0,Swipe ,Entertainment,78.7,0
718364283,Blue,175,1,111,2023-07-09,Week-28,Q3,2023,19711,0,3602,72,0,Swipe ,Grocery,252.14,0
718366983,Blue,220,1,87,2023-07-09,Week-28,Q3,2023,18584,2446,3504,64,0.132,Swipe ,Entertainment,876,0
718368333,Blue,320,1,140,2023-07-09,Week-28,Q3,2023,5713,789,3323,61,0.138,Swipe ,Grocery,631.37,0
718370733,Blue,100,0,144,2023-07-09,Week-28,Q3,2023,6074,0,4504,90,0,Swipe ,Food,315.28,0
718372458,Silver,125,1,155,2023-07-09,Week-28,Q3,2023,3735,1723,14501,92,0.461,Online ,Travel,1885.13,0
718373658,Blue,325,1,79,2023-07-09,Week-28,Q3,2023,5841,2463,3817,81,0.422,Swipe ,Entertainment,1068.76,0
718376583,Silver,430,1,117,2023-07-09,Week-28,Q3,2023,34516,751,5806,40,0.022,Chip ,Travel,348.36,0
718379358,Silver,480,1,97,2023-07-09,Week-28,Q3,2023,34516,2017,8453,90,0.058,Swipe ,Fuel,3859.66,0
718383183,Blue,395,0,101,2023-07-09,Week-28,Q3,2023,3803,2437,14397,117,0.641,Swipe ,Entertainment,2015.58,0
718384233,Silver,325,0,149,2023-07-09,Week-28,Q3,2023,17835,868,4258,58,0.049,Chip ,Grocery,553.54,0
718388733,Blue,425,0,106,2023-07-09,Week-28,Q3,2023,2609,1259,8677,96,0.483,Swipe ,Grocery,2256.02,0
718394658,Blue,475,0,148,2023-07-09,Week-28,Q3,2023,4254,2464,2366,62,0.579,Online ,Entertainment,520.52,0
718396533,Blue,150,1,79,2023-07-09,Week-28,Q3,2023,8185,1556,4527,83,0.19,Swipe ,Entertainment,1312.83,0
718397658,Blue,275,1,164,2023-07-09,Week-28,Q3,2023,4115,1231,3627,61,0.299,Swipe ,Bills,580.32,0
718399233,Blue,250,1,79,2023-07-09,Week-28,Q3,2023,1531,0,4152,77,0,Chip ,Bills,332.16,0
718403358,Blue,325,0,40,2023-07-09,Week-28,Q3,2023,7231,2517,3912,67,0.348,Chip ,Entertainment,782.4,0
718404783,Blue,420,0,87,2023-07-09,Week-28,Q3,2023,6996,0,2384,33,0,Chip ,Bills,500.64,0
718410258,Blue,495,0,119,2023-07-09,Week-28,Q3,2023,13441,0,4207,80,0,Chip ,Food,673.12,0
718414008,Blue,355,0,93,2023-07-09,Week-28,Q3,2023,34516,1023,1064,13,0.03,Swipe ,Bills,191.52,0
718415133,Blue,490,1,90,2023-07-09,Week-28,Q3,2023,11352,0,1601,34,0,Swipe ,Fuel,272.17,0
718416858,Blue,365,1,81,2023-07-09,Week-28,Q3,2023,10607,2517,1903,40,0.237,Swipe ,Bills,247.39,0
718418958,Blue,355,1,41,2023-07-09,Week-28,Q3,2023,5061,0,1309,38,0,Swipe ,Bills,379.61,0
718420308,Blue,380,1,91,2023-07-09,Week-28,Q3,2023,3397,1658,4208,75,0.488,Chip ,Fuel,1178.24,0
718421808,Blue,95,0,134,2023-07-09,Week-28,Q3,2023,3068,1765,4611,73,0.575,Online ,Bills,829.98,0
718423533,Blue,455,1,54,2023-07-09,Week-28,Q3,2023,16791,1181,2983,74,0.07,Swipe ,Fuel,387.79,0
718425333,Blue,100,0,90,2023-07-09,Week-28,Q3,2023,26819,1657,14450,111,0.062,Swipe ,Fuel,2312,0
718426533,Blue,200,1,97,2023-07-09,Week-28,Q3,2023,5504,0,1364,32,0,Swipe ,Bills,341,0
718428033,Blue,435,0,98,2023-07-09,Week-28,Q3,2023,4430,1543,3395,70,0.348,Swipe ,Entertainment,848.75,0
718431258,Blue,370,1,171,2023-07-09,Week-28,Q3,2023,3126,1503,3662,74,0.481,Chip ,Bills,256.34,0
718433508,Blue,375,0,84,2023-07-09,Week-28,Q3,2023,2481,2119,8097,88,0.854,Swipe ,Entertainment,1214.55,0
718435158,Blue,285,0,94,2023-07-09,Week-28,Q3,2023,34516,0,1930,36,0,Swipe ,Bills,559.7,0
718436133,Blue,365,0,105,2023-07-09,Week-28,Q3,2023,2368,1244,4289,71,0.525,Swipe ,Grocery,814.91,0
718437033,Blue,445,1,92,2023-07-09,Week-28,Q3,2023,1438.3,681,2527,38,0.473,Swipe ,Grocery,252.7,0
718441308,Blue,100,1,93,2023-07-09,Week-28,Q3,2023,8228,1935,4933,68,0.235,Swipe ,Entertainment,542.63,0
718444233,Blue,100,1,111,2023-07-09,Week-28,Q3,2023,9791,1311,1649,59,0.134,Swipe ,Entertainment,379.27,0
718445883,Blue,245,0,55,2023-07-09,Week-28,Q3,2023,6859,2489,1617,26,0.363,Swipe ,Bills,274.89,0
718451133,Blue,300,0,76,2023-07-09,Week-28,Q3,2023,14951,1413,3899,68,0.095,Chip ,Fuel,545.86,0
718452633,Blue,370,0,141,2023-07-09,Week-28,Q3,2023,1931,0,2569,46,0,Online ,Bills,745.01,0
718455633,Gold,460,1,96,2023-07-09,Week-28,Q3,2023,7469,2517,16328,124,0.337,Chip ,Travel,3592.16,0
718457058,Blue,125,0,141,2023-07-09,Week-28,Q3,2023,3442,2517,7801,74,0.731,Swipe ,Fuel,2106.27,0
718458858,Silver,390,0,96,2023-07-09,Week-28,Q3,2023,34516,0,3526,53,0,Swipe ,Grocery,458.38,0
718460958,Blue,325,0,107,2023-07-09,Week-28,Q3,2023,3283,1856,4498,64,0.565,Chip ,Grocery,1079.52,0
718464258,Blue,125,1,90,2023-07-09,Week-28,Q3,2023,9512,1082,1007,22,0.114,Swipe ,Bills,211.47,0
718465458,Blue,410,1,70,2023-07-09,Week-28,Q3,2023,5898,1348,1002,21,0.229,Swipe ,Fuel,70.14,0
718466883,Blue,140,1,102,2023-07-09,Week-28,Q3,2023,2689,1618,4237,79,0.602,Swipe ,Bills,762.66,0
718468158,Blue,280,0,99,2023-07-09,Week-28,Q3,2023,9303,1599,2261,37,0.172,Swipe ,Fuel,271.32,0
718469658,Blue,100,0,70,2023-07-09,Week-28,Q3,2023,7927,996,4094,85,0.126,Chip ,Entertainment,286.58,0
718471758,Silver,200,0,54,2023-07-09,Week-28,Q3,2023,30976,2051,3193,69,0.066,Chip ,Food,894.04,0
718473558,Blue,150,0,47,2023-07-09,Week-28,Q3,2023,8668,0,1402,38,0,Chip ,Bills,168.24,0
718474683,Blue,440,1,107,2023-07-09,Week-28,Q3,2023,10097,2139,3092,67,0.212,Swipe ,Entertainment,247.36,0
718476033,Blue,330,1,116,2023-07-09,Week-28,Q3,2023,20130,2355,2444,49,0.117,Swipe ,Food,488.8,0
718477983,Blue,245,0,92,2023-07-09,Week-28,Q3,2023,1438.3,1108,4776,90,0.77,Swipe ,Grocery,1289.52,0
718478883,Blue,270,1,85,2023-07-09,Week-28,Q3,2023,3123,0,4424,81,0,Swipe ,Entertainment,619.36,0
718481283,Blue,245,1,110,2023-07-09,Week-28,Q3,2023,1822,1114,5210,73,0.611,Online ,Fuel,729.4,0
718484283,Blue,430,0,114,2023-07-09,Week-28,Q3,2023,3478,2517,1409,49,0.724,Swipe ,Fuel,98.63,0
718486608,Blue,285,0,103,2023-07-09,Week-28,Q3,2023,21079,1431,13930,96,0.068,Online ,Bills,2507.4,0
718487958,Blue,285,1,116,2023-07-09,Week-28,Q3,2023,2799,1303,3971,76,0.466,Chip ,Fuel,794.2,0
718488783,Blue,175,1,109,2023-07-09,Week-28,Q3,2023,4802,1701,4821,66,0.354,Swipe ,Bills,819.57,0
718489608,Blue,330,0,71,2023-07-09,Week-28,Q3,2023,2433,1948,4668,69,0.801,Chip ,Bills,560.16,0
718490658,Blue,370,1,91,2023-07-09,Week-28,Q3,2023,5012,2242,1142,28,0.447,Swipe ,Bills,68.52,0
718491708,Blue,195,0,96,2023-07-09,Week-28,Q3,2023,16592,1435,7642,89,0.086,Swipe ,Food,764.2,1
718492908,Blue,100,1,73,2023-07-09,Week-28,Q3,2023,3297,1554,4636,86,0.471,Swipe ,Grocery,1019.92,1
718496283,Silver,350,1,93,2023-07-09,Week-28,Q3,2023,30770,2228,15998,121,0.072,Chip ,Travel,3039.62,1
718497033,Blue,335,0,87,2023-07-09,Week-28,Q3,2023,31733,0,3723,53,0,Chip ,Grocery,409.53,1
718500633,Blue,460,0,47,2023-07-09,Week-28,Q3,2023,7924,1896,3270,58,0.239,Swipe ,Grocery,392.4,1
718501983,Blue,175,1,83,2023-07-09,Week-28,Q3,2023,5950,1117,4682,89,0.188,Chip ,Entertainment,749.12,0
718503108,Blue,125,1,82,2023-07-09,Week-28,Q3,2023,14046,1994,3792,77,0.142,Swipe ,Grocery,606.72,0
718504233,Blue,375,0,85,2023-07-09,Week-28,Q3,2023,2082,1794,3423,48,0.862,Swipe ,Bills,787.29,0
718504983,Blue,175,0,96,2023-07-09,Week-28,Q3,2023,6091,0,3340,60,0,Swipe ,Fuel,300.6,0
718505958,Silver,450,1,107,2023-07-09,Week-28,Q3,2023,34516,1699,1628,38,0.049,Swipe ,Bills,276.76,0
718508883,Blue,150,0,87,2023-07-09,Week-28,Q3,2023,2325,238,2306,47,0.102,Chip ,Bills,622.62,0
718509858,Blue,425,0,98,2023-07-09,Week-28,Q3,2023,4786,0,4347,69,0,Chip ,Fuel,434.7,0
718510983,Blue,285,0,131,2023-07-09,Week-28,Q3,2023,4440,0,3720,89,0,Swipe ,Bills,781.2,0
718513233,Blue,375,0,76,2023-07-09,Week-28,Q3,2023,17999,1861,4740,78,0.103,Swipe ,Bills,1279.8,0
718514283,Blue,475,1,90,2023-07-09,Week-28,Q3,2023,1438.3,794,3895,67,0.552,Chip ,Food,350.55,0
718515483,Blue,300,1,78,2023-07-09,Week-28,Q3,2023,3570,2517,3289,47,0.705,Chip ,Entertainment,328.9,0
718516533,Blue,300,1,107,2023-07-09,Week-28,Q3,2023,2586,2196,3944,78,0.849,Chip ,Food,473.28,0
718518858,Blue,290,1,75,2023-07-09,Week-28,Q3,2023,1844,1388,5056,81,0.753,Online ,Entertainment,1264,0
718521258,Blue,390,0,58,2023-07-09,Week-28,Q3,2023,18178,0,3445,76,0,Chip ,Grocery,826.8,0
718522308,Blue,445,1,81,2023-07-09,Week-28,Q3,2023,14345,960,4045,72,0.067,Chip ,Grocery,687.65,0
718524783,Blue,125,0,86,2023-07-09,Week-28,Q3,2023,29715,0,2128,39,0,Chip ,Bills,212.8,0
718528008,Blue,175,1,94,2023-07-09,Week-28,Q3,2023,3845,1460,14432,106,0.38,Chip ,Fuel,3608,0
718528833,Blue,355,0,114,2023-07-09,Week-28,Q3,2023,30172,1825,8879,101,0.06,Swipe ,Grocery,887.9,0
718530258,Blue,280,1,107,2023-07-09,Week-28,Q3,2023,1986,1411,7249,86,0.71,Swipe ,Fuel,1377.31,0
718531983,Gold,290,0,103,2023-07-09,Week-28,Q3,2023,9959,2068,13810,124,0.208,Chip ,Travel,2762,0
718535733,Blue,355,0,74,2023-07-09,Week-28,Q3,2023,3758,2047,4928,79,0.545,Swipe ,Grocery,640.64,0
718538958,Blue,445,1,104,2023-07-09,Week-28,Q3,2023,1844,0,4564,82,0,Chip ,Grocery,867.16,0
718540308,Blue,200,1,91,2023-07-09,Week-28,Q3,2023,22143,730,4263,62,0.033,Chip ,Fuel,298.41,0
718542858,Blue,175,1,90,2023-07-09,Week-28,Q3,2023,10588,994,4623,84,0.094,Swipe ,Grocery,693.45,0
718545033,Blue,395,1,71,2023-07-09,Week-28,Q3,2023,2042,1567,5146,78,0.767,Chip ,Fuel,360.22,0
718547358,Blue,455,0,66,2023-07-09,Week-28,Q3,2023,2676,1740,3863,69,0.65,Chip ,Bills,309.04,0
718548558,Blue,445,0,137,2023-07-09,Week-28,Q3,2023,2915,2041,4272,70,0.7,Swipe ,Fuel,1110.72,0
718555308,Blue,300,1,120,2023-07-09,Week-28,Q3,2023,3808,713,4845,88,0.187,Swipe ,Bills,1017.45,0
718558758,Blue,125,1,84,2023-07-09,Week-28,Q3,2023,3711,1413,3922,51,0.381,Swipe ,Grocery,1137.38,0
718561458,Blue,150,1,90,2023-07-09,Week-28,Q3,2023,20050,1225,1306,26,0.061,Online ,Entertainment,156.72,0
718563483,Blue,200,1,74,2023-07-09,Week-28,Q3,2023,1548,0,2611,64,0,Swipe ,Grocery,731.08,0
718565733,Blue,380,0,81,2023-07-09,Week-28,Q3,2023,3653,1769,4423,67,0.484,Chip ,Grocery,1194.21,0
718566858,Blue,485,1,103,2023-07-09,Week-28,Q3,2023,1438.3,0,5005,79,0,Swipe ,Fuel,650.65,0
718567758,Blue,330,0,74,2023-07-09,Week-28,Q3,2023,10682,1334,7332,92,0.125,Swipe ,Bills,1759.68,0
718569258,Blue,190,0,93,2023-07-09,Week-28,Q3,2023,2029,974,4170,73,0.48,Chip ,Entertainment,917.4,0
718570158,Blue,375,0,149,2023-07-09,Week-28,Q3,2023,2901,2517,4731,83,0.868,Swipe ,Fuel,1088.13,0
718572408,Blue,430,1,111,2023-07-09,Week-28,Q3,2023,2658,694,4774,92,0.261,Swipe ,Entertainment,668.36,0
718574808,Blue,150,0,110,2023-07-09,Week-28,Q3,2023,2431,1846,4327,74,0.759,Chip ,Entertainment,1168.29,0
718576908,Blue,395,1,79,2023-07-09,Week-28,Q3,2023,29939,0,4305,63,0,Chip ,Fuel,688.8,0
718577958,Blue,300,1,53,2023-07-09,Week-28,Q3,2023,8906,0,809,15,0,Swipe ,Bills,202.25,0
718578708,Silver,335,1,129,2023-07-09,Week-28,Q3,2023,34516,1562,14212,100,0.045,Chip ,Bills,1279.08,0
718579833,Blue,300,1,138,2023-07-09,Week-28,Q3,2023,5325,2488,13674,101,0.467,Chip ,Food,2871.54,0
718582158,Blue,200,1,101,2023-07-09,Week-28,Q3,2023,10642,1715,4183,74,0.161,Chip ,Grocery,585.62,0
718583133,Blue,150,1,102,2023-07-09,Week-28,Q3,2023,4389,981,3598,75,0.224,Swipe ,Entertainment,251.86,0
718586133,Blue,110,1,76,2023-07-09,Week-28,Q3,2023,2639,0,4892,85,0,Chip ,Travel,342.44,0
718587858,Blue,400,1,110,2023-07-09,Week-28,Q3,2023,11906,2032,1642,39,0.171,Swipe ,Grocery,279.14,0
718589133,Blue,125,1,64,2023-07-09,Week-28,Q3,2023,4613,1619,2328,62,0.351,Swipe ,Bills,558.72,0
718590183,Blue,140,1,57,2023-07-09,Week-28,Q3,2023,1517,920,5067,69,0.606,Swipe ,Entertainment,1418.76,0
718594608,Blue,430,1,103,2023-07-09,Week-28,Q3,2023,20156,1759,1362,28,0.087,Swipe ,Bills,286.02,0
718595583,Blue,480,1,85,2023-07-09,Week-28,Q3,2023,25878,1733,1777,54,0.067,Swipe ,Bills,355.4,0
718596858,Blue,425,1,83,2023-07-09,Week-28,Q3,2023,3369,2424,5220,78,0.72,Chip ,Fuel,991.8,0
718599108,Blue,430,1,96,2023-07-09,Week-28,Q3,2023,3230,1172,4419,64,0.363,Swipe ,Entertainment,530.28,0
718602708,Blue,150,1,77,2023-07-09,Week-28,Q3,2023,16351,1541,3475,82,0.094,Chip ,Bills,973,0
718607883,Blue,100,0,115,2023-07-09,Week-28,Q3,2023,17890,2517,4831,81,0.141,Swipe ,Grocery,531.41,0
718611333,Blue,295,1,134,2023-07-09,Week-28,Q3,2023,6400,1979,4475,91,0.309,Swipe ,Bills,716,0
718612758,Gold,95,1,160,2023-07-09,Week-28,Q3,2023,34516,939,15552,107,0.027,Chip ,Entertainment,4199.04,0
718614183,Silver,100,1,103,2023-07-09,Week-28,Q3,2023,13651,0,9772,71,0,Chip ,Bills,2736.16,0
718618458,Blue,125,1,61,2023-07-09,Week-28,Q3,2023,9859,1305,4345,72,0.132,Swipe ,Fuel,955.9,0
718619883,Blue,285,0,145,2023-07-09,Week-28,Q3,2023,1494,706,1305,24,0.473,Swipe ,Bills,156.6,0
718621608,Blue,125,0,116,2023-07-09,Week-28,Q3,2023,6094,0,909,14,0,Swipe ,Bills,99.99,0
718622658,Blue,100,0,106,2023-07-09,Week-28,Q3,2023,15913,1696,4472,86,0.107,Online ,Food,313.04,0
718623783,Blue,325,1,110,2023-07-09,Week-28,Q3,2023,27157,1547,1535,38,0.057,Swipe ,Entertainment,353.05,0
718626033,Blue,455,0,77,2023-07-09,Week-28,Q3,2023,10061,0,2802,52,0,Chip ,Entertainment,644.46,0
718627458,Blue,300,1,101,2023-07-09,Week-28,Q3,2023,1947,0,2119,52,0,Swipe ,Bills,572.13,0
718629858,Blue,125,1,81,2023-07-09,Week-28,Q3,2023,4708,0,4597,89,0,Swipe ,Bills,781.49,0
718632933,Blue,125,1,119,2023-07-09,Week-28,Q3,2023,1552,0,4731,71,0,Swipe ,Entertainment,283.86,0
718634058,Blue,195,1,101,2023-07-09,Week-28,Q3,2023,7660,764,14844,100,0.1,Online ,Food,1039.08,0
718637208,Blue,175,1,74,2023-07-09,Week-28,Q3,2023,2019,1387,1689,36,0.687,Swipe ,Fuel,456.03,0
718640508,Blue,245,0,98,2023-07-09,Week-28,Q3,2023,3044,1611,1456,36,0.529,Swipe ,Grocery,203.84,0
718641483,Blue,425,0,159,2023-07-09,Week-28,Q3,2023,2404,1109,4519,72,0.461,Swipe ,Fuel,813.42,0
718642458,Blue,480,1,74,2023-07-09,Week-28,Q3,2023,2126,1321,2992,72,0.621,Chip ,Entertainment,508.64,0
718645308,Blue,200,0,103,2023-07-09,Week-28,Q3,2023,2311,1222,4730,89,0.529,Swipe ,Grocery,946,0
718650258,Blue,335,1,89,2023-07-09,Week-28,Q3,2023,6146,2210,12956,97,0.36,Swipe ,Grocery,2461.64,0
718651083,Blue,175,1,87,2023-07-09,Week-28,Q3,2023,10329,514,2461,68,0.05,Swipe ,Travel,295.32,0
718653333,Blue,445,1,90,2023-07-09,Week-28,Q3,2023,1833,0,2037,31,0,Swipe ,Food,570.36,0
718654533,Silver,390,1,87,2023-07-09,Week-28,Q3,2023,12956,0,2492,56,0,Swipe ,Bills,672.84,0
718655808,Silver,325,1,101,2023-07-09,Week-28,Q3,2023,12944,1200,16161,105,0.093,Chip ,Bills,4363.47,0
718657083,Blue,290,0,163,2023-07-09,Week-28,Q3,2023,4696,0,4828,62,0,Swipe ,Fuel,386.24,0
718661958,Blue,175,0,92,2023-07-09,Week-28,Q3,2023,34516,1617,13083,93,0.047,Swipe ,Fuel,784.98,0
718663983,Blue,500,1,75,2023-07-09,Week-28,Q3,2023,3466,2517,13140,94,0.726,Swipe ,Food,788.4,0
718665033,Silver,100,1,66,2023-07-09,Week-28,Q3,2023,34140,0,8177,76,0,Chip ,Travel,1471.86,0
718665933,Blue,380,1,82,2023-07-09,Week-28,Q3,2023,34516,2517,7437,86,0.073,Swipe ,Food,818.07,0
718670808,Blue,190,1,117,2023-07-09,Week-28,Q3,2023,1438.3,0,4817,81,0,Chip ,Fuel,433.53,0
718672233,Blue,395,1,80,2023-07-09,Week-28,Q3,2023,23007,1239,3395,63,0.054,Swipe ,Bills,814.8,0
718673358,Blue,300,1,90,2023-07-09,Week-28,Q3,2023,13590,1528,2137,52,0.112,Chip ,Bills,427.4,0
718675158,Blue,395,0,109,2023-07-09,Week-28,Q3,2023,1438.3,361,850,22,0.251,Swipe ,Bills,144.5,0
718676283,Blue,125,0,84,2023-07-09,Week-28,Q3,2023,8771,1662,3779,72,0.189,Swipe ,Bills,377.9,0
718677858,Blue,250,0,103,2023-07-09,Week-28,Q3,2023,2283,1053,4571,72,0.461,Swipe ,Grocery,914.2,0
718682883,Blue,175,0,82,2023-07-09,Week-28,Q3,2023,19110,2449,4478,76,0.128,Swipe ,Fuel,313.46,0
718685358,Blue,300,0,73,2023-07-09,Week-28,Q3,2023,1438.3,0,4488,84,0,Chip ,Grocery,448.8,0
718686558,Blue,150,1,97,2023-07-09,Week-28,Q3,2023,34516,1156,3974,65,0.033,Swipe ,Fuel,1072.98,0
718689258,Blue,220,1,69,2023-07-09,Week-28,Q3,2023,1693,1101,4203,87,0.65,Swipe ,Bills,1092.78,0
718692258,Blue,110,1,44,2023-07-09,Week-28,Q3,2023,3755,1591,14402,110,0.424,Swipe ,Entertainment,864.12,0
718693683,Blue,380,1,107,2023-07-09,Week-28,Q3,2023,2418,2205,3918,74,0.912,Chip ,Grocery,470.16,0
718694658,Blue,405,1,163,2023-07-09,Week-28,Q3,2023,28687,1607,7523,90,0.056,Swipe ,Food,752.3,0
718696458,Blue,350,1,102,2023-07-09,Week-28,Q3,2023,2012,1230,3822,68,0.611,Chip ,Fuel,1108.38,0
718697583,Blue,475,1,111,2023-07-09,Week-28,Q3,2023,19629,0,4073,79,0,Online ,Bills,488.76,0
718698558,Blue,425,0,107,2023-07-09,Week-28,Q3,2023,5390,1324,7739,106,0.246,Swipe ,Entertainment,928.68,0
718699683,Silver,125,0,74,2023-07-09,Week-28,Q3,2023,34516,0,1733,54,0,Swipe ,Food,311.94,0
718702908,Blue,245,0,122,2023-07-09,Week-28,Q3,2023,1543,1041,4312,84,0.675,Swipe ,Bills,517.44,0
718707933,Blue,175,1,128,2023-07-09,Week-28,Q3,2023,2189,382,2750,51,0.175,Swipe ,Food,165,0
718708908,Blue,395,0,118,2023-07-09,Week-28,Q3,2023,5967,2350,1426,29,0.394,Swipe ,Grocery,413.54,0
718711158,Blue,485,0,78,2023-07-09,Week-28,Q3,2023,3841,2517,2680,51,0.655,Chip ,Bills,294.8,0
718712583,Blue,220,0,94,2023-07-09,Week-28,Q3,2023,34496,1665,8092,80,0.048,Swipe ,Bills,809.2,0
718715583,Blue,345,0,74,2023-07-09,Week-28,Q3,2023,2318,1010,1256,35,0.436,Swipe ,Bills,314,0
718726833,Blue,450,1,100,2023-07-09,Week-28,Q3,2023,3327,0,1665,36,0,Swipe ,Entertainment,316.35,0
718728108,Silver,275,1,103,2023-07-09,Week-28,Q3,2023,29856,1576,14887,119,0.053,Swipe ,Bills,3721.75,0
718730283,Blue,415,0,103,2023-07-09,Week-28,Q3,2023,1686,1206,4891,68,0.715,Swipe ,Fuel,1418.39,0
718731183,Blue,125,1,82,2023-07-09,Week-28,Q3,2023,5472,788,705,14,0.144,Online ,Bills,176.25,0
718732833,Blue,125,1,66,2023-07-09,Week-28,Q3,2023,2783,1763,3967,42,0.633,Online ,Bills,515.71,0
718734408,Blue,295,1,91,2023-07-09,Week-28,Q3,2023,2428,932,4823,62,0.384,Online ,Entertainment,482.3,0
718735908,Blue,220,1,111,2023-07-09,Week-28,Q3,2023,7015,0,1799,51,0,Swipe ,Fuel,125.93,0
718736883,Blue,250,1,98,2023-07-09,Week-28,Q3,2023,4328,2058,3421,61,0.476,Swipe ,Bills,307.89,0
718737708,Blue,445,1,48,2023-07-09,Week-28,Q3,2023,31458,1202,4202,66,0.038,Swipe ,Bills,420.2,0
718739508,Blue,365,0,98,2023-07-09,Week-28,Q3,2023,5455,1217,3863,67,0.223,Swipe ,Bills,463.56,0
718742808,Blue,280,1,123,2023-07-09,Week-28,Q3,2023,4629,710,2877,49,0.153,Swipe ,Entertainment,460.32,0
718744008,Blue,370,0,96,2023-07-09,Week-28,Q3,2023,6335,1128,1217,20,0.178,Swipe ,Bills,97.36,0
718746933,Blue,455,1,79,2023-07-09,Week-28,Q3,2023,2865,2022,3441,66,0.706,Chip ,Grocery,481.74,0
718748133,Blue,200,0,89,2023-07-09,Week-28,Q3,2023,2591,0,3876,67,0,Chip ,Grocery,1124.04,0
718751133,Blue,245,1,57,2023-07-09,Week-28,Q3,2023,3182,2435,1670,30,0.765,Swipe ,Fuel,133.6,0
718755483,Blue,175,1,142,2023-07-09,Week-28,Q3,2023,7317,959,5082,86,0.131,Swipe ,Bills,1219.68,0
718756533,Blue,125,1,137,2023-07-16,Week-29,Q3,2023,13356,1497,8963,105,0.112,Swipe ,Bills,627.41,0
718757808,Blue,455,1,74,2023-07-16,Week-29,Q3,2023,2929,1287,3875,67,0.439,Chip ,Entertainment,271.25,0
718758783,Silver,250,0,164,2023-07-16,Week-29,Q3,2023,13067,1943,15172,118,0.149,Swipe ,Grocery,1517.2,0
718759833,Silver,450,0,118,2023-07-16,Week-29,Q3,2023,32643,0,1058,24,0,Swipe ,Bills,95.22,0
718762308,Blue,125,1,110,2023-07-16,Week-29,Q3,2023,6622,2126,3668,60,0.321,Chip ,Entertainment,256.76,0
718764708,Blue,175,0,82,2023-07-16,Week-29,Q3,2023,8858,1359,14223,103,0.153,Swipe ,Grocery,1422.3,0
718766058,Blue,320,0,97,2023-07-16,Week-29,Q3,2023,1438.3,0,2123,37,0,Chip ,Fuel,233.53,0
718767183,Blue,195,0,93,2023-07-16,Week-29,Q3,2023,2192,1464,4905,89,0.668,Swipe ,Grocery,1422.45,0
718768158,Blue,465,0,162,2023-07-16,Week-29,Q3,2023,3539,0,1336,23,0,Swipe ,Bills,307.28,0
718772133,Blue,345,1,93,2023-07-16,Week-29,Q3,2023,10230,1082,1484,34,0.106,Swipe ,Entertainment,163.24,0
718773333,Blue,200,0,90,2023-07-16,Week-29,Q3,2023,5139,1799,7548,89,0.35,Swipe ,Grocery,1736.04,0
718774533,Blue,360,1,120,2023-07-16,Week-29,Q3,2023,15355,1823,15053,111,0.119,Chip ,Travel,3161.13,0
718775808,Blue,100,0,76,2023-07-16,Week-29,Q3,2023,7762,1319,5153,77,0.17,Chip ,Entertainment,1391.31,0
718777008,Blue,250,0,141,2023-07-16,Week-29,Q3,2023,3278,1306,1374,32,0.398,Swipe ,Bills,151.14,0
718784358,Blue,380,0,58,2023-07-16,Week-29,Q3,2023,34516,2517,1969,46,0.073,Swipe ,Entertainment,551.32,0
718785483,Silver,340,0,55,2023-07-16,Week-29,Q3,2023,34516,1435,4238,85,0.042,Swipe ,Bills,1017.12,0
718788258,Blue,495,1,80,2023-07-16,Week-29,Q3,2023,30314,776,3290,82,0.026,Swipe ,Grocery,263.2,0
718791708,Blue,175,0,85,2023-07-16,Week-29,Q3,2023,16362,2268,2228,37,0.139,Chip ,Food,490.16,0
718792758,Blue,150,0,81,2023-07-16,Week-29,Q3,2023,3379,587,5121,80,0.174,Swipe ,Bills,614.52,0
718795083,Blue,335,0,88,2023-07-16,Week-29,Q3,2023,2006,1030,5337,85,0.513,Swipe ,Grocery,853.92,0
718797558,Blue,365,0,43,2023-07-16,Week-29,Q3,2023,2917,1357,2422,46,0.465,Swipe ,Entertainment,653.94,0
718799958,Blue,200,0,124,2023-07-16,Week-29,Q3,2023,13312,1974,14336,106,0.148,Swipe ,Bills,2867.2,0
718801158,Gold,450,1,113,2023-07-16,Week-29,Q3,2023,23981,1408,14455,96,0.059,Swipe ,Fuel,4047.4,0
718802283,Blue,490,0,68,2023-07-16,Week-29,Q3,2023,8320,0,4128,82,0,Chip ,Entertainment,454.08,0
718803333,Blue,125,0,48,2023-07-16,Week-29,Q3,2023,3195,1954,1285,29,0.612,Swipe ,Bills,218.45,0
718805733,Blue,125,1,92,2023-07-16,Week-29,Q3,2023,7093,2517,13937,120,0.355,Chip ,Travel,2508.66,0
718806783,Blue,190,0,160,2023-07-16,Week-29,Q3,2023,2872,357,2629,41,0.124,Swipe ,Food,420.64,0
718808883,Silver,355,0,156,2023-07-16,Week-29,Q3,2023,13565,0,3705,69,0,Swipe ,Food,1000.35,0
718811058,Blue,245,1,88,2023-07-16,Week-29,Q3,2023,5014,1887,4391,66,0.376,Chip ,Fuel,966.02,0
718812708,Blue,125,0,114,2023-07-16,Week-29,Q3,2023,34516,219,1882,48,0.006,Chip ,Entertainment,395.22,0
718813833,Blue,125,0,127,2023-07-16,Week-29,Q3,2023,10100,0,1052,18,0,Swipe ,Bills,84.16,0
718815108,Blue,445,0,81,2023-07-16,Week-29,Q3,2023,6030,1315,3420,81,0.218,Swipe ,Bills,307.8,0
718816158,Blue,450,0,113,2023-07-16,Week-29,Q3,2023,5362,1984,3851,87,0.37,Swipe ,Grocery,462.12,0
718819158,Blue,340,0,93,2023-07-16,Week-29,Q3,2023,2488,2196,4361,75,0.883,Chip ,Bills,1003.03,0
718821783,Blue,270,0,100,2023-07-16,Week-29,Q3,2023,2522,1704,4697,73,0.676,Chip ,Bills,1174.25,0
718824783,Blue,270,1,85,2023-07-16,Week-29,Q3,2023,2966,1433,1986,50,0.483,Swipe ,Bills,238.32,0
718825908,Blue,150,1,164,2023-07-16,Week-29,Q3,2023,3803,1448,4575,78,0.381,Swipe ,Bills,686.25,0
718826883,Blue,300,0,107,2023-07-16,Week-29,Q3,2023,6925,0,2506,36,0,Swipe ,Food,501.2,0
718828083,Blue,295,0,78,2023-07-16,Week-29,Q3,2023,8748,2284,3533,73,0.261,Swipe ,Grocery,494.62,0
718829358,Blue,125,1,114,2023-07-16,Week-29,Q3,2023,1956,958,4977,76,0.49,Swipe ,Grocery,1443.33,0
718830183,Blue,245,1,58,2023-07-16,Week-29,Q3,2023,23996,2517,1339,29,0.105,Swipe ,Food,254.41,0
718834233,Blue,100,1,163,2023-07-16,Week-29,Q3,2023,6899,0,3848,71,0,Swipe ,Bills,307.84,0
718835583,Blue,245,1,45,2023-07-16,Week-29,Q3,2023,15641,2379,3769,76,0.152,Swipe ,Grocery,339.21,0
718837683,Blue,375,1,106,2023-07-16,Week-29,Q3,2023,3029,1505,2394,50,0.497,Online ,Grocery,167.58,0
718838808,Blue,435,1,101,2023-07-16,Week-29,Q3,2023,3107,2354,2720,48,0.758,Swipe ,Fuel,625.6,0
718840833,Blue,300,0,64,2023-07-16,Week-29,Q3,2023,4601,0,9610,76,0,Chip ,Fuel,1825.9,0
718843608,Blue,220,1,122,2023-07-16,Week-29,Q3,2023,8917,1091,3327,80,0.122,Swipe ,Bills,831.75,0
718846008,Blue,245,1,76,2023-07-16,Week-29,Q3,2023,4377,1500,3900,62,0.343,Online ,Bills,429,0
718848183,Blue,350,1,82,2023-07-16,Week-29,Q3,2023,9873,1276,4613,82,0.129,Swipe ,Food,276.78,0
718851783,Silver,300,0,98,2023-07-16,Week-29,Q3,2023,34516,2386,3924,65,0.069,Chip ,Food,941.76,1
718853358,Blue,335,1,169,2023-07-16,Week-29,Q3,2023,3308,2517,5104,85,0.761,Chip ,Entertainment,1020.8,1
718855983,Blue,125,0,107,2023-07-16,Week-29,Q3,2023,13039,1840,4010,69,0.141,Chip ,Food,521.3,1
718858683,Blue,270,1,131,2023-07-16,Week-29,Q3,2023,1438.3,0,4511,76,0,Swipe ,Bills,947.31,1
718861458,Blue,380,0,130,2023-07-16,Week-29,Q3,2023,5159,1532,1826,37,0.297,Swipe ,Entertainment,474.76,0
718863258,Blue,95,0,108,2023-07-16,Week-29,Q3,2023,3881,2517,2463,38,0.649,Chip ,Bills,566.49,0
718866633,Blue,245,1,76,2023-07-16,Week-29,Q3,2023,33142,0,4347,63,0,Chip ,Food,304.29,0
718867683,Blue,290,1,105,2023-07-16,Week-29,Q3,2023,2720,1904,1613,43,0.7,Swipe ,Entertainment,338.73,0
718870158,Blue,340,1,90,2023-07-16,Week-29,Q3,2023,4592,1635,1772,52,0.356,Swipe ,Bills,513.88,0
718871358,Blue,355,1,113,2023-07-16,Week-29,Q3,2023,1785,0,4964,82,0,Chip ,Bills,1141.72,0
718872858,Blue,245,1,95,2023-07-16,Week-29,Q3,2023,3761,2121,4476,79,0.564,Swipe ,Travel,581.88,0
718875483,Blue,125,1,128,2023-07-16,Week-29,Q3,2023,17404,1745,4491,78,0.1,Swipe ,Bills,404.19,0
718876683,Blue,340,0,107,2023-07-16,Week-29,Q3,2023,5781,1168,1600,32,0.202,Swipe ,Bills,304,0
718877883,Blue,285,0,115,2023-07-16,Week-29,Q3,2023,5644,2517,2440,44,0.446,Swipe ,Bills,512.4,0
718882008,Blue,195,0,118,2023-07-16,Week-29,Q3,2023,22487,889,4960,73,0.04,Swipe ,Entertainment,942.4,0
718888308,Blue,125,0,68,2023-07-16,Week-29,Q3,2023,34516,2517,1475,33,0.073,Swipe ,Bills,413,0
718889508,Blue,385,1,42,2023-07-16,Week-29,Q3,2023,10074,1223,8256,99,0.121,Swipe ,Bills,1568.64,0
718890933,Blue,405,1,112,2023-07-16,Week-29,Q3,2023,1438.3,0,2429,38,0,Chip ,Fuel,558.67,0
718892283,Blue,430,0,83,2023-07-16,Week-29,Q3,2023,4396,0,4771,78,0,Swipe ,Entertainment,524.81,0
718893333,Blue,335,1,97,2023-07-16,Week-29,Q3,2023,18336,2077,7509,84,0.113,Swipe ,Bills,2102.52,0
718894233,Blue,370,1,117,2023-07-16,Week-29,Q3,2023,2956,1391,2116,63,0.471,Swipe ,Food,211.6,0
718896108,Blue,295,1,94,2023-07-16,Week-29,Q3,2023,1438.3,0,5014,84,0,Swipe ,Bills,451.26,0
718899708,Blue,325,1,116,2023-07-16,Week-29,Q3,2023,17642,1846,2148,54,0.105,Swipe ,Entertainment,150.36,0
718909158,Blue,200,1,84,2023-07-16,Week-29,Q3,2023,5559,658,1793,37,0.118,Swipe ,Fuel,125.51,0
718913358,Blue,340,0,82,2023-07-16,Week-29,Q3,2023,4225,2517,2659,43,0.596,Swipe ,Grocery,372.26,0
718917408,Blue,395,0,96,2023-07-16,Week-29,Q3,2023,3115,1136,3704,70,0.365,Swipe ,Entertainment,926,0
718919433,Silver,200,0,97,2023-07-16,Week-29,Q3,2023,4440,1149,14973,112,0.259,Chip ,Travel,898.38,0
718920708,Blue,365,1,104,2023-07-16,Week-29,Q3,2023,5240,1451,2172,38,0.277,Online ,Fuel,521.28,0
718921683,Blue,200,0,105,2023-07-16,Week-29,Q3,2023,9738,1835,4816,49,0.188,Chip ,Bills,1155.84,0
718923858,Silver,290,1,111,2023-07-16,Week-29,Q3,2023,26750,1204,1131,29,0.045,Swipe ,Bills,180.96,0
718924983,Blue,405,1,54,2023-07-16,Week-29,Q3,2023,4906,1302,4833,80,0.265,Swipe ,Food,1304.91,0
718926258,Blue,415,1,74,2023-07-16,Week-29,Q3,2023,2458,642,4627,90,0.261,Chip ,Entertainment,694.05,0
718927533,Blue,225,0,103,2023-07-16,Week-29,Q3,2023,24487,2517,1512,42,0.103,Swipe ,Bills,90.72,0
718929708,Blue,355,1,69,2023-07-16,Week-29,Q3,2023,3147,1602,1558,23,0.509,Swipe ,Grocery,373.92,0
718932633,Blue,355,1,67,2023-07-16,Week-29,Q3,2023,1717,1156,4301,64,0.673,Swipe ,Fuel,903.21,0
718934058,Blue,420,1,71,2023-07-16,Week-29,Q3,2023,2845,2517,2396,51,0.885,Swipe ,Entertainment,143.76,0
718939083,Blue,380,1,57,2023-07-16,Week-29,Q3,2023,1438.3,306,694,15,0.213,Swipe ,Bills,201.26,0
718940208,Blue,350,0,88,2023-07-16,Week-29,Q3,2023,18202,1841,3551,68,0.101,Chip ,Fuel,887.75,0
718941183,Blue,200,0,117,2023-07-16,Week-29,Q3,2023,1832,748,4376,87,0.408,Swipe ,Bills,612.64,0
718943508,Blue,355,1,104,2023-07-16,Week-29,Q3,2023,3714,2170,1454,35,0.584,Swipe ,Bills,421.66,0
718946358,Blue,200,0,100,2023-07-16,Week-29,Q3,2023,1547,0,4348,63,0,Chip ,Bills,304.36,0
718947558,Gold,440,1,94,2023-07-16,Week-29,Q3,2023,4251,2295,15574,115,0.54,Chip ,Food,4360.72,0
718949433,Silver,480,0,107,2023-07-16,Week-29,Q3,2023,34516,919,3415,79,0.027,Swipe ,Fuel,990.35,0
718950483,Blue,175,1,94,2023-07-16,Week-29,Q3,2023,12423,1910,1208,38,0.154,Swipe ,Entertainment,157.04,0
718951683,Blue,295,1,105,2023-07-16,Week-29,Q3,2023,2216,1262,4763,83,0.569,Swipe ,Entertainment,1047.86,0
718957083,Blue,370,0,151,2023-07-16,Week-29,Q3,2023,1449,0,4797,88,0,Online ,Fuel,479.7,0
718958583,Blue,320,0,146,2023-07-16,Week-29,Q3,2023,2367,1606,4506,59,0.678,Swipe ,Grocery,1216.62,0
718961208,Blue,245,1,70,2023-07-16,Week-29,Q3,2023,4204,0,3799,85,0,Swipe ,Entertainment,911.76,0
718963158,Blue,370,1,76,2023-07-16,Week-29,Q3,2023,34516,0,3230,64,0,Swipe ,Grocery,484.5,0
718967433,Blue,125,1,117,2023-07-16,Week-29,Q3,2023,2426,0,4918,81,0,Chip ,Grocery,688.52,0
718970058,Blue,425,1,118,2023-07-16,Week-29,Q3,2023,30746,1168,1519,43,0.038,Swipe ,Entertainment,227.85,0
718971333,Blue,335,1,93,2023-07-16,Week-29,Q3,2023,13206,925,2342,51,0.07,Swipe ,Bills,327.88,0
718972758,Blue,290,0,111,2023-07-16,Week-29,Q3,2023,2481,1287,1825,51,0.519,Swipe ,Bills,401.5,0
718975083,Blue,140,1,90,2023-07-16,Week-29,Q3,2023,2473,0,2133,44,0,Chip ,Entertainment,575.91,0
718976283,Blue,420,1,107,2023-07-16,Week-29,Q3,2023,1858,1071,4388,66,0.576,Chip ,Grocery,1009.24,0
718977483,Blue,390,0,141,2023-07-16,Week-29,Q3,2023,25736,1388,7209,91,0.054,Swipe ,Bills,1585.98,0
718979733,Blue,455,1,89,2023-07-16,Week-29,Q3,2023,23712,2195,16258,115,0.093,Chip ,Fuel,3576.76,0
718980633,Blue,325,1,116,2023-07-16,Week-29,Q3,2023,6452,1151,4835,84,0.178,Chip ,Entertainment,628.55,0
718982058,Blue,100,1,93,2023-07-16,Week-29,Q3,2023,5987,1405,4011,72,0.235,Chip ,Bills,762.09,0
718983333,Blue,300,1,88,2023-07-16,Week-29,Q3,2023,6704,1354,1331,30,0.202,Swipe ,Grocery,146.41,0
718984533,Blue,485,0,91,2023-07-16,Week-29,Q3,2023,7199,1274,4552,100,0.177,Chip ,Food,1274.56,0
718993533,Blue,245,1,71,2023-07-16,Week-29,Q3,2023,15821,1334,8927,103,0.084,Swipe ,Food,1339.05,0
718994583,Blue,460,1,72,2023-07-16,Week-29,Q3,2023,1438.3,816,4777,69,0.567,Swipe ,Bills,334.39,0
718996758,Blue,290,0,75,2023-07-16,Week-29,Q3,2023,2077,1392,1629,36,0.67,Swipe ,Entertainment,260.64,0
719006508,Blue,390,0,78,2023-07-16,Week-29,Q3,2023,2763,1913,4136,69,0.692,Chip ,Entertainment,951.28,1
719013108,Blue,125,1,79,2023-07-16,Week-29,Q3,2023,3178,1800,4605,86,0.566,Swipe ,Bills,1243.35,1
719018208,Blue,95,1,98,2023-07-16,Week-29,Q3,2023,7210,0,2516,36,0,Chip ,Bills,276.76,1
719019483,Silver,110,1,43,2023-07-16,Week-29,Q3,2023,13427,1507,4266,63,0.112,Swipe ,Food,981.18,1
719020983,Blue,385,0,73,2023-07-16,Week-29,Q3,2023,12421,2517,1913,49,0.203,Swipe ,Fuel,554.77,1
719022558,Blue,290,0,117,2023-07-16,Week-29,Q3,2023,2305,1173,5106,74,0.509,Online ,Food,1429.68,1
719025333,Blue,245,0,109,2023-07-16,Week-29,Q3,2023,1898,0,3513,59,0,Swipe ,Bills,878.25,0
719026383,Blue,175,0,99,2023-07-16,Week-29,Q3,2023,2664,0,3135,59,0,Swipe ,Fuel,501.6,0
719028783,Blue,300,0,94,2023-07-16,Week-29,Q3,2023,3422,0,4486,74,0,Swipe ,Entertainment,314.02,0
719034183,Blue,245,1,85,2023-07-16,Week-29,Q3,2023,1555,1366,5490,86,0.878,Swipe ,Entertainment,329.4,0
719035758,Blue,340,1,103,2023-07-16,Week-29,Q3,2023,2383,1516,4917,78,0.636,Chip ,Entertainment,1229.25,0
719036883,Blue,150,1,112,2023-07-16,Week-29,Q3,2023,4668,0,4163,77,0,Swipe ,Bills,707.71,0
719038008,Blue,280,1,82,2023-07-16,Week-29,Q3,2023,1705,1192,4862,41,0.699,Chip ,Fuel,583.44,0
719039283,Blue,450,0,75,2023-07-16,Week-29,Q3,2023,3535,1964,14080,85,0.556,Swipe ,Bills,2816,0
719042208,Blue,360,1,71,2023-07-16,Week-29,Q3,2023,2067,1250,4565,65,0.605,Online ,Entertainment,1278.2,0
719046558,Blue,480,1,113,2023-07-16,Week-29,Q3,2023,1982,1751,4313,62,0.883,Swipe ,Fuel,560.69,0
719048133,Blue,385,1,117,2023-07-16,Week-29,Q3,2023,5456,0,3470,65,0,Chip ,Bills,589.9,0
719049033,Blue,380,1,78,2023-07-16,Week-29,Q3,2023,14057,1655,2073,60,0.118,Swipe ,Grocery,248.76,0
719050458,Blue,360,0,104,2023-07-16,Week-29,Q3,2023,2582,1528,4041,67,0.592,Swipe ,Grocery,1050.66,0
719051733,Blue,410,0,128,2023-07-16,Week-29,Q3,2023,2706,889,5047,64,0.329,Online ,Food,1110.34,0
719054733,Blue,200,1,158,2023-07-16,Week-29,Q3,2023,1438.3,797,4673,69,0.554,Swipe ,Fuel,1074.79,0
719056833,Blue,470,1,97,2023-07-16,Week-29,Q3,2023,2281,920,3968,66,0.403,Chip ,Bills,1111.04,0
719059083,Blue,410,0,110,2023-07-16,Week-29,Q3,2023,6225,1596,4129,71,0.256,Chip ,Fuel,743.22,0
719061933,Blue,385,1,106,2023-07-16,Week-29,Q3,2023,2105,0,4190,67,0,Swipe ,Entertainment,419,0
719068683,Blue,420,0,106,2023-07-16,Week-29,Q3,2023,3136,1864,1036,25,0.594,Swipe ,Travel,145.04,0
719070108,Silver,410,1,52,2023-07-16,Week-29,Q3,2023,34516,1726,1729,52,0.05,Swipe ,Bills,414.96,0
719071158,Platinum,425,0,134,2023-07-16,Week-29,Q3,2023,34516,0,3901,54,0,Swipe ,Food,1092.28,0
719073483,Blue,150,1,53,2023-07-16,Week-29,Q3,2023,9234,0,2586,44,0,Chip ,Fuel,439.62,0
719074308,Blue,370,0,80,2023-07-16,Week-29,Q3,2023,1438.3,687,4621,73,0.478,Chip ,Fuel,924.2,0
719075883,Blue,440,0,87,2023-07-16,Week-29,Q3,2023,2363,2033,3904,66,0.86,Swipe ,Bills,1132.16,0
719076858,Blue,355,0,88,2023-07-16,Week-29,Q3,2023,2165,1952,2651,81,0.902,Swipe ,Grocery,265.1,0
719078283,Blue,200,1,90,2023-07-16,Week-29,Q3,2023,3191,2517,1501,35,0.789,Swipe ,Bills,120.08,0
719084358,Blue,430,0,63,2023-07-16,Week-29,Q3,2023,4232,0,2312,37,0,Chip ,Fuel,208.08,0
719085933,Blue,325,1,87,2023-07-16,Week-29,Q3,2023,23561,864,2447,64,0.037,Swipe ,Bills,244.7,0
719089383,Blue,195,1,72,2023-07-16,Week-29,Q3,2023,6168,2371,4303,80,0.384,Swipe ,Bills,1161.81,0
719091333,Blue,150,1,158,2023-07-16,Week-29,Q3,2023,22720,793,1102,27,0.035,Swipe ,Travel,66.12,0
719094333,Blue,245,1,113,2023-07-16,Week-29,Q3,2023,13490,1567,13159,105,0.116,Swipe ,Food,1315.9,0
719095533,Blue,250,1,77,2023-07-16,Week-29,Q3,2023,2680,1652,3382,58,0.616,Swipe ,Bills,372.02,0
719098308,Blue,405,0,66,2023-07-16,Week-29,Q3,2023,2423,268,2516,59,0.111,Swipe ,Bills,377.4,0
719099583,Blue,380,1,78,2023-07-16,Week-29,Q3,2023,1640,1444,1360,33,0.88,Swipe ,Entertainment,108.8,0
719100633,Silver,200,1,52,2023-07-16,Week-29,Q3,2023,34516,1436,3564,73,0.042,Chip ,Bills,249.48,0
719101908,Blue,225,1,92,2023-07-16,Week-29,Q3,2023,2002,1248,1585,40,0.623,Swipe ,Bills,269.45,0
719105433,Blue,245,0,86,2023-07-16,Week-29,Q3,2023,6448,1087,4990,85,0.169,Swipe ,Entertainment,898.2,0
719106783,Gold,365,1,71,2023-07-16,Week-29,Q3,2023,4103,1972,16344,118,0.481,Chip ,Travel,1797.84,0
719108358,Blue,100,1,83,2023-07-16,Week-29,Q3,2023,18974,2517,2783,56,0.133,Swipe ,Entertainment,528.77,0
719109783,Blue,200,0,82,2023-07-16,Week-29,Q3,2023,13103,1809,4323,72,0.138,Swipe ,Bills,821.37,0
719112258,Blue,365,0,83,2023-07-16,Week-29,Q3,2023,2516,1360,4692,79,0.541,Swipe ,Bills,750.72,0
719117433,Blue,200,0,91,2023-07-16,Week-29,Q3,2023,23018,2168,1463,24,0.094,Swipe ,Bills,365.75,0
719118708,Blue,455,1,113,2023-07-16,Week-29,Q3,2023,5855,0,9202,80,0,Chip ,Fuel,1932.42,0
719121708,Silver,335,0,61,2023-07-16,Week-29,Q3,2023,31497,2192,7685,92,0.07,Swipe ,Food,1383.3,0
719123958,Blue,420,0,110,2023-07-16,Week-29,Q3,2023,5051,0,2137,45,0,Swipe ,Fuel,299.18,0
719125158,Silver,450,0,61,2023-07-16,Week-29,Q3,2023,13882,1452,2685,71,0.105,Swipe ,Fuel,671.25,0
719127558,Blue,330,1,150,2023-07-16,Week-29,Q3,2023,34516,1075,3015,65,0.031,Swipe ,Bills,452.25,0
719130558,Blue,470,1,107,2023-07-16,Week-29,Q3,2023,1669,1000,4085,69,0.599,Chip ,Grocery,694.45,0
719131533,Blue,175,1,114,2023-07-16,Week-29,Q3,2023,2585,2008,3519,73,0.777,Swipe ,Fuel,351.9,0
719136183,Blue,150,1,105,2023-07-16,Week-29,Q3,2023,3541,1444,3410,69,0.408,Swipe ,Grocery,409.2,0
719139558,Blue,150,1,114,2023-07-16,Week-29,Q3,2023,2665,1567,2514,64,0.588,Swipe ,Bills,678.78,0
719143308,Blue,300,0,147,2023-07-16,Week-29,Q3,2023,2394,0,2805,85,0,Swipe ,Entertainment,813.45,0
719146008,Blue,270,0,107,2023-07-16,Week-29,Q3,2023,18672,2517,1126,35,0.135,Swipe ,Fuel,315.28,0
719147208,Blue,405,1,92,2023-07-16,Week-29,Q3,2023,2298,0,4814,88,0,Chip ,Entertainment,1107.22,0
719148633,Blue,300,1,131,2023-07-16,Week-29,Q3,2023,2413,2015,1398,24,0.835,Swipe ,Bills,349.5,0
719150658,Blue,380,0,146,2023-07-16,Week-29,Q3,2023,7551,0,2977,46,0,Swipe ,Fuel,416.78,0
719152383,Blue,450,1,99,2023-07-16,Week-29,Q3,2023,2494,1316,2946,57,0.528,Swipe ,Fuel,530.28,0
719153433,Blue,370,1,91,2023-07-16,Week-29,Q3,2023,2542,850,4972,79,0.334,Swipe ,Grocery,397.76,0
719154483,Blue,475,0,105,2023-07-16,Week-29,Q3,2023,7753,2100,991,26,0.271,Swipe ,Travel,227.93,0
719157933,Blue,455,0,114,2023-07-16,Week-29,Q3,2023,10984,1429,7850,85,0.13,Swipe ,Fuel,1177.5,0
719161683,Blue,345,1,112,2023-07-16,Week-29,Q3,2023,2508,1580,1607,44,0.63,Swipe ,Bills,224.98,0
719163108,Blue,250,1,101,2023-07-16,Week-29,Q3,2023,3977,1325,4076,62,0.333,Swipe ,Entertainment,978.24,0
719165508,Silver,300,1,122,2023-07-16,Week-29,Q3,2023,18965,2262,3066,69,0.119,Online ,Bills,398.58,0
719168883,Blue,195,0,94,2023-07-16,Week-29,Q3,2023,5155,0,2753,45,0,Swipe ,Entertainment,165.18,0
719169783,Blue,270,1,55,2023-07-16,Week-29,Q3,2023,6897,640,2781,57,0.093,Swipe ,Bills,194.67,0
719170683,Blue,465,1,97,2023-07-16,Week-29,Q3,2023,10972,0,4401,73,0,Swipe ,Bills,1012.23,0
719174433,Blue,345,0,113,2023-07-16,Week-29,Q3,2023,1735,0,2467,35,0,Chip ,Bills,468.73,0
719176308,Blue,140,1,146,2023-07-16,Week-29,Q3,2023,7278,0,2120,43,0,Swipe ,Food,572.4,0
719178183,Silver,250,1,107,2023-07-16,Week-29,Q3,2023,34516,2517,8186,85,0.073,Swipe ,Entertainment,573.02,0
719180958,Silver,320,1,83,2023-07-16,Week-29,Q3,2023,21754,0,9105,104,0,Swipe ,Fuel,2185.2,0
719182308,Blue,175,0,95,2023-07-16,Week-29,Q3,2023,2096,1567,1559,49,0.748,Swipe ,Bills,218.26,0
719184783,Blue,175,1,83,2023-07-16,Week-29,Q3,2023,9352,1429,3536,71,0.153,Swipe ,Entertainment,424.32,0
719186433,Blue,360,1,86,2023-07-16,Week-29,Q3,2023,11012,1328,3793,86,0.121,Chip ,Travel,758.6,0
719192808,Blue,150,0,88,2023-07-16,Week-29,Q3,2023,3168,2147,4674,71,0.678,Swipe ,Food,794.58,0
719195733,Blue,200,1,137,2023-07-16,Week-29,Q3,2023,4284,1900,4948,85,0.444,Chip ,Entertainment,395.84,0
719196858,Blue,370,1,118,2023-07-16,Week-29,Q3,2023,6508,2276,4254,77,0.35,Swipe ,Entertainment,680.64,0
719202708,Blue,245,1,139,2023-07-23,Week-30,Q3,2023,5642,541,4633,84,0.096,Swipe ,Grocery,787.61,0
719206308,Blue,470,1,69,2023-07-23,Week-30,Q3,2023,4116,1223,1657,38,0.297,Swipe ,Food,149.13,0
719207733,Blue,200,0,117,2023-07-23,Week-30,Q3,2023,3396,802,1418,36,0.236,Swipe ,Bills,269.42,0
719210133,Blue,360,0,73,2023-07-23,Week-30,Q3,2023,14131,1333,12779,103,0.094,Swipe ,Grocery,2300.22,0
719211558,Blue,245,1,86,2023-07-23,Week-30,Q3,2023,3401,0,744,18,0,Online ,Bills,119.04,0
719213133,Blue,175,0,122,2023-07-23,Week-30,Q3,2023,2432,1554,3670,60,0.639,Swipe ,Fuel,954.2,0
719216508,Blue,425,1,117,2023-07-23,Week-30,Q3,2023,3258,2517,4960,77,0.773,Chip ,Grocery,595.2,0
719217483,Blue,225,1,70,2023-07-23,Week-30,Q3,2023,3240,1775,4200,67,0.548,Online ,Entertainment,336,1
719219883,Blue,245,1,107,2023-07-23,Week-30,Q3,2023,9300,769,3651,67,0.083,Chip ,Grocery,1058.79,1
719222133,Blue,360,0,102,2023-07-23,Week-30,Q3,2023,8919,1723,13719,96,0.193,Swipe ,Food,2880.99,1
719226333,Blue,355,1,50,2023-07-23,Week-30,Q3,2023,11042,2211,1140,25,0.2,Swipe ,Entertainment,205.2,1
719227233,Blue,225,0,64,2023-07-23,Week-30,Q3,2023,1553,723,1954,43,0.466,Swipe ,Entertainment,390.8,1
719229708,Blue,125,1,74,2023-07-23,Week-30,Q3,2023,4969,838,1489,32,0.169,Swipe ,Bills,119.12,0
719231583,Blue,495,0,92,2023-07-23,Week-30,Q3,2023,16929,1838,4799,79,0.109,Swipe ,Grocery,959.8,0
719233833,Blue,380,1,110,2023-07-23,Week-30,Q3,2023,3073,526,1944,55,0.171,Swipe ,Fuel,330.48,0
719234883,Blue,280,0,157,2023-07-23,Week-30,Q3,2023,32676,2134,3990,88,0.065,Swipe ,Entertainment,957.6,0
719237058,Blue,250,0,89,2023-07-23,Week-30,Q3,2023,1790,891,4498,96,0.498,Swipe ,Fuel,1304.42,0
719238183,Blue,360,0,89,2023-07-23,Week-30,Q3,2023,1872,1167,2238,45,0.623,Swipe ,Grocery,290.94,0
719239158,Blue,465,1,91,2023-07-23,Week-30,Q3,2023,5448,0,3912,72,0,Chip ,Fuel,978,0
719240358,Blue,425,1,54,2023-07-23,Week-30,Q3,2023,10698,1790,4095,67,0.167,Swipe ,Entertainment,1187.55,0
719242533,Blue,425,1,73,2023-07-23,Week-30,Q3,2023,22770,2517,1882,38,0.111,Swipe ,Bills,432.86,0
719243808,Blue,380,1,92,2023-07-23,Week-30,Q3,2023,3792,1625,1888,39,0.429,Swipe ,Entertainment,415.36,0
719245083,Blue,495,1,98,2023-07-23,Week-30,Q3,2023,1773,1539,4087,74,0.868,Chip ,Fuel,572.18,0
719245983,Blue,430,0,113,2023-07-23,Week-30,Q3,2023,13816,955,4238,73,0.069,Swipe ,Bills,1186.64,0
719248158,Blue,100,1,150,2023-07-23,Week-30,Q3,2023,7261,1443,14533,108,0.199,Swipe ,Bills,3778.58,0
719249733,Blue,400,1,56,2023-07-23,Week-30,Q3,2023,30011,1232,1676,41,0.041,Swipe ,Entertainment,150.84,0
719250783,Blue,325,1,110,2023-07-23,Week-30,Q3,2023,1998,0,4637,68,0,Swipe ,Fuel,510.07,0
719252583,Blue,175,0,106,2023-07-23,Week-30,Q3,2023,3095,1488,4642,92,0.481,Online ,Food,557.04,0
719256483,Blue,200,0,113,2023-07-23,Week-30,Q3,2023,4432,1335,4144,79,0.301,Swipe ,Entertainment,1118.88,0
719258433,Blue,455,1,64,2023-07-23,Week-30,Q3,2023,7801,2018,7561,91,0.259,Swipe ,Entertainment,2041.47,0
719260608,Silver,325,1,82,2023-07-23,Week-30,Q3,2023,34516,1566,3961,53,0.045,Swipe ,Fuel,950.64,0
719264058,Blue,110,1,148,2023-07-23,Week-30,Q3,2023,5862,2306,4305,51,0.393,Chip ,Bills,817.95,0
719265108,Blue,175,0,87,2023-07-23,Week-30,Q3,2023,3815,1190,4430,94,0.312,Chip ,Bills,1018.9,0
719266158,Blue,225,1,97,2023-07-23,Week-30,Q3,2023,6779,1359,3434,65,0.2,Swipe ,Bills,618.12,0
719267283,Blue,250,0,66,2023-07-23,Week-30,Q3,2023,1953,1554,4598,71,0.796,Chip ,Bills,275.88,0
719268333,Blue,355,1,111,2023-07-23,Week-30,Q3,2023,1438.3,0,4205,88,0,Chip ,Entertainment,252.3,0
719269308,Blue,200,1,103,2023-07-23,Week-30,Q3,2023,3252,2517,7418,90,0.774,Swipe ,Bills,815.98,0
719270358,Gold,195,0,111,2023-07-23,Week-30,Q3,2023,4288,1678,15505,113,0.391,Chip ,Travel,3101,0
719272458,Blue,150,1,87,2023-07-23,Week-30,Q3,2023,9815,1699,7962,89,0.173,Swipe ,Bills,477.72,0
719273733,Blue,325,0,100,2023-07-23,Week-30,Q3,2023,7959,998,1855,29,0.125,Swipe ,Bills,185.5,0
719277033,Blue,385,0,54,2023-07-23,Week-30,Q3,2023,8997,708,4558,62,0.079,Chip ,Fuel,1048.34,0
719279208,Blue,200,1,138,2023-07-23,Week-30,Q3,2023,2158,1299,4946,73,0.602,Swipe ,Entertainment,395.68,0
719281533,Blue,365,1,109,2023-07-23,Week-30,Q3,2023,2939,1388,5076,84,0.472,Swipe ,Grocery,761.4,0
719282433,Blue,385,0,102,2023-07-23,Week-30,Q3,2023,6417,1372,3280,71,0.214,Swipe ,Entertainment,623.2,0
719283633,Blue,175,1,66,2023-07-23,Week-30,Q3,2023,7578,1628,1325,29,0.215,Swipe ,Entertainment,357.75,0
719286708,Blue,175,0,68,2023-07-23,Week-30,Q3,2023,2434,1340,4498,76,0.551,Chip ,Entertainment,1124.5,0
719291283,Blue,245,0,106,2023-07-23,Week-30,Q3,2023,2226,1607,2660,62,0.722,Swipe ,Bills,452.2,0
719293533,Blue,175,1,110,2023-07-23,Week-30,Q3,2023,21590,2517,2567,70,0.117,Online ,Fuel,256.7,0
719294433,Blue,295,1,89,2023-07-23,Week-30,Q3,2023,16312,520,4366,68,0.032,Swipe ,Bills,567.58,0
719296383,Gold,485,1,75,2023-07-23,Week-30,Q3,2023,34516,1494,7885,85,0.043,Swipe ,Grocery,1498.15,0
719299533,Blue,280,0,149,2023-07-23,Week-30,Q3,2023,3626,795,2954,42,0.219,Swipe ,Entertainment,561.26,0
719301258,Silver,220,1,97,2023-07-23,Week-30,Q3,2023,15939,0,3982,68,0,Swipe ,Bills,637.12,0
719305608,Blue,395,1,100,2023-07-23,Week-30,Q3,2023,2347,1900,2447,47,0.81,Swipe ,Food,513.87,0
719309133,Blue,245,0,83,2023-07-23,Week-30,Q3,2023,1438.3,0,3877,70,0,Swipe ,Grocery,387.7,0
719309958,Blue,245,0,113,2023-07-23,Week-30,Q3,2023,20865,0,837,25,0,Swipe ,Bills,184.14,0
719313633,Blue,405,1,73,2023-07-23,Week-30,Q3,2023,2883,1936,4244,53,0.672,Swipe ,Grocery,976.12,0
719314683,Blue,100,1,107,2023-07-23,Week-30,Q3,2023,2855,527,3645,69,0.185,Online ,Grocery,437.4,0
719315508,Blue,415,1,63,2023-07-23,Week-30,Q3,2023,2964,2400,1557,25,0.81,Swipe ,Bills,342.54,0
719318583,Blue,325,1,74,2023-07-23,Week-30,Q3,2023,6866,2389,862,13,0.348,Swipe ,Bills,215.5,0
719320833,Blue,245,0,79,2023-07-23,Week-30,Q3,2023,5471,2056,1992,46,0.376,Swipe ,Fuel,398.4,0
719323683,Blue,250,1,79,2023-07-23,Week-30,Q3,2023,4543,1028,4093,77,0.226,Swipe ,Bills,491.16,0
719324658,Silver,460,1,79,2023-07-23,Week-30,Q3,2023,34516,1131,14716,112,0.033,Online ,Grocery,3973.32,0
719325783,Blue,370,0,75,2023-07-23,Week-30,Q3,2023,2954,2517,1909,28,0.852,Chip ,Entertainment,496.34,0
719326758,Blue,495,1,92,2023-07-23,Week-30,Q3,2023,4353,1489,9226,85,0.342,Chip ,Bills,1845.2,0
719327808,Blue,225,1,116,2023-07-23,Week-30,Q3,2023,4006,2517,1157,34,0.628,Online ,Bills,277.68,0
719328858,Blue,300,1,57,2023-07-23,Week-30,Q3,2023,4535,0,2342,40,0,Chip ,Fuel,327.88,0
719329983,Blue,150,1,109,2023-07-23,Week-30,Q3,2023,15648,0,13784,88,0,Chip ,Travel,1929.76,0
719334408,Blue,385,0,74,2023-07-23,Week-30,Q3,2023,4959,1483,4286,71,0.299,Swipe ,Entertainment,771.48,0
719335233,Silver,300,0,48,2023-07-23,Week-30,Q3,2023,14335,938,3610,75,0.065,Swipe ,Fuel,216.6,0
719336583,Blue,300,1,75,2023-07-23,Week-30,Q3,2023,27745,1300,1525,21,0.047,Swipe ,Grocery,305,0
719337408,Blue,365,0,46,2023-07-23,Week-30,Q3,2023,2567,0,2399,43,0,Swipe ,Grocery,311.87,0
719338383,Blue,385,1,95,2023-07-23,Week-30,Q3,2023,6259,1063,1836,50,0.17,Online ,Entertainment,257.04,0
719341683,Blue,335,1,80,2023-07-23,Week-30,Q3,2023,34516,1067,4281,72,0.031,Swipe ,Entertainment,642.15,0
719342808,Blue,250,1,93,2023-07-23,Week-30,Q3,2023,4180,688,3750,76,0.165,Swipe ,Travel,375,0
719343633,Blue,250,1,81,2023-07-23,Week-30,Q3,2023,8892,889,4900,89,0.1,Chip ,Food,588,0
719344608,Blue,425,0,91,2023-07-23,Week-30,Q3,2023,3901,1001,4313,72,0.257,Online ,Fuel,1078.25,0
719346708,Blue,400,1,74,2023-07-23,Week-30,Q3,2023,2758,1675,3820,72,0.607,Swipe ,Entertainment,1107.8,0
719350908,Blue,465,1,83,2023-07-23,Week-30,Q3,2023,4177,2094,3553,66,0.501,Swipe ,Grocery,213.18,0
719353158,Blue,245,1,123,2023-07-23,Week-30,Q3,2023,4145,1468,1238,36,0.354,Swipe ,Bills,123.8,0
719354433,Silver,125,1,105,2023-07-23,Week-30,Q3,2023,34516,1629,4042,78,0.047,Chip ,Fuel,565.88,0
719356008,Blue,300,0,89,2023-07-23,Week-30,Q3,2023,1438.3,0,4548,69,0,Swipe ,Entertainment,1137,0
719357058,Blue,300,1,150,2023-07-23,Week-30,Q3,2023,6797,1428,3962,70,0.21,Swipe ,Travel,871.64,0
719358333,Blue,400,1,78,2023-07-23,Week-30,Q3,2023,2157,574,1663,33,0.266,Swipe ,Bills,249.45,0
719359458,Blue,470,0,100,2023-07-23,Week-30,Q3,2023,1991,0,4527,66,0,Swipe ,Fuel,497.97,0
719360583,Blue,245,1,102,2023-07-23,Week-30,Q3,2023,3380,1701,1502,25,0.503,Swipe ,Travel,270.36,0
719362458,Blue,190,0,102,2023-07-23,Week-30,Q3,2023,2822,0,5064,74,0,Swipe ,Food,1417.92,0
719363283,Blue,125,1,77,2023-07-23,Week-30,Q3,2023,1438.3,0,1904,47,0,Online ,Entertainment,247.52,0
719365233,Gold,245,1,83,2023-07-23,Week-30,Q3,2023,7664,1785,15077,126,0.233,Swipe ,Bills,2261.55,0
719366358,Blue,95,0,103,2023-07-23,Week-30,Q3,2023,7319,1692,1233,29,0.231,Swipe ,Bills,308.25,0
719368533,Silver,95,1,82,2023-07-23,Week-30,Q3,2023,32250,1289,15785,100,0.04,Chip ,Food,2525.6,0
719372583,Blue,465,0,80,2023-07-23,Week-30,Q3,2023,17268,1197,4077,90,0.069,Online ,Fuel,815.4,0
719373558,Blue,100,1,78,2023-07-23,Week-30,Q3,2023,6275,0,4308,75,0,Swipe ,Entertainment,603.12,0
719377383,Blue,330,0,81,2023-07-23,Week-30,Q3,2023,10880,2025,4957,90,0.186,Swipe ,Food,892.26,0
719378658,Silver,485,1,93,2023-07-23,Week-30,Q3,2023,34516,1384,4745,69,0.04,Chip ,Bills,284.7,0
719379858,Blue,150,1,119,2023-07-23,Week-30,Q3,2023,24239,0,8549,73,0,Chip ,Bills,2137.25,0
719381733,Blue,430,1,65,2023-07-23,Week-30,Q3,2023,2175,1404,3994,64,0.646,Swipe ,Bills,319.52,0
719384433,Blue,290,1,85,2023-07-23,Week-30,Q3,2023,1877,1203,2581,57,0.641,Swipe ,Entertainment,748.49,0
719385558,Blue,300,0,109,2023-07-23,Week-30,Q3,2023,1438.3,0,1281,32,0,Swipe ,Fuel,192.15,0
719391783,Blue,250,1,113,2023-07-23,Week-30,Q3,2023,9149,1566,1790,60,0.171,Swipe ,Entertainment,393.8,0
719392833,Blue,350,0,92,2023-07-23,Week-30,Q3,2023,2400,1613,1311,34,0.672,Swipe ,Entertainment,275.31,0
719398158,Blue,150,1,75,2023-07-23,Week-30,Q3,2023,9854,1886,3912,76,0.191,Swipe ,Grocery,1134.48,0
719400108,Gold,465,0,73,2023-07-23,Week-30,Q3,2023,34516,1084,14319,124,0.031,Chip ,Travel,2863.8,0
719401158,Blue,200,0,75,2023-07-23,Week-30,Q3,2023,4136,0,7739,97,0,Swipe ,Entertainment,1160.85,0
719407983,Blue,220,0,82,2023-07-23,Week-30,Q3,2023,2061,1483,2400,60,0.72,Swipe ,Bills,384,0
719410083,Blue,270,1,93,2023-07-23,Week-30,Q3,2023,1635,1220,4807,56,0.746,Swipe ,Bills,1345.96,0
719412258,Blue,125,0,91,2023-07-23,Week-30,Q3,2023,5202,815,1558,48,0.157,Swipe ,Travel,373.92,0
719413383,Silver,175,0,72,2023-07-23,Week-30,Q3,2023,33711,1437,14880,134,0.043,Swipe ,Food,1488,0
719414658,Blue,150,0,70,2023-07-23,Week-30,Q3,2023,12366,0,4880,76,0,Swipe ,Grocery,1171.2,0
719415858,Blue,175,0,71,2023-07-23,Week-30,Q3,2023,3107,1720,2460,71,0.554,Swipe ,Fuel,639.6,0
719418933,Blue,175,1,114,2023-07-23,Week-30,Q3,2023,4503,0,748,20,0,Swipe ,Grocery,127.16,0
719420058,Platinum,300,1,83,2023-07-23,Week-30,Q3,2023,11782,2177,16605,110,0.185,Swipe ,Entertainment,4483.35,0
719420883,Blue,125,1,130,2023-07-23,Week-30,Q3,2023,1677,0,2477,45,0,Swipe ,Grocery,693.56,0
719427333,Blue,125,1,98,2023-07-23,Week-30,Q3,2023,2252,1737,1291,27,0.771,Swipe ,Fuel,309.84,0
719428308,Blue,150,1,83,2023-07-23,Week-30,Q3,2023,3244,1762,1274,32,0.543,Swipe ,Bills,191.1,0
719430483,Blue,470,0,70,2023-07-23,Week-30,Q3,2023,34516,1476,14145,119,0.043,Chip ,Fuel,3394.8,0
719431608,Blue,455,1,102,2023-07-23,Week-30,Q3,2023,3118,1528,1291,24,0.49,Swipe ,Fuel,116.19,0
719437908,Blue,220,0,117,2023-07-23,Week-30,Q3,2023,17965,1644,1767,50,0.092,Swipe ,Travel,318.06,0
719439108,Silver,250,0,82,2023-07-23,Week-30,Q3,2023,15315,1613,14728,100,0.105,Chip ,Travel,883.68,0
719443683,Blue,285,1,112,2023-07-23,Week-30,Q3,2023,27512,2137,1149,25,0.078,Swipe ,Bills,206.82,0
719445633,Blue,475,1,80,2023-07-23,Week-30,Q3,2023,1601,0,4919,69,0,Chip ,Entertainment,1032.99,0
719446833,Blue,175,0,112,2023-07-23,Week-30,Q3,2023,2799,1532,4214,83,0.547,Chip ,Bills,884.94,0
719449533,Blue,410,1,84,2023-07-23,Week-30,Q3,2023,2655,2283,2386,49,0.86,Swipe ,Bills,405.62,0
719450508,Blue,95,0,87,2023-07-23,Week-30,Q3,2023,7272,2037,2333,56,0.28,Swipe ,Bills,163.31,0
719451483,Blue,200,1,158,2023-07-23,Week-30,Q3,2023,3773,1972,1528,25,0.523,Swipe ,Bills,320.88,0
719452308,Blue,345,0,69,2023-07-23,Week-30,Q3,2023,2498,1632,2048,35,0.653,Swipe ,Entertainment,184.32,0
719453283,Blue,100,0,105,2023-07-23,Week-30,Q3,2023,2918,1597,4454,76,0.547,Swipe ,Bills,1291.66,0
719455083,Blue,490,1,104,2023-07-23,Week-30,Q3,2023,2991,1508,3734,64,0.504,Swipe ,Bills,784.14,0
719455908,Blue,455,1,100,2023-07-23,Week-30,Q3,2023,31501,0,3742,75,0,Swipe ,Bills,374.2,0
719459358,Blue,290,1,100,2023-07-23,Week-30,Q3,2023,33864,989,1751,48,0.029,Swipe ,Entertainment,385.22,0
719461008,Blue,280,0,77,2023-07-23,Week-30,Q3,2023,22332,1748,1318,28,0.078,Swipe ,Entertainment,369.04,0
719462433,Blue,125,0,90,2023-07-23,Week-30,Q3,2023,8464,1002,4227,92,0.118,Swipe ,Entertainment,845.4,0
719463708,Blue,245,0,111,2023-07-23,Week-30,Q3,2023,2099,1164,4471,80,0.555,Swipe ,Bills,938.91,0
719464758,Blue,400,1,133,2023-07-23,Week-30,Q3,2023,1438.3,604,4219,83,0.42,Chip ,Entertainment,928.18,0
719465733,Blue,175,0,103,2023-07-23,Week-30,Q3,2023,2971,0,4458,63,0,Swipe ,Bills,1292.82,0
719466558,Blue,375,1,56,2023-07-23,Week-30,Q3,2023,4546,0,1361,34,0,Swipe ,Bills,108.88,0
719469333,Blue,375,1,66,2023-07-23,Week-30,Q3,2023,6193,695,2456,69,0.112,Swipe ,Entertainment,687.68,0
719470458,Blue,485,0,54,2023-07-23,Week-30,Q3,2023,4026,243,1102,27,0.06,Swipe ,Grocery,231.42,0
719471433,Blue,125,1,54,2023-07-23,Week-30,Q3,2023,2917,2127,1831,36,0.729,Swipe ,Bills,494.37,0
719473458,Blue,200,0,115,2023-07-23,Week-30,Q3,2023,8285,1359,7205,84,0.164,Swipe ,Fuel,3801.25,0
719474583,Blue,460,1,92,2023-07-23,Week-30,Q3,2023,9771,1776,2778,53,0.182,Swipe ,Bills,500.04,0
719475633,Blue,370,1,145,2023-07-23,Week-30,Q3,2023,13908,0,4319,81,0,Swipe ,Bills,863.8,0
719482008,Blue,300,1,161,2023-07-23,Week-30,Q3,2023,21696,1036,3354,76,0.048,Swipe ,Fuel,972.66,0
719483358,Blue,225,1,67,2023-07-23,Week-30,Q3,2023,6746,1750,2962,54,0.259,Swipe ,Grocery,325.82,0
719484408,Blue,470,1,42,2023-07-23,Week-30,Q3,2023,4759,1459,2903,57,0.307,Swipe ,Fuel,174.18,0
719488008,Blue,140,1,71,2023-07-23,Week-30,Q3,2023,2490,1281,1902,34,0.514,Swipe ,Bills,247.26,0
719490108,Blue,190,1,85,2023-07-23,Week-30,Q3,2023,2830,1779,4854,74,0.629,Online ,Bills,922.26,0
719491233,Blue,245,1,53,2023-07-23,Week-30,Q3,2023,3515,2517,4313,72,0.716,Chip ,Grocery,690.08,0
719493858,Blue,195,1,109,2023-07-23,Week-30,Q3,2023,8203,654,2910,63,0.08,Swipe ,Bills,552.9,0
719494983,Blue,400,1,61,2023-07-23,Week-30,Q3,2023,2740,2069,1997,44,0.755,Online ,Fuel,579.13,0
719495958,Blue,275,1,108,2023-07-23,Week-30,Q3,2023,2983,0,2509,46,0,Chip ,Entertainment,577.07,0
719502183,Blue,150,0,93,2023-07-23,Week-30,Q3,2023,4950,1829,4529,73,0.369,Swipe ,Grocery,769.93,0
719504433,Silver,125,0,97,2023-07-23,Week-30,Q3,2023,18064,1695,3434,71,0.094,Chip ,Fuel,995.86,0
719505483,Blue,460,1,91,2023-07-23,Week-30,Q3,2023,5881,0,4431,89,0,Chip ,Grocery,1284.99,0
719506983,Blue,250,0,116,2023-07-23,Week-30,Q3,2023,17302,1339,1181,30,0.077,Swipe ,Entertainment,212.58,0
719511783,Blue,435,1,102,2023-07-23,Week-30,Q3,2023,1438.3,1197,4916,78,0.832,Chip ,Grocery,983.2,0
719512983,Blue,350,0,98,2023-07-23,Week-30,Q3,2023,1438.3,0,2295,51,0,Swipe ,Entertainment,481.95,0
719513733,Blue,150,0,161,2023-07-23,Week-30,Q3,2023,8739,0,4276,69,0,Swipe ,Fuel,256.56,0
719514783,Blue,140,1,115,2023-07-23,Week-30,Q3,2023,3209,2517,1292,37,0.784,Swipe ,Fuel,129.2,0
719516208,Blue,465,0,92,2023-07-23,Week-30,Q3,2023,34516,0,2329,47,0,Swipe ,Bills,535.67,0
719517258,Blue,175,1,101,2023-07-23,Week-30,Q3,2023,7558,1364,3676,67,0.18,Swipe ,Fuel,551.4,0
719518308,Blue,200,0,93,2023-07-23,Week-30,Q3,2023,5039,0,1390,23,0,Swipe ,Bills,83.4,1
719519058,Blue,125,1,121,2023-07-23,Week-30,Q3,2023,1477,0,2419,49,0,Chip ,Entertainment,653.13,1
719521983,Blue,385,1,97,2023-07-23,Week-30,Q3,2023,6116,1698,1592,32,0.278,Swipe ,Entertainment,286.56,1
719523108,Blue,385,1,97,2023-07-23,Week-30,Q3,2023,11236,576,4253,80,0.051,Swipe ,Entertainment,425.3,1
719524383,Blue,325,1,77,2023-07-23,Week-30,Q3,2023,2441,1670,4105,73,0.684,Swipe ,Fuel,944.15,0
719525358,Blue,150,0,80,2023-07-23,Week-30,Q3,2023,8133,1942,3310,76,0.239,Swipe ,Fuel,496.5,0
719527833,Blue,360,1,165,2023-07-23,Week-30,Q3,2023,23000,1097,3886,70,0.048,Swipe ,Entertainment,660.62,0
719528958,Blue,125,0,73,2023-07-23,Week-30,Q3,2023,8184,1508,4134,71,0.184,Swipe ,Entertainment,1116.18,0
719530158,Blue,460,1,105,2023-07-23,Week-30,Q3,2023,9843,1273,3677,66,0.129,Chip ,Travel,808.94,0
719531133,Blue,465,0,79,2023-07-23,Week-30,Q3,2023,2505,0,4384,80,0,Chip ,Fuel,657.6,0
719532108,Blue,150,0,92,2023-07-23,Week-30,Q3,2023,2813,2208,4491,68,0.785,Swipe ,Grocery,673.65,0
719534058,Blue,150,1,110,2023-07-23,Week-30,Q3,2023,2163,1942,4380,57,0.898,Swipe ,Bills,1182.6,0
719535558,Blue,490,1,100,2023-07-23,Week-30,Q3,2023,5570,1858,4129,72,0.334,Swipe ,Grocery,578.06,0
719536608,Blue,455,1,110,2023-07-23,Week-30,Q3,2023,2285,1931,4944,78,0.845,Swipe ,Grocery,494.4,0
719538183,Blue,370,1,119,2023-07-23,Week-30,Q3,2023,20789,0,4105,67,0,Swipe ,Bills,1026.25,0
719539458,Blue,470,0,89,2023-07-23,Week-30,Q3,2023,3913,0,5170,93,0,Swipe ,Bills,1344.2,0
719543208,Blue,395,1,93,2023-07-23,Week-30,Q3,2023,13220,848,3789,72,0.064,Swipe ,Entertainment,682.02,0
719545983,Blue,175,1,97,2023-07-23,Week-30,Q3,2023,13882,0,4798,82,0,Chip ,Entertainment,959.6,0
719547033,Blue,415,1,75,2023-07-23,Week-30,Q3,2023,23502,0,7957,60,0,Chip ,Travel,1670.97,0
719549508,Blue,220,0,63,2023-07-23,Week-30,Q3,2023,2712,1686,4678,74,0.622,Chip ,Food,1169.5,0
719554758,Blue,330,1,98,2023-07-23,Week-30,Q3,2023,34516,2165,1672,32,0.063,Swipe ,Bills,217.36,0
719555733,Blue,250,0,55,2023-07-23,Week-30,Q3,2023,2162,1592,1736,42,0.736,Swipe ,Bills,364.56,0
719556558,Blue,250,1,101,2023-07-23,Week-30,Q3,2023,3499,1759,3972,67,0.503,Swipe ,Bills,754.68,0
719557983,Blue,245,0,128,2023-07-23,Week-30,Q3,2023,2966,2371,4416,83,0.799,Swipe ,Fuel,441.6,0
719562108,Silver,340,1,87,2023-07-23,Week-30,Q3,2023,12793,1650,2671,67,0.129,Swipe ,Fuel,587.62,0
719563158,Blue,200,0,164,2023-07-23,Week-30,Q3,2023,4207,1921,3850,75,0.457,Swipe ,Fuel,847,0
719564208,Blue,325,0,167,2023-07-23,Week-30,Q3,2023,7195,0,2751,47,0,Swipe ,Fuel,467.67,0
719568333,Silver,200,0,107,2023-07-23,Week-30,Q3,2023,34516,1900,1668,36,0.055,Swipe ,Bills,200.16,0
719570733,Blue,385,0,113,2023-07-23,Week-30,Q3,2023,1629,978,3766,83,0.6,Swipe ,Fuel,414.26,0
719572833,Blue,300,1,80,2023-07-23,Week-30,Q3,2023,2791,1550,5440,83,0.555,Swipe ,Bills,870.4,0
719574033,Blue,100,1,155,2023-07-23,Week-30,Q3,2023,21906,0,15349,119,0,Chip ,Travel,3223.29,0
719577258,Blue,125,0,140,2023-07-23,Week-30,Q3,2023,6811,0,1937,39,0,Swipe ,Entertainment,445.51,0
719580033,Silver,435,1,75,2023-07-23,Week-30,Q3,2023,2910,2030,1256,21,0.698,Swipe ,Travel,288.88,0
719582058,Blue,250,0,70,2023-07-23,Week-30,Q3,2023,24001,1629,9102,75,0.068,Swipe ,Entertainment,819.18,0
719583558,Blue,110,1,58,2023-07-23,Week-30,Q3,2023,8900,1700,4710,70,0.191,Chip ,Food,329.7,0
719584608,Blue,95,0,89,2023-07-30,Week-31,Q3,2023,1438.3,0,4215,79,0,Swipe ,Fuel,295.05,0
719587158,Blue,375,0,49,2023-07-30,Week-31,Q3,2023,2608,1799,2565,72,0.69,Swipe ,Bills,641.25,0
719590458,Blue,125,0,95,2023-07-30,Week-31,Q3,2023,1905,0,3120,46,0,Swipe ,Bills,280.8,0
719591283,Blue,380,0,86,2023-07-30,Week-31,Q3,2023,1438.3,0,2412,58,0,Swipe ,Bills,241.2,0
719592483,Blue,485,1,170,2023-07-30,Week-31,Q3,2023,4607,2440,4825,77,0.53,Swipe ,Food,289.5,0
719593608,Blue,125,1,110,2023-07-30,Week-31,Q3,2023,33870,0,7661,61,0,Swipe ,Grocery,1455.59,0
719594433,Blue,360,1,115,2023-07-30,Week-31,Q3,2023,3269,1434,4672,66,0.439,Swipe ,Grocery,747.52,0
719595708,Blue,200,0,83,2023-07-30,Week-31,Q3,2023,7469,1294,15212,124,0.173,Online ,Food,4107.24,0
719596908,Silver,375,0,104,2023-07-30,Week-31,Q3,2023,11281,2118,1255,30,0.188,Swipe ,Entertainment,263.55,0
719601708,Blue,390,0,72,2023-07-30,Week-31,Q3,2023,10699,1099,5052,61,0.103,Swipe ,Entertainment,1161.96,0
719602908,Blue,245,0,85,2023-07-30,Week-31,Q3,2023,5667,812,2064,42,0.143,Swipe ,Bills,495.36,0
719604858,Blue,470,0,92,2023-07-30,Week-31,Q3,2023,5941,0,2196,37,0,Swipe ,Fuel,197.64,0
719606133,Blue,445,1,115,2023-07-30,Week-31,Q3,2023,5169,2296,4656,88,0.444,Swipe ,Fuel,1257.12,0
719607183,Blue,195,1,109,2023-07-30,Week-31,Q3,2023,21046,1631,7653,95,0.077,Swipe ,Grocery,2066.31,0
719608308,Blue,150,1,79,2023-07-30,Week-31,Q3,2023,9829,2517,2927,73,0.256,Swipe ,Bills,204.89,0
719609433,Blue,475,1,56,2023-07-30,Week-31,Q3,2023,1965,1525,4671,69,0.776,Chip ,Food,607.23,0
719610708,Blue,290,0,96,2023-07-30,Week-31,Q3,2023,28612,2517,14727,105,0.088,Swipe ,Grocery,2945.4,0
719612583,Blue,385,1,118,2023-07-30,Week-31,Q3,2023,12091,0,8127,74,0,Swipe ,Bills,2194.29,0
719613783,Blue,250,0,72,2023-07-30,Week-31,Q3,2023,1438.3,0,4211,64,0,Chip ,Entertainment,336.88,0
719614758,Blue,270,1,115,2023-07-30,Week-31,Q3,2023,2700,1977,4984,75,0.732,Chip ,Entertainment,747.6,0
719617758,Blue,430,0,113,2023-07-30,Week-31,Q3,2023,2464,1794,4610,76,0.728,Swipe ,Food,276.6,0
719620983,Blue,350,1,99,2023-07-30,Week-31,Q3,2023,2701,1839,4406,80,0.681,Swipe ,Entertainment,969.32,0
719621958,Blue,365,0,98,2023-07-30,Week-31,Q3,2023,4365,0,1720,40,0,Swipe ,Entertainment,498.8,0
719623083,Gold,250,1,86,2023-07-30,Week-31,Q3,2023,15987,1992,8302,81,0.125,Swipe ,Food,664.16,0
719625933,Blue,370,0,112,2023-07-30,Week-31,Q3,2023,5807,1143,8000,96,0.197,Swipe ,Food,2360,0
719627133,Blue,300,0,118,2023-07-30,Week-31,Q3,2023,3277,2481,3965,59,0.757,Chip ,Entertainment,753.35,0
719628033,Blue,125,1,85,2023-07-30,Week-31,Q3,2023,4134,1130,2475,52,0.273,Swipe ,Fuel,693,0
719629308,Silver,110,0,91,2023-07-30,Week-31,Q3,2023,34516,1783,8472,80,0.052,Online ,Food,1948.56,0
719630358,Blue,495,1,94,2023-07-30,Week-31,Q3,2023,3546,0,2616,47,0,Swipe ,Fuel,627.84,0
719632683,Blue,250,0,111,2023-07-30,Week-31,Q3,2023,2583,2235,4500,83,0.865,Swipe ,Grocery,1125,0
719633508,Blue,405,1,100,2023-07-30,Week-31,Q3,2023,1663,0,4875,86,0,Swipe ,Food,585,0
719634408,Silver,245,0,84,2023-07-30,Week-31,Q3,2023,34516,585,13534,104,0.017,Swipe ,Bills,947.38,0
719647383,Blue,125,1,112,2023-07-30,Week-31,Q3,2023,4408,1463,2001,49,0.332,Swipe ,Grocery,440.22,0
719648358,Blue,470,0,49,2023-07-30,Week-31,Q3,2023,2514,1521,1636,36,0.605,Swipe ,Entertainment,229.04,0
719649408,Blue,430,1,96,2023-07-30,Week-31,Q3,2023,13768,763,1390,44,0.055,Swipe ,Fuel,180.7,0
719651358,Blue,200,1,89,2023-07-30,Week-31,Q3,2023,24949,1749,4092,77,0.07,Swipe ,Grocery,491.04,0
719653308,Blue,250,1,72,2023-07-30,Week-31,Q3,2023,6049,796,4468,71,0.132,Swipe ,Entertainment,357.44,0
719654283,Silver,300,1,88,2023-07-30,Week-31,Q3,2023,19220,0,4642,81,0,Swipe ,Fuel,835.56,0
719655258,Blue,400,1,101,2023-07-30,Week-31,Q3,2023,3196,0,3412,72,0,Swipe ,Bills,443.56,0
719656533,Blue,95,0,91,2023-07-30,Week-31,Q3,2023,2675,0,4149,79,0,Swipe ,Entertainment,497.88,0
719657583,Blue,320,1,61,2023-07-30,Week-31,Q3,2023,9502,2457,2310,57,0.259,Swipe ,Grocery,346.5,0
719658858,Silver,300,0,80,2023-07-30,Week-31,Q3,2023,34516,2096,7042,73,0.061,Swipe ,Entertainment,1126.72,0
719659758,Blue,95,1,73,2023-07-30,Week-31,Q3,2023,2919,1670,4194,72,0.572,Chip ,Bills,922.68,0
719660658,Blue,140,1,119,2023-07-30,Week-31,Q3,2023,16594,1931,2134,47,0.116,Swipe ,Travel,533.5,0
719661558,Blue,245,1,85,2023-07-30,Week-31,Q3,2023,11656,1677,1441,32,0.144,Swipe ,Bills,244.97,0
719662458,Blue,320,1,82,2023-07-30,Week-31,Q3,2023,1438.3,679,1117,29,0.472,Swipe ,Travel,312.76,0
719666283,Blue,245,1,82,2023-07-30,Week-31,Q3,2023,3174,1951,1243,29,0.615,Swipe ,Fuel,261.03,0
719671383,Blue,100,1,81,2023-07-30,Week-31,Q3,2023,2969,0,4109,70,0,Swipe ,Bills,945.07,0
719672283,Silver,125,1,94,2023-07-30,Week-31,Q3,2023,33122,1587,3145,63,0.048,Swipe ,Bills,345.95,0
719674533,Blue,465,0,159,2023-07-30,Week-31,Q3,2023,16794,1527,4040,76,0.091,Swipe ,Grocery,282.8,0
719677758,Blue,455,0,91,2023-07-30,Week-31,Q3,2023,10830,2184,8814,88,0.202,Swipe ,Fuel,1322.1,0
719679858,Blue,335,1,116,2023-07-30,Week-31,Q3,2023,2848,1468,1135,27,0.515,Swipe ,Bills,90.8,0
719680908,Blue,95,0,84,2023-07-30,Week-31,Q3,2023,1776,691,4878,84,0.389,Swipe ,Entertainment,926.82,0
719682183,Blue,295,1,77,2023-07-30,Week-31,Q3,2023,6188,2517,1997,43,0.407,Chip ,Fuel,359.46,0
719683158,Blue,455,1,109,2023-07-30,Week-31,Q3,2023,4746,0,7154,66,0,Swipe ,Food,1216.18,0
719685408,Blue,355,0,83,2023-07-30,Week-31,Q3,2023,6332,318,2505,43,0.05,Swipe ,Food,400.8,0
719686458,Blue,125,1,81,2023-07-30,Week-31,Q3,2023,3908,1629,1903,30,0.417,Swipe ,Entertainment,228.36,0
719688408,Silver,125,0,70,2023-07-30,Week-31,Q3,2023,34516,0,3530,68,0,Swipe ,Food,882.5,0
719690733,Blue,125,0,78,2023-07-30,Week-31,Q3,2023,4490,1989,4346,70,0.443,Swipe ,Grocery,391.14,0
719692983,Blue,140,1,85,2023-07-30,Week-31,Q3,2023,4934,1504,2747,42,0.305,Swipe ,Fuel,576.87,0
719694408,Blue,245,1,68,2023-07-30,Week-31,Q3,2023,4541,0,7996,80,0,Swipe ,Food,1519.24,0
719699208,Blue,200,1,137,2023-07-30,Week-31,Q3,2023,1623,729,4423,65,0.449,Chip ,Fuel,1061.52,0
719701383,Blue,175,1,85,2023-07-30,Week-31,Q3,2023,5175,0,14304,99,0,Online ,Travel,4148.16,0
719703483,Blue,330,0,120,2023-07-30,Week-31,Q3,2023,2707,1367,4646,73,0.505,Chip ,Bills,789.82,0
719704308,Blue,425,1,105,2023-07-30,Week-31,Q3,2023,2072,1543,1265,32,0.745,Swipe ,Entertainment,265.65,0
719706483,Blue,100,1,53,2023-07-30,Week-31,Q3,2023,27499,1188,2202,46,0.043,Swipe ,Bills,264.24,0
719709558,Blue,245,0,120,2023-07-30,Week-31,Q3,2023,6223,2126,4518,79,0.342,Chip ,Bills,361.44,0
719712633,Blue,450,1,98,2023-07-30,Week-31,Q3,2023,1709,895,1673,32,0.524,Swipe ,Travel,368.06,0
719713683,Blue,110,1,133,2023-07-30,Week-31,Q3,2023,7608,2373,4921,81,0.312,Chip ,Fuel,1181.04,0
719714658,Blue,350,1,101,2023-07-30,Week-31,Q3,2023,12218,0,5272,62,0,Swipe ,Bills,948.96,0
719716983,Blue,290,1,77,2023-07-30,Week-31,Q3,2023,3257,0,4042,85,0,Swipe ,Food,323.36,0
719719158,Silver,360,1,92,2023-07-30,Week-31,Q3,2023,34516,1435,15584,114,0.042,Swipe ,Grocery,2025.92,0
719720058,Blue,330,1,70,2023-07-30,Week-31,Q3,2023,12756,837,1413,14,0.066,Swipe ,Travel,324.99,0
719722308,Blue,140,0,103,2023-07-30,Week-31,Q3,2023,3329,0,13109,114,0,Swipe ,Bills,2359.62,0
719723658,Blue,245,0,70,2023-07-30,Week-31,Q3,2023,1768,0,4628,90,0,Swipe ,Entertainment,879.32,0
719724933,Blue,375,1,109,2023-07-30,Week-31,Q3,2023,2220,1240,4396,78,0.559,Swipe ,Entertainment,835.24,0
719728383,Blue,220,0,85,2023-07-30,Week-31,Q3,2023,6861,1598,2228,39,0.233,Online ,Bills,512.44,0
719729433,Blue,415,0,89,2023-07-30,Week-31,Q3,2023,7023,1726,2535,51,0.246,Swipe ,Bills,177.45,0
719730258,Silver,370,0,93,2023-07-30,Week-31,Q3,2023,33771,0,3819,75,0,Chip ,Bills,458.28,0
719731458,Blue,300,0,95,2023-07-30,Week-31,Q3,2023,2910,709,1192,27,0.244,Swipe ,Bills,107.28,0
719732433,Blue,125,1,67,2023-07-30,Week-31,Q3,2023,12815,1017,3771,78,0.079,Swipe ,Food,527.94,0
719734533,Blue,190,0,75,2023-07-30,Week-31,Q3,2023,1438.3,689,4921,65,0.479,Swipe ,Bills,1377.88,0
719737833,Blue,445,1,91,2023-07-30,Week-31,Q3,2023,6370,0,1783,40,0,Swipe ,Fuel,249.62,0
719739108,Blue,455,0,126,2023-07-30,Week-31,Q3,2023,11352,2517,4021,56,0.222,Swipe ,Grocery,1166.09,0
719740008,Blue,380,0,92,2023-07-30,Week-31,Q3,2023,2791,940,2584,49,0.337,Swipe ,Fuel,310.08,0
719740983,Silver,275,1,104,2023-07-30,Week-31,Q3,2023,13259,866,8998,102,0.065,Online ,Food,1259.72,0
719742108,Blue,355,0,94,2023-07-30,Week-31,Q3,2023,3554,0,2372,44,0,Chip ,Food,237.2,0
719745558,Blue,285,0,79,2023-07-30,Week-31,Q3,2023,9137,1729,4626,77,0.189,Chip ,Bills,1063.98,0
719749083,Blue,140,1,142,2023-07-30,Week-31,Q3,2023,7098,2224,3465,59,0.313,Online ,Fuel,415.8,0
719751483,Blue,360,1,120,2023-07-30,Week-31,Q3,2023,1438.3,576,2567,48,0.4,Swipe ,Fuel,154.02,0
719756133,Blue,440,1,68,2023-07-30,Week-31,Q3,2023,3940,1384,3257,53,0.351,Swipe ,Bills,911.96,0
719758758,Blue,125,0,103,2023-07-30,Week-31,Q3,2023,2797,1943,4917,66,0.695,Swipe ,Grocery,1278.42,0
719759733,Blue,460,0,150,2023-07-30,Week-31,Q3,2023,1852,0,2851,49,0,Swipe ,Fuel,427.65,0
719761458,Blue,375,1,94,2023-07-30,Week-31,Q3,2023,4998,1626,4329,61,0.325,Chip ,Bills,692.64,0
719767683,Blue,490,0,73,2023-07-30,Week-31,Q3,2023,16983,0,8526,79,0,Chip ,Grocery,2046.24,0
719768658,Silver,195,1,94,2023-07-30,Week-31,Q3,2023,34516,2032,14544,104,0.059,Chip ,Grocery,2327.04,0
719770158,Blue,150,1,93,2023-07-30,Week-31,Q3,2023,8516,0,2189,37,0,Online ,Fuel,481.58,0
719772258,Blue,300,1,118,2023-07-30,Week-31,Q3,2023,3642,724,4517,79,0.199,Chip ,Entertainment,1084.08,1
719773158,Blue,295,1,119,2023-07-30,Week-31,Q3,2023,29738,2370,14270,97,0.08,Swipe ,Food,1569.7,1
719775408,Blue,125,1,79,2023-07-30,Week-31,Q3,2023,1438.3,0,5020,85,0,Swipe ,Grocery,552.2,1
719776608,Blue,175,1,96,2023-07-30,Week-31,Q3,2023,3126,0,1388,41,0,Swipe ,Bills,277.6,1
719781183,Blue,250,1,77,2023-07-30,Week-31,Q3,2023,15428,1553,1916,40,0.101,Swipe ,Entertainment,325.72,1
719782458,Blue,400,0,71,2023-07-30,Week-31,Q3,2023,7201,1992,3981,76,0.277,Chip ,Entertainment,636.96,1
719784708,Blue,200,1,73,2023-07-30,Week-31,Q3,2023,26882,1673,7409,89,0.062,Swipe ,Food,963.17,0
719785683,Blue,100,0,86,2023-07-30,Week-31,Q3,2023,21751,1573,8332,102,0.072,Swipe ,Bills,499.92,0
719787633,Silver,365,0,69,2023-07-30,Week-31,Q3,2023,34516,1913,7535,92,0.055,Swipe ,Grocery,1733.05,0
719788833,Blue,470,0,75,2023-07-30,Week-31,Q3,2023,10569,0,1682,44,0,Swipe ,Fuel,302.76,0
719794383,Blue,150,1,106,2023-07-30,Week-31,Q3,2023,4167,0,5039,85,0,Online ,Entertainment,453.51,0
719797758,Blue,250,1,100,2023-07-30,Week-31,Q3,2023,3422,2517,4922,84,0.736,Swipe ,Grocery,836.74,0
719799033,Blue,225,1,88,2023-07-30,Week-31,Q3,2023,5520,2448,14330,116,0.443,Online ,Travel,2436.1,0
719801508,Blue,270,1,116,2023-07-30,Week-31,Q3,2023,20230,798,4314,82,0.039,Swipe ,Fuel,733.38,0
719804208,Blue,290,0,119,2023-07-30,Week-31,Q3,2023,6824,1873,1933,48,0.274,Swipe ,Bills,367.27,0
719805183,Blue,225,0,98,2023-07-30,Week-31,Q3,2023,8848,961,15352,117,0.109,Chip ,Food,3377.44,0
719806233,Blue,450,1,89,2023-07-30,Week-31,Q3,2023,34516,0,2686,59,0,Swipe ,Bills,214.88,0
719808558,Blue,250,1,97,2023-07-30,Week-31,Q3,2023,1438.3,0,886,27,0,Swipe ,Bills,256.94,0
719809533,Blue,250,1,113,2023-07-30,Week-31,Q3,2023,2448,1969,5066,84,0.804,Online ,Fuel,506.6,0
719810583,Blue,465,0,99,2023-07-30,Week-31,Q3,2023,2140,1361,1280,34,0.636,Swipe ,Grocery,281.6,0
719813058,Blue,250,1,119,2023-07-30,Week-31,Q3,2023,2490,1235,8065,88,0.496,Swipe ,Entertainment,1532.35,0
719815383,Blue,410,1,81,2023-07-30,Week-31,Q3,2023,2333,1414,5137,89,0.606,Swipe ,Food,1438.36,0
719816583,Blue,195,1,115,2023-07-30,Week-31,Q3,2023,8989,552,2309,49,0.061,Swipe ,Bills,253.99,0
719818983,Blue,175,1,76,2023-07-30,Week-31,Q3,2023,12464,0,1195,35,0,Swipe ,Fuel,346.55,0
719819958,Blue,300,0,110,2023-07-30,Week-31,Q3,2023,1438.3,708,2243,43,0.492,Swipe ,Entertainment,269.16,0
719821908,Blue,175,1,89,2023-07-30,Week-31,Q3,2023,2703,0,2752,43,0,Swipe ,Food,330.24,0
719826333,Blue,340,1,83,2023-07-30,Week-31,Q3,2023,1438.3,0,2557,67,0,Swipe ,Fuel,281.27,0
719829633,Blue,335,0,110,2023-07-30,Week-31,Q3,2023,3200,1733,5026,79,0.542,Chip ,Bills,1005.2,0
719831958,Blue,125,0,45,2023-07-30,Week-31,Q3,2023,34516,0,1793,44,0,Swipe ,Bills,358.6,0
719834208,Blue,380,1,90,2023-07-30,Week-31,Q3,2023,2131,1288,4264,81,0.604,Swipe ,Grocery,1066,0
719835033,Blue,290,1,44,2023-07-30,Week-31,Q3,2023,13734,568,4283,67,0.041,Chip ,Bills,342.64,0
719836083,Blue,300,0,117,2023-07-30,Week-31,Q3,2023,7477,1752,1543,34,0.234,Swipe ,Grocery,385.75,0
719838558,Blue,325,1,105,2023-07-30,Week-31,Q3,2023,5131,1484,7432,92,0.289,Swipe ,Grocery,1858,0
719841708,Silver,150,0,113,2023-07-30,Week-31,Q3,2023,20356,2031,15180,121,0.1,Chip ,Bills,4098.6,0
719843958,Blue,175,1,110,2023-07-30,Week-31,Q3,2023,1754,894,4874,79,0.51,Swipe ,Fuel,1364.72,0
719845908,Blue,190,1,145,2023-07-30,Week-31,Q3,2023,3240,0,4803,83,0,Swipe ,Bills,1104.69,0
719847108,Blue,250,1,76,2023-07-30,Week-31,Q3,2023,8455,2517,8124,73,0.298,Chip ,Grocery,974.88,0
719848008,Silver,465,0,74,2023-07-30,Week-31,Q3,2023,29808,0,16098,128,0,Online ,Travel,2575.68,0
719848908,Blue,350,1,86,2023-07-30,Week-31,Q3,2023,2542,0,4087,73,0,Swipe ,Travel,490.44,0
719849958,Blue,300,1,114,2023-07-30,Week-31,Q3,2023,2658,1884,4779,83,0.709,Swipe ,Food,477.9,0
719850933,Blue,370,1,92,2023-07-30,Week-31,Q3,2023,4192,1734,13345,106,0.414,Chip ,Fuel,3469.7,0
719854008,Blue,475,0,160,2023-07-30,Week-31,Q3,2023,5154,1407,1694,32,0.273,Swipe ,Bills,271.04,0
719855958,Blue,125,0,126,2023-07-30,Week-31,Q3,2023,4475,0,3367,66,0,Swipe ,Fuel,202.02,0
719857008,Blue,95,1,72,2023-07-30,Week-31,Q3,2023,2886,2198,4531,81,0.762,Swipe ,Entertainment,317.17,0
719859033,Blue,125,1,71,2023-07-30,Week-31,Q3,2023,3264,0,6439,63,0,Chip ,Fuel,1159.02,0
719860308,Blue,100,1,102,2023-07-30,Week-31,Q3,2023,1438.3,0,2418,48,0,Swipe ,Bills,652.86,0
719862258,Blue,430,0,113,2023-07-30,Week-31,Q3,2023,5666,1393,5015,90,0.246,Online ,Fuel,1053.15,0
719863758,Blue,150,0,95,2023-07-30,Week-31,Q3,2023,1869,758,1549,34,0.406,Swipe ,Entertainment,154.9,0
719868183,Blue,490,0,110,2023-07-30,Week-31,Q3,2023,1456,0,2843,42,0,Swipe ,Food,312.73,0
719872833,Blue,460,1,104,2023-07-30,Week-31,Q3,2023,2803,0,3347,71,0,Swipe ,Entertainment,870.22,0
719873808,Blue,245,0,77,2023-07-30,Week-31,Q3,2023,5510,1604,1995,53,0.291,Swipe ,Grocery,179.55,0
719874633,Gold,455,0,141,2023-07-30,Week-31,Q3,2023,34516,0,1891,34,0,Swipe ,Fuel,472.75,0
719876808,Blue,365,1,73,2023-07-30,Week-31,Q3,2023,13625,0,3902,62,0,Chip ,Bills,1014.52,0
719880408,Blue,250,0,105,2023-07-30,Week-31,Q3,2023,3072,1611,3992,57,0.524,Chip ,Food,279.44,0
719881533,Silver,450,0,109,2023-07-30,Week-31,Q3,2023,16547,0,1561,41,0,Swipe ,Entertainment,437.08,0
719882583,Blue,435,1,74,2023-07-30,Week-31,Q3,2023,13477,2057,3866,67,0.153,Online ,Fuel,734.54,0
719883858,Blue,300,1,92,2023-07-30,Week-31,Q3,2023,2774,0,1258,33,0,Swipe ,Entertainment,339.66,0
719884983,Blue,95,1,87,2023-07-30,Week-31,Q3,2023,1538,666,4808,64,0.433,Swipe ,Entertainment,528.88,0
719885883,Blue,275,0,78,2023-07-30,Week-31,Q3,2023,34516,1901,1497,43,0.055,Swipe ,Bills,419.16,0
719887008,Blue,470,1,93,2023-07-30,Week-31,Q3,2023,1757,1352,4121,81,0.769,Swipe ,Entertainment,1071.46,0
719888358,Blue,425,1,49,2023-07-30,Week-31,Q3,2023,18432,1422,2748,58,0.077,Swipe ,Grocery,687,0
719889408,Blue,460,1,116,2023-07-30,Week-31,Q3,2023,3652,1351,1561,39,0.37,Swipe ,Entertainment,343.42,0
719894433,Blue,390,1,149,2023-07-30,Week-31,Q3,2023,1679,951,2492,43,0.566,Chip ,Food,573.16,0
719898108,Blue,200,0,126,2023-07-30,Week-31,Q3,2023,3667,809,5322,79,0.221,Swipe ,Entertainment,638.64,0
719900733,Blue,220,0,74,2023-07-30,Week-31,Q3,2023,9805,1007,14641,95,0.103,Chip ,Fuel,2342.56,0
719902908,Blue,320,0,103,2023-07-30,Week-31,Q3,2023,5130,0,1434,31,0,Swipe ,Entertainment,315.48,0
719904333,Blue,375,1,64,2023-07-30,Week-31,Q3,2023,1459,590,2229,52,0.404,Swipe ,Fuel,601.83,0
719905908,Blue,245,1,66,2023-07-30,Week-31,Q3,2023,3742,1175,1505,31,0.314,Swipe ,Entertainment,346.15,0
719910333,Blue,495,1,107,2023-07-30,Week-31,Q3,2023,5853,1190,3595,80,0.203,Chip ,Grocery,575.2,0
719911458,Blue,245,0,102,2023-07-30,Week-31,Q3,2023,2598,1848,4396,78,0.711,Swipe ,Bills,659.4,0
719912808,Blue,435,1,70,2023-07-30,Week-31,Q3,2023,14973,0,4288,72,0,Swipe ,Fuel,814.72,0
719913783,Blue,400,1,93,2023-07-30,Week-31,Q3,2023,7680,1589,13617,105,0.207,Swipe ,Fuel,3812.76,0
719914908,Silver,445,1,57,2023-07-30,Week-31,Q3,2023,11568,1846,1701,44,0.16,Online ,Entertainment,357.21,0
719916408,Blue,150,0,57,2023-07-30,Week-31,Q3,2023,2501,1909,1850,34,0.763,Swipe ,Entertainment,277.5,0
719917233,Blue,485,1,113,2023-07-30,Week-31,Q3,2023,13382,1159,1828,45,0.087,Chip ,Travel,457,0
719918358,Blue,270,1,96,2023-07-30,Week-31,Q3,2023,3082,2507,7787,89,0.813,Swipe ,Food,2102.49,0
719922558,Blue,465,1,107,2023-07-30,Week-31,Q3,2023,1438.3,0,5346,84,0,Swipe ,Grocery,588.06,0
719924433,Silver,250,1,73,2023-07-30,Week-31,Q3,2023,16191,0,13452,107,0,Swipe ,Bills,1748.76,0
719925483,Blue,445,1,80,2023-07-30,Week-31,Q3,2023,2171,1043,4531,88,0.48,Swipe ,Food,317.17,0
719926683,Blue,200,0,94,2023-07-30,Week-31,Q3,2023,20749,2171,4754,77,0.105,Swipe ,Entertainment,998.34,0
719929758,Blue,445,1,81,2023-07-30,Week-31,Q3,2023,4181,0,3057,54,0,Chip ,Bills,489.12,0
719930658,Blue,200,1,95,2023-07-30,Week-31,Q3,2023,16634,1946,3455,72,0.117,Chip ,Bills,863.75,0
719934783,Blue,245,1,104,2023-07-30,Week-31,Q3,2023,3676,673,14651,105,0.183,Chip ,Travel,4248.79,0
719940483,Blue,175,1,102,2023-07-30,Week-31,Q3,2023,2107,1663,4841,88,0.789,Swipe ,Food,532.51,0
719941533,Blue,125,1,80,2023-07-30,Week-31,Q3,2023,5497,1735,16266,124,0.316,Chip ,Travel,3903.84,0
719942883,Blue,275,0,94,2023-07-30,Week-31,Q3,2023,2290,1434,1119,18,0.626,Swipe ,Bills,145.47,0
719944458,Blue,250,1,131,2023-07-30,Week-31,Q3,2023,4023,1437,12510,96,0.357,Online ,Bills,1751.4,0
719945433,Blue,245,1,52,2023-07-30,Week-31,Q3,2023,2070,0,1793,53,0,Swipe ,Entertainment,143.44,0
719947533,Blue,480,1,93,2023-07-30,Week-31,Q3,2023,5547,0,4585,79,0,Swipe ,Fuel,1100.4,0
719951208,Blue,355,1,135,2023-07-30,Week-31,Q3,2023,19188,0,4366,69,0,Chip ,Travel,1266.14,0
719952408,Blue,470,0,111,2023-07-30,Week-31,Q3,2023,2550,1623,1870,51,0.636,Swipe ,Bills,411.4,0
719953383,Blue,100,1,89,2023-07-30,Week-31,Q3,2023,1438.3,0,4564,79,0,Swipe ,Bills,867.16,0
719954733,Blue,465,0,120,2023-07-30,Week-31,Q3,2023,30357,1255,4435,68,0.041,Chip ,Grocery,310.45,0
719955558,Silver,270,0,110,2023-07-30,Week-31,Q3,2023,11511,0,14436,123,0,Chip ,Entertainment,4186.44,0
719960133,Silver,175,0,79,2023-07-30,Week-31,Q3,2023,34516,904,3910,68,0.026,Chip ,Fuel,1133.9,0
719961183,Blue,300,0,74,2023-07-30,Week-31,Q3,2023,2271,1278,1550,33,0.563,Swipe ,Bills,449.5,0
719962458,Blue,245,1,119,2023-07-30,Week-31,Q3,2023,2561,1491,4869,70,0.582,Chip ,Food,730.35,0
719963433,Blue,360,1,92,2023-07-30,Week-31,Q3,2023,8318,1945,3676,77,0.234,Swipe ,Entertainment,551.4,0
719964933,Blue,330,0,121,2023-08-06,Week-32,Q3,2023,1438.3,0,4550,78,0,Swipe ,Bills,1001,0
719967708,Blue,125,1,52,2023-08-06,Week-32,Q3,2023,6472,2128,3592,66,0.329,Online ,Bills,610.64,0
719971458,Blue,340,0,109,2023-08-06,Week-32,Q3,2023,5275,1490,4213,74,0.282,Swipe ,Fuel,1179.64,0
719973033,Blue,110,1,158,2023-08-06,Week-32,Q3,2023,3208,0,4531,86,0,Swipe ,Entertainment,498.41,0
719976558,Blue,335,1,82,2023-08-06,Week-32,Q3,2023,4249,1562,1881,49,0.368,Swipe ,Fuel,451.44,0
719978583,Blue,300,1,58,2023-08-06,Week-32,Q3,2023,5265,0,3281,68,0,Swipe ,Grocery,656.2,0
719981508,Blue,220,0,54,2023-08-06,Week-32,Q3,2023,1649,0,2574,51,0,Swipe ,Food,308.88,0
719986758,Blue,375,1,76,2023-08-06,Week-32,Q3,2023,3001,0,2577,39,0,Swipe ,Fuel,412.32,0
719987733,Blue,390,0,58,2023-08-06,Week-32,Q3,2023,5026,0,1844,37,0,Swipe ,Entertainment,295.04,0
719989008,Blue,300,0,84,2023-08-06,Week-32,Q3,2023,25657,2216,1121,25,0.086,Swipe ,Fuel,291.46,0
719990358,Blue,125,1,75,2023-08-06,Week-32,Q3,2023,1967,0,4620,77,0,Swipe ,Entertainment,877.8,0
719991783,Silver,275,0,156,2023-08-06,Week-32,Q3,2023,34516,2183,3644,67,0.063,Swipe ,Bills,874.56,0
719995008,Blue,350,1,111,2023-08-06,Week-32,Q3,2023,3979,780,5024,69,0.196,Online ,Fuel,1256,0
719996958,Blue,200,0,93,2023-08-06,Week-32,Q3,2023,7997,0,2208,56,0,Swipe ,Entertainment,375.36,0
719998233,Silver,250,1,40,2023-08-06,Week-32,Q3,2023,34516,964,2922,71,0.028,Online ,Food,730.5,0
719999508,Blue,270,0,57,2023-08-06,Week-32,Q3,2023,11894,816,2438,45,0.069,Swipe ,Fuel,316.94,0
720000708,Blue,140,0,76,2023-08-06,Week-32,Q3,2023,2172,1381,2945,69,0.636,Swipe ,Bills,559.55,0
720001758,Blue,300,1,91,2023-08-06,Week-32,Q3,2023,3534,1175,13588,94,0.332,Chip ,Fuel,2853.48,0
720003558,Blue,150,0,105,2023-08-06,Week-32,Q3,2023,1834,1416,5653,79,0.772,Swipe ,Bills,678.36,0
720006333,Blue,250,0,113,2023-08-06,Week-32,Q3,2023,4479,0,4520,63,0,Swipe ,Bills,542.4,0
720007383,Blue,375,1,119,2023-08-06,Week-32,Q3,2023,4411,2517,803,15,0.571,Swipe ,Bills,80.3,0
720008133,Blue,320,0,61,2023-08-06,Week-32,Q3,2023,3416,727,4121,83,0.213,Chip ,Entertainment,1071.46,0
720009558,Gold,250,0,102,2023-08-06,Week-32,Q3,2023,34516,1540,2574,72,0.045,Swipe ,Entertainment,746.46,0
720010608,Blue,440,1,79,2023-08-06,Week-32,Q3,2023,10226,0,2243,44,0,Chip ,Food,515.89,0
720011958,Silver,175,1,77,2023-08-06,Week-32,Q3,2023,6024,1532,15763,97,0.254,Chip ,Bills,3467.86,0
720013083,Blue,150,0,95,2023-08-06,Week-32,Q3,2023,2132,797,3265,74,0.374,Swipe ,Fuel,783.6,0
720014358,Blue,400,0,107,2023-08-06,Week-32,Q3,2023,1934,985,4019,78,0.509,Swipe ,Entertainment,924.37,0
720015183,Blue,100,0,72,2023-08-06,Week-32,Q3,2023,5130,2048,4601,88,0.399,Swipe ,Food,1012.22,0
720016308,Blue,375,1,100,2023-08-06,Week-32,Q3,2023,1927,1319,4199,77,0.684,Swipe ,Bills,251.94,0
720017958,Blue,405,1,129,2023-08-06,Week-32,Q3,2023,6121,1679,14224,117,0.274,Swipe ,Fuel,2987.04,0
720026058,Blue,175,0,45,2023-08-06,Week-32,Q3,2023,21378,1284,3526,64,0.06,Swipe ,Bills,775.72,0
720027258,Blue,475,1,80,2023-08-06,Week-32,Q3,2023,1438.3,0,4978,73,0,Swipe ,Grocery,1194.72,0
720028683,Blue,150,1,70,2023-08-06,Week-32,Q3,2023,2720,1926,3806,61,0.708,Swipe ,Entertainment,494.78,0
720029508,Blue,220,1,105,2023-08-06,Week-32,Q3,2023,12064,1312,4100,67,0.109,Online ,Food,861,0
720031908,Blue,125,0,122,2023-08-06,Week-32,Q3,2023,4370,0,4326,74,0,Chip ,Fuel,994.98,0
720033033,Blue,300,0,56,2023-08-06,Week-32,Q3,2023,15101,1396,13545,96,0.092,Swipe ,Food,1625.4,0
720034983,Silver,300,1,85,2023-08-06,Week-32,Q3,2023,10254,0,4258,68,0,Swipe ,Food,596.12,0
720040158,Blue,150,0,87,2023-08-06,Week-32,Q3,2023,17656,0,4633,71,0,Chip ,Entertainment,1250.91,0
720043533,Blue,225,0,103,2023-08-06,Week-32,Q3,2023,4534,917,4211,66,0.202,Chip ,Fuel,421.1,0
720044658,Blue,345,1,115,2023-08-06,Week-32,Q3,2023,4573,2076,2720,46,0.454,Swipe ,Grocery,435.2,0
720046458,Blue,245,0,118,2023-08-06,Week-32,Q3,2023,2670,1944,4491,65,0.728,Swipe ,Fuel,494.01,0
720049083,Blue,125,0,78,2023-08-06,Week-32,Q3,2023,1438.3,0,2355,47,0,Chip ,Bills,164.85,0
720050208,Blue,220,1,69,2023-08-06,Week-32,Q3,2023,4255,1748,2236,57,0.411,Swipe ,Travel,223.6,0
720054183,Blue,200,1,84,2023-08-06,Week-32,Q3,2023,2768,2228,5112,86,0.805,Swipe ,Bills,715.68,0
720057183,Blue,400,1,85,2023-08-06,Week-32,Q3,2023,7789,957,3412,70,0.123,Swipe ,Grocery,580.04,0
720062508,Blue,175,1,161,2023-08-06,Week-32,Q3,2023,1628,0,2527,41,0,Swipe ,Food,682.29,0
720064158,Blue,320,0,78,2023-08-06,Week-32,Q3,2023,1438.3,0,4323,70,0,Swipe ,Food,778.14,0
720067083,Blue,465,0,98,2023-08-06,Week-32,Q3,2023,1536,801,3904,74,0.521,Swipe ,Food,468.48,0
720068808,Blue,390,0,107,2023-08-06,Week-32,Q3,2023,3302,1980,3899,65,0.6,Swipe ,Grocery,857.78,0
720070383,Blue,200,0,102,2023-08-06,Week-32,Q3,2023,2429,1966,4775,84,0.809,Swipe ,Grocery,859.5,0
720071583,Blue,250,1,94,2023-08-06,Week-32,Q3,2023,7151,800,854,22,0.112,Online ,Bills,111.02,0
720072933,Blue,125,1,95,2023-08-06,Week-32,Q3,2023,1438.3,666,4759,90,0.463,Swipe ,Bills,1237.34,0
720074583,Blue,335,0,92,2023-08-06,Week-32,Q3,2023,4765,1516,7380,76,0.318,Swipe ,Fuel,3918.8,0
720075558,Blue,270,0,90,2023-08-06,Week-32,Q3,2023,7084,0,3838,66,0,Swipe ,Grocery,268.66,0
720076458,Blue,335,1,119,2023-08-06,Week-32,Q3,2023,10974,0,1327,26,0,Swipe ,Bills,119.43,0
720079758,Blue,245,1,131,2023-08-06,Week-32,Q3,2023,1910,1431,5253,82,0.749,Swipe ,Fuel,577.83,0
720084183,Blue,175,0,139,2023-08-06,Week-32,Q3,2023,16284,0,3018,75,0,Swipe ,Bills,784.68,0
720085233,Blue,380,1,72,2023-08-06,Week-32,Q3,2023,8930,2517,2167,38,0.282,Chip ,Fuel,520.08,0
720086358,Gold,225,1,108,2023-08-06,Week-32,Q3,2023,12648,1604,14465,125,0.127,Swipe ,Food,1157.2,0
720087708,Blue,175,0,95,2023-08-06,Week-32,Q3,2023,1854,0,5245,89,0,Chip ,Travel,1258.8,0
720091083,Blue,250,1,94,2023-08-06,Week-32,Q3,2023,6467,1887,4098,61,0.292,Chip ,Fuel,983.52,0
720092283,Blue,300,0,105,2023-08-06,Week-32,Q3,2023,2016,978,4379,78,0.485,Chip ,Fuel,788.22,0
720093333,Blue,415,1,101,2023-08-06,Week-32,Q3,2023,3491,2506,4855,79,0.718,Chip ,Grocery,1310.85,0
720096558,Blue,440,0,112,2023-08-06,Week-32,Q3,2023,2216,1034,1540,36,0.467,Swipe ,Travel,215.6,0
720099708,Blue,475,1,68,2023-08-06,Week-32,Q3,2023,3124,2517,4716,68,0.806,Swipe ,Bills,1179,0
720101658,Blue,150,1,52,2023-08-06,Week-32,Q3,2023,3416,1109,4614,70,0.325,Swipe ,Bills,738.24,0
720105933,Blue,485,1,117,2023-08-06,Week-32,Q3,2023,11427,2307,15243,107,0.202,Chip ,Travel,2591.31,0
720108783,Blue,380,0,46,2023-08-06,Week-32,Q3,2023,7459,1717,4328,68,0.23,Chip ,Bills,649.2,0
720113433,Blue,365,1,71,2023-08-06,Week-32,Q3,2023,20803,1446,2073,43,0.07,Swipe ,Grocery,580.44,0
720114633,Blue,445,1,66,2023-08-06,Week-32,Q3,2023,2709,1726,5056,89,0.637,Swipe ,Grocery,1365.12,0
720115683,Blue,345,0,50,2023-08-06,Week-32,Q3,2023,29770,1565,1774,42,0.053,Swipe ,Bills,478.98,0
720118908,Blue,455,1,103,2023-08-06,Week-32,Q3,2023,9916,0,3477,65,0,Chip ,Grocery,695.4,0
720119808,Blue,280,1,72,2023-08-06,Week-32,Q3,2023,24126,948,3342,52,0.039,Swipe ,Entertainment,835.5,0
720122808,Silver,175,1,105,2023-08-06,Week-32,Q3,2023,33180,511,797,14,0.015,Swipe ,Entertainment,47.82,0
720124758,Blue,330,1,98,2023-08-06,Week-32,Q3,2023,2509,450,2239,47,0.179,Chip ,Bills,134.34,0
720126033,Blue,465,1,100,2023-08-06,Week-32,Q3,2023,1944,1804,4682,90,0.928,Swipe ,Food,655.48,0
720128658,Blue,390,1,53,2023-08-06,Week-32,Q3,2023,5181,0,8943,68,0,Chip ,Food,1520.31,0
720130233,Blue,285,1,67,2023-08-06,Week-32,Q3,2023,1641,0,2536,45,0,Swipe ,Grocery,507.2,0
720132258,Silver,150,0,125,2023-08-06,Week-32,Q3,2023,34516,1323,3422,78,0.038,Swipe ,Bills,410.64,0
720133908,Blue,220,0,125,2023-08-06,Week-32,Q3,2023,4461,900,4204,77,0.202,Swipe ,Entertainment,1051,0
720135333,Blue,370,1,100,2023-08-06,Week-32,Q3,2023,8694,961,1753,49,0.111,Chip ,Grocery,333.07,0
720136458,Blue,470,0,119,2023-08-06,Week-32,Q3,2023,6867,776,14119,97,0.113,Swipe ,Fuel,1411.9,0
720141408,Blue,395,1,113,2023-08-06,Week-32,Q3,2023,5456,951,1096,27,0.174,Swipe ,Entertainment,186.32,0
720142308,Blue,125,1,78,2023-08-06,Week-32,Q3,2023,2160,0,2360,56,0,Swipe ,Bills,684.4,0
720145683,Blue,150,1,170,2023-08-06,Week-32,Q3,2023,2987,2517,1617,35,0.843,Swipe ,Entertainment,129.36,0
720146733,Blue,300,1,94,2023-08-06,Week-32,Q3,2023,2480,1890,4114,66,0.762,Chip ,Grocery,987.36,0
720147633,Blue,460,1,70,2023-08-06,Week-32,Q3,2023,11915,1631,1956,63,0.137,Swipe ,Food,136.92,0
720148983,Blue,435,1,100,2023-08-06,Week-32,Q3,2023,2178,1144,1724,47,0.525,Swipe ,Bills,103.44,0
720150858,Blue,95,0,114,2023-08-06,Week-32,Q3,2023,1439,0,2932,44,0,Swipe ,Grocery,527.76,0
720152058,Blue,125,1,108,2023-08-06,Week-32,Q3,2023,2725,2444,4965,85,0.897,Swipe ,Fuel,943.35,0
720153258,Blue,415,0,101,2023-08-06,Week-32,Q3,2023,6210,1083,3095,62,0.174,Swipe ,Food,402.35,0
720154533,Blue,225,0,117,2023-08-06,Week-32,Q3,2023,2415,1643,5063,78,0.68,Online ,Entertainment,1012.6,0
720155583,Blue,125,0,136,2023-08-06,Week-32,Q3,2023,2426,1589,5175,82,0.655,Swipe ,Bills,1397.25,0
720158208,Blue,300,0,83,2023-08-06,Week-32,Q3,2023,3034,2167,2058,49,0.714,Swipe ,Entertainment,267.54,0
720163458,Blue,125,0,115,2023-08-06,Week-32,Q3,2023,28043,1786,14521,109,0.064,Chip ,Travel,2468.57,0
720164358,Blue,200,0,93,2023-08-06,Week-32,Q3,2023,6058,0,4754,60,0,Swipe ,Bills,855.72,0
720165258,Blue,125,0,66,2023-08-06,Week-32,Q3,2023,3170,2330,5357,91,0.735,Swipe ,Food,749.98,0
720167508,Blue,95,1,69,2023-08-06,Week-32,Q3,2023,19000,2389,7664,74,0.126,Swipe ,Fuel,459.84,0
720168558,Blue,330,0,45,2023-08-06,Week-32,Q3,2023,2936,0,4876,74,0,Chip ,Grocery,390.08,0
720169383,Blue,300,1,117,2023-08-06,Week-32,Q3,2023,3224,2111,3707,74,0.655,Swipe ,Entertainment,815.54,0
720171033,Blue,125,0,41,2023-08-06,Week-32,Q3,2023,11498,1577,4014,70,0.137,Swipe ,Entertainment,883.08,0
720174033,Blue,125,1,83,2023-08-06,Week-32,Q3,2023,34516,975,12871,104,0.028,Swipe ,Grocery,900.97,0
720175008,Blue,175,1,147,2023-08-06,Week-32,Q3,2023,5069,1843,4055,66,0.364,Online ,Fuel,811,0
720178158,Blue,385,1,118,2023-08-06,Week-32,Q3,2023,7552,0,5537,63,0,Swipe ,Bills,1218.14,1
720179883,Blue,365,0,131,2023-08-06,Week-32,Q3,2023,1962,0,1179,27,0,Swipe ,Bills,176.85,1
720180633,Blue,220,0,79,2023-08-06,Week-32,Q3,2023,3390,2385,4128,73,0.704,Swipe ,Bills,1114.56,1
720181758,Blue,425,1,105,2023-08-06,Week-32,Q3,2023,8654,0,850,18,0,Swipe ,Travel,127.5,1
720182658,Blue,245,1,141,2023-08-06,Week-32,Q3,2023,18056,940,4473,72,0.052,Chip ,Travel,581.49,1
720185058,Blue,385,1,107,2023-08-06,Week-32,Q3,2023,4267,0,1067,23,0,Swipe ,Bills,245.41,1
720186258,Blue,285,1,59,2023-08-06,Week-32,Q3,2023,4701,1170,4136,77,0.249,Chip ,Grocery,1199.44,1
720188508,Blue,320,0,130,2023-08-06,Week-32,Q3,2023,13193,1749,4071,64,0.133,Swipe ,Entertainment,569.94,0
720190083,Blue,485,1,86,2023-08-06,Week-32,Q3,2023,1632,0,2509,47,0,Online ,Bills,577.07,0
720190908,Blue,460,1,110,2023-08-06,Week-32,Q3,2023,8973,1300,4699,72,0.145,Swipe ,Grocery,469.9,0
720191883,Blue,300,1,59,2023-08-06,Week-32,Q3,2023,7050,659,1236,36,0.093,Swipe ,Entertainment,148.32,0
720193533,Blue,455,0,71,2023-08-06,Week-32,Q3,2023,5071,1043,3358,62,0.206,Chip ,Entertainment,805.92,0
720196158,Blue,350,1,97,2023-08-06,Week-32,Q3,2023,4476,0,3350,67,0,Chip ,Grocery,603,0
720197058,Blue,275,1,76,2023-08-06,Week-32,Q3,2023,3443,0,2505,45,0,Chip ,Entertainment,726.45,0
720198183,Blue,390,0,73,2023-08-06,Week-32,Q3,2023,2437,1718,8028,77,0.705,Swipe ,Food,1605.6,0
720201033,Blue,475,1,79,2023-08-06,Week-32,Q3,2023,11669,2227,720,23,0.191,Swipe ,Bills,108,0
720202008,Blue,465,0,67,2023-08-06,Week-32,Q3,2023,3888,2517,4377,88,0.647,Chip ,Food,306.39,0
720204558,Blue,340,0,89,2023-08-06,Week-32,Q3,2023,1640,999,4597,77,0.609,Chip ,Bills,1011.34,0
720205608,Blue,250,0,151,2023-08-06,Week-32,Q3,2023,4222,0,4487,77,0,Swipe ,Fuel,807.66,0
720206658,Blue,320,1,120,2023-08-06,Week-32,Q3,2023,1479,458,1811,44,0.31,Chip ,Fuel,344.09,0
720210483,Blue,425,0,168,2023-08-06,Week-32,Q3,2023,6720,2143,5049,85,0.319,Swipe ,Food,1464.21,0
720211533,Blue,275,1,102,2023-08-06,Week-32,Q3,2023,2888,821,4713,77,0.284,Chip ,Fuel,329.91,0
720212508,Blue,150,1,139,2023-08-06,Week-32,Q3,2023,4402,697,3325,76,0.158,Chip ,Grocery,365.75,0
720214833,Silver,405,1,79,2023-08-06,Week-32,Q3,2023,34516,2177,1234,23,0.063,Swipe ,Bills,308.5,0
720216108,Blue,300,1,85,2023-08-06,Week-32,Q3,2023,2549,2130,2605,61,0.836,Swipe ,Fuel,521,0
720218658,Blue,300,0,146,2023-08-06,Week-32,Q3,2023,3369,756,4501,96,0.224,Swipe ,Entertainment,1260.28,0
720219633,Blue,125,1,139,2023-08-06,Week-32,Q3,2023,2723,1544,4108,70,0.567,Swipe ,Bills,328.64,0
720228708,Blue,300,1,91,2023-08-06,Week-32,Q3,2023,27029,1347,1302,27,0.05,Swipe ,Bills,195.3,0
720231108,Blue,290,0,75,2023-08-06,Week-32,Q3,2023,3451,0,3031,57,0,Swipe ,Bills,363.72,0
720234708,Blue,125,1,77,2023-08-06,Week-32,Q3,2023,15490,0,2429,50,0,Chip ,Fuel,607.25,0
720235608,Blue,200,0,115,2023-08-06,Week-32,Q3,2023,3828,0,4470,58,0,Chip ,Bills,894,0
720236433,Blue,250,1,170,2023-08-06,Week-32,Q3,2023,5037,1670,4379,67,0.332,Swipe ,Bills,1226.12,0
720237408,Silver,300,1,75,2023-08-06,Week-32,Q3,2023,22715,707,15004,117,0.031,Chip ,Travel,3751,0
720241758,Blue,245,1,101,2023-08-06,Week-32,Q3,2023,8276,1671,1409,25,0.202,Swipe ,Bills,154.99,0
720242733,Blue,125,1,89,2023-08-06,Week-32,Q3,2023,1963,1549,3718,75,0.789,Swipe ,Grocery,446.16,0
720243933,Blue,150,0,104,2023-08-06,Week-32,Q3,2023,1789,0,2784,49,0,Chip ,Bills,389.76,0
720244983,Blue,355,0,50,2023-08-06,Week-32,Q3,2023,3563,1707,1482,42,0.479,Swipe ,Bills,400.14,0
720247158,Blue,150,1,93,2023-08-06,Week-32,Q3,2023,7108,600,3787,68,0.084,Swipe ,Fuel,1060.36,0
720248208,Blue,200,0,97,2023-08-06,Week-32,Q3,2023,5731,1577,1554,26,0.275,Swipe ,Bills,186.48,0
720249183,Blue,285,1,95,2023-08-06,Week-32,Q3,2023,8243,927,4503,90,0.112,Swipe ,Grocery,1260.84,0
720250158,Blue,300,0,78,2023-08-06,Week-32,Q3,2023,23218,1814,1749,37,0.078,Swipe ,Entertainment,227.37,0
720251358,Blue,290,1,87,2023-08-06,Week-32,Q3,2023,3591,2517,2313,43,0.701,Swipe ,Food,416.34,0
720252858,Blue,245,1,158,2023-08-06,Week-32,Q3,2023,10350,0,3396,63,0,Swipe ,Bills,713.16,0
720253908,Blue,150,0,106,2023-08-06,Week-32,Q3,2023,2852,1024,1651,28,0.359,Swipe ,Bills,462.28,0
720254883,Blue,190,1,106,2023-08-06,Week-32,Q3,2023,5877,1697,2494,58,0.289,Swipe ,Food,723.26,0
720256158,Blue,125,1,121,2023-08-06,Week-32,Q3,2023,2264,0,4279,75,0,Chip ,Fuel,599.06,0
720258183,Blue,490,1,99,2023-08-06,Week-32,Q3,2023,3394,2517,5421,75,0.742,Swipe ,Bills,704.73,0
720259308,Blue,380,0,106,2023-08-06,Week-32,Q3,2023,6347,569,3927,82,0.09,Swipe ,Grocery,942.48,0
720260433,Blue,430,0,96,2023-08-06,Week-32,Q3,2023,3336,1687,5577,95,0.506,Online ,Grocery,613.47,0
720264783,Blue,355,1,80,2023-08-06,Week-32,Q3,2023,5031,1327,1433,34,0.264,Swipe ,Grocery,415.57,0
720267033,Blue,435,0,75,2023-08-06,Week-32,Q3,2023,5100,1786,2375,63,0.35,Swipe ,Bills,546.25,0
720269283,Blue,475,1,131,2023-08-06,Week-32,Q3,2023,2485,1651,4351,86,0.664,Swipe ,Grocery,1087.75,0
720270633,Blue,330,0,91,2023-08-06,Week-32,Q3,2023,1516,0,2709,54,0,Swipe ,Grocery,541.8,0
720272958,Blue,430,0,76,2023-08-06,Week-32,Q3,2023,27126,0,1000,25,0,Swipe ,Bills,240,0
720274158,Blue,125,0,83,2023-08-06,Week-32,Q3,2023,4478,1700,3879,76,0.38,Chip ,Entertainment,892.17,0
720275358,Blue,335,1,115,2023-08-06,Week-32,Q3,2023,1889,0,2479,46,0,Swipe ,Bills,371.85,0
720281508,Blue,150,0,67,2023-08-06,Week-32,Q3,2023,2406,1491,4625,91,0.62,Online ,Food,277.5,0
720282558,Silver,340,0,83,2023-08-06,Week-32,Q3,2023,34516,1568,2873,73,0.045,Swipe ,Entertainment,287.3,0
720283758,Blue,245,0,72,2023-08-06,Week-32,Q3,2023,13735,1733,1783,43,0.126,Online ,Entertainment,517.07,0
720286908,Blue,420,1,40,2023-08-06,Week-32,Q3,2023,3469,0,3680,80,0,Swipe ,Fuel,331.2,0
720289533,Blue,250,1,93,2023-08-06,Week-32,Q3,2023,1882,1143,4536,85,0.607,Swipe ,Food,453.6,0
720292983,Blue,360,0,103,2023-08-06,Week-32,Q3,2023,2230,1796,4929,61,0.805,Online ,Grocery,1084.38,0
720294258,Blue,480,0,93,2023-08-06,Week-32,Q3,2023,2558,0,4635,82,0,Swipe ,Grocery,741.6,0
720296808,Blue,220,1,104,2023-08-06,Week-32,Q3,2023,4173,1771,2554,47,0.424,Chip ,Food,689.58,0
720299283,Blue,405,0,93,2023-08-06,Week-32,Q3,2023,12745,0,4380,80,0,Swipe ,Food,919.8,0
720301458,Blue,485,0,94,2023-08-06,Week-32,Q3,2023,19709,1924,3000,64,0.098,Swipe ,Fuel,660,0
720302883,Blue,470,0,145,2023-08-06,Week-32,Q3,2023,3390,2180,4585,78,0.643,Chip ,Fuel,825.3,0
720303933,Blue,480,0,103,2023-08-06,Week-32,Q3,2023,3340,1282,4526,82,0.384,Swipe ,Bills,1086.24,0
720306408,Blue,150,0,116,2023-08-06,Week-32,Q3,2023,6704,0,12576,103,0,Swipe ,Food,1131.84,0
720307683,Blue,410,0,109,2023-08-06,Week-32,Q3,2023,1438.3,743,4484,78,0.517,Swipe ,Food,1165.84,0
720310458,Blue,190,0,49,2023-08-06,Week-32,Q3,2023,11840,1295,1560,49,0.109,Swipe ,Fuel,358.8,0
720313083,Blue,150,0,82,2023-08-06,Week-32,Q3,2023,6276,2289,2637,68,0.365,Swipe ,Grocery,395.55,0
720314583,Blue,270,0,52,2023-08-06,Week-32,Q3,2023,12902,1860,1273,33,0.144,Swipe ,Entertainment,101.84,0
720315933,Blue,425,1,80,2023-08-06,Week-32,Q3,2023,1982,1276,5136,76,0.644,Swipe ,Grocery,410.88,0
720317658,Blue,430,1,93,2023-08-06,Week-32,Q3,2023,5858,961,7916,82,0.164,Swipe ,Fuel,1029.08,0
720322008,Blue,300,1,121,2023-08-06,Week-32,Q3,2023,1438.3,834,4551,82,0.58,Swipe ,Bills,1001.22,0
720323208,Silver,125,1,160,2023-08-06,Week-32,Q3,2023,34516,2398,4976,88,0.069,Online ,Fuel,597.12,0
720326733,Blue,285,1,81,2023-08-06,Week-32,Q3,2023,16258,865,3761,58,0.053,Swipe ,Grocery,865.03,0
720328008,Blue,150,1,109,2023-08-06,Week-32,Q3,2023,2542,1884,4518,88,0.741,Swipe ,Grocery,587.34,0
720328983,Blue,345,1,108,2023-08-06,Week-32,Q3,2023,9611,0,7636,64,0,Chip ,Travel,1909,0
720330558,Blue,270,1,43,2023-08-06,Week-32,Q3,2023,25256,966,2048,40,0.038,Chip ,Fuel,327.68,0
720333783,Blue,200,0,115,2023-08-06,Week-32,Q3,2023,4941,786,3822,50,0.159,Swipe ,Grocery,993.72,0
720334833,Blue,325,0,118,2023-08-06,Week-32,Q3,2023,4710,1869,4719,91,0.397,Chip ,Travel,519.09,0
720336708,Blue,245,1,120,2023-08-06,Week-32,Q3,2023,3789,1706,1609,42,0.45,Swipe ,Travel,370.07,0
720338658,Blue,445,1,66,2023-08-06,Week-32,Q3,2023,2490,1623,2998,60,0.652,Chip ,Bills,839.44,0
720339558,Blue,245,0,74,2023-08-06,Week-32,Q3,2023,2363,494,3887,71,0.209,Chip ,Food,1127.23,0
720340383,Blue,420,0,120,2023-08-06,Week-32,Q3,2023,3518,2035,4034,82,0.578,Swipe ,Bills,766.46,0
720344658,Blue,270,0,54,2023-08-06,Week-32,Q3,2023,18226,1847,1681,43,0.101,Swipe ,Entertainment,369.82,0
720348933,Blue,325,1,124,2023-08-06,Week-32,Q3,2023,12871,758,3060,60,0.059,Swipe ,Grocery,459,0
720349983,Blue,290,1,87,2023-08-06,Week-32,Q3,2023,1438.3,0,4593,79,0,Swipe ,Entertainment,413.37,0
720352533,Blue,95,0,101,2023-08-06,Week-32,Q3,2023,20811,1425,1483,38,0.068,Swipe ,Entertainment,266.94,0
720353808,Silver,415,0,76,2023-08-06,Week-32,Q3,2023,34516,0,9177,50,0,Swipe ,Entertainment,2202.48,0
720356133,Blue,100,0,161,2023-08-13,Week-33,Q3,2023,23939,1419,14812,101,0.059,Chip ,Grocery,2962.4,0
720357483,Blue,95,1,95,2023-08-13,Week-33,Q3,2023,1723,1010,4112,82,0.586,Swipe ,Food,904.64,0
720362058,Silver,420,1,76,2023-08-13,Week-33,Q3,2023,32182,0,1937,46,0,Online ,Grocery,116.22,0
720363258,Blue,380,1,83,2023-08-13,Week-33,Q3,2023,2778,1640,4007,75,0.59,Swipe ,Fuel,841.47,0
720364158,Blue,330,0,119,2023-08-13,Week-33,Q3,2023,7869,1251,4314,83,0.159,Swipe ,Entertainment,905.94,0
720370533,Blue,430,0,117,2023-08-13,Week-33,Q3,2023,2323,0,804,15,0,Swipe ,Bills,104.52,0
720371733,Blue,270,1,125,2023-08-13,Week-33,Q3,2023,2232,786,1395,39,0.352,Swipe ,Fuel,348.75,0
720372483,Blue,250,0,86,2023-08-13,Week-33,Q3,2023,4147,2262,14624,111,0.545,Swipe ,Entertainment,2486.08,0
720374808,Blue,150,0,109,2023-08-13,Week-33,Q3,2023,2864,1928,4641,78,0.673,Swipe ,Food,788.97,0
720376008,Blue,470,0,148,2023-08-13,Week-33,Q3,2023,6174,1421,2043,52,0.23,Swipe ,Entertainment,306.45,0
720377433,Blue,150,1,107,2023-08-13,Week-33,Q3,2023,2396,2217,4593,74,0.925,Chip ,Entertainment,872.67,0
720379533,Blue,435,0,87,2023-08-13,Week-33,Q3,2023,3952,0,2066,37,0,Swipe ,Grocery,309.9,0
720384633,Blue,365,1,99,2023-08-13,Week-33,Q3,2023,3786,0,3403,70,0,Swipe ,Bills,646.57,0
720385608,Blue,250,0,112,2023-08-13,Week-33,Q3,2023,20958,1936,14314,99,0.092,Chip ,Travel,2147.1,0
720389283,Blue,300,0,118,2023-08-13,Week-33,Q3,2023,3035,1779,4999,83,0.586,Swipe ,Bills,1299.74,0
720392433,Blue,200,1,131,2023-08-13,Week-33,Q3,2023,2857,2517,1869,47,0.881,Swipe ,Entertainment,504.63,0
720398958,Blue,435,0,101,2023-08-13,Week-33,Q3,2023,2126,1257,4340,70,0.591,Chip ,Grocery,1215.2,0
720401658,Blue,335,0,79,2023-08-13,Week-33,Q3,2023,1438.3,1030,1985,38,0.716,Swipe ,Bills,476.4,0
720403008,Blue,400,1,97,2023-08-13,Week-33,Q3,2023,11486,0,4918,79,0,Swipe ,Fuel,344.26,0
720406233,Blue,110,1,72,2023-08-13,Week-33,Q3,2023,5546,1829,1770,46,0.33,Swipe ,Fuel,123.9,0
720408708,Blue,125,0,74,2023-08-13,Week-33,Q3,2023,2505,0,4109,61,0,Swipe ,Food,493.08,0
720409608,Blue,250,0,105,2023-08-13,Week-33,Q3,2023,32446,1974,1717,39,0.061,Swipe ,Grocery,257.55,0
720411183,Blue,375,0,92,2023-08-13,Week-33,Q3,2023,10253,1857,3042,66,0.181,Swipe ,Bills,425.88,0
720412308,Blue,95,1,114,2023-08-13,Week-33,Q3,2023,34516,2330,7635,75,0.068,Swipe ,Grocery,687.15,0
720413658,Silver,320,1,162,2023-08-13,Week-33,Q3,2023,6176,905,15102,95,0.147,Swipe ,Food,3322.44,0
720414558,Blue,275,0,112,2023-08-13,Week-33,Q3,2023,1971,922,4827,84,0.468,Swipe ,Grocery,1061.94,0
720415833,Blue,150,0,100,2023-08-13,Week-33,Q3,2023,3842,1563,14751,107,0.407,Chip ,Travel,3392.73,0
720418383,Blue,245,1,102,2023-08-13,Week-33,Q3,2023,1877,0,4854,80,0,Swipe ,Bills,679.56,0
720419358,Blue,415,0,156,2023-08-13,Week-33,Q3,2023,2942,2100,4548,71,0.714,Chip ,Bills,818.64,0
720422358,Gold,300,0,67,2023-08-13,Week-33,Q3,2023,34516,2276,7485,90,0.066,Swipe ,Fuel,523.95,0
720424608,Silver,475,0,118,2023-08-13,Week-33,Q3,2023,24073,1084,1341,37,0.045,Swipe ,Fuel,107.28,0
720425508,Blue,475,1,127,2023-08-13,Week-33,Q3,2023,7196,696,8689,93,0.097,Swipe ,Grocery,1390.24,0
720426708,Blue,220,0,43,2023-08-13,Week-33,Q3,2023,8512,0,811,27,0,Swipe ,Bills,202.75,0
720427683,Blue,275,1,69,2023-08-13,Week-33,Q3,2023,16163,0,2171,48,0,Swipe ,Travel,303.94,0
720430083,Blue,465,1,171,2023-08-13,Week-33,Q3,2023,2107,1008,3913,67,0.478,Swipe ,Bills,586.95,0
720431433,Blue,370,1,68,2023-08-13,Week-33,Q3,2023,3198,2308,1402,35,0.722,Swipe ,Fuel,168.24,0
720432858,Blue,250,0,116,2023-08-13,Week-33,Q3,2023,2316,1510,3471,63,0.652,Chip ,Bills,451.23,0
720436008,Blue,335,0,158,2023-08-13,Week-33,Q3,2023,5267,0,4196,81,0,Online ,Bills,545.48,0
720437358,Blue,245,1,107,2023-08-13,Week-33,Q3,2023,2526,2303,3596,69,0.912,Swipe ,Entertainment,611.32,0
720439533,Blue,485,0,78,2023-08-13,Week-33,Q3,2023,7112,1358,4951,73,0.191,Swipe ,Fuel,544.61,0
720440583,Blue,335,1,52,2023-08-13,Week-33,Q3,2023,2263,1188,1927,47,0.525,Swipe ,Fuel,462.48,0
720443358,Blue,250,1,120,2023-08-13,Week-33,Q3,2023,8014,1250,6950,84,0.156,Swipe ,Bills,1876.5,0
720444408,Blue,355,1,102,2023-08-13,Week-33,Q3,2023,2231,1791,2576,42,0.803,Chip ,Bills,283.36,0
720445533,Blue,405,1,78,2023-08-13,Week-33,Q3,2023,3346,922,1276,21,0.276,Swipe ,Bills,114.84,0
720446508,Blue,150,1,109,2023-08-13,Week-33,Q3,2023,1721,1037,2681,57,0.603,Swipe ,Grocery,348.53,0
720449208,Blue,200,1,160,2023-08-13,Week-33,Q3,2023,2221,1814,4758,64,0.817,Swipe ,Entertainment,475.8,0
720450108,Blue,125,0,79,2023-08-13,Week-33,Q3,2023,1438.3,0,1585,37,0,Swipe ,Bills,174.35,0
720452508,Blue,495,0,109,2023-08-13,Week-33,Q3,2023,11167,0,3848,74,0,Swipe ,Grocery,808.08,0
720454158,Blue,365,1,84,2023-08-13,Week-33,Q3,2023,9827,600,2840,63,0.061,Chip ,Fuel,397.6,0
720457608,Blue,110,1,84,2023-08-13,Week-33,Q3,2023,4632,0,4306,63,0,Swipe ,Grocery,775.08,0
720458883,Blue,495,1,98,2023-08-13,Week-33,Q3,2023,12495,2517,14524,106,0.201,Chip ,Entertainment,2614.32,0
720460083,Gold,370,1,98,2023-08-13,Week-33,Q3,2023,34516,0,2198,42,0,Swipe ,Grocery,307.72,0
720462633,Blue,455,0,99,2023-08-13,Week-33,Q3,2023,4138,643,1827,49,0.155,Swipe ,Entertainment,310.59,0
720463833,Blue,275,1,80,2023-08-13,Week-33,Q3,2023,6618,1738,5022,76,0.263,Swipe ,Grocery,1205.28,0
720466383,Blue,355,0,66,2023-08-13,Week-33,Q3,2023,14784,1374,1197,23,0.093,Swipe ,Travel,203.49,0
720467583,Blue,330,0,64,2023-08-13,Week-33,Q3,2023,34516,2517,3072,67,0.073,Swipe ,Bills,215.04,0
720470133,Blue,390,0,139,2023-08-13,Week-33,Q3,2023,3604,1483,4576,87,0.411,Swipe ,Grocery,274.56,0
720471108,Silver,175,1,124,2023-08-13,Week-33,Q3,2023,32056,1668,12595,106,0.052,Swipe ,Bills,755.7,0
720473433,Blue,225,1,109,2023-08-13,Week-33,Q3,2023,2621,2486,4955,78,0.948,Chip ,Bills,1090.1,0
720474408,Blue,275,1,85,2023-08-13,Week-33,Q3,2023,9298,1898,8427,87,0.204,Swipe ,Bills,2359.56,0
720475233,Blue,270,1,81,2023-08-13,Week-33,Q3,2023,2927,1412,1474,26,0.482,Swipe ,Bills,132.66,0
720476733,Blue,345,1,57,2023-08-13,Week-33,Q3,2023,6028,799,1002,22,0.133,Swipe ,Bills,220.44,0
720479058,Blue,150,0,103,2023-08-13,Week-33,Q3,2023,1438.3,851,4379,64,0.592,Chip ,Fuel,569.27,0
720480183,Blue,285,0,89,2023-08-13,Week-33,Q3,2023,1811,787,4882,80,0.435,Swipe ,Entertainment,927.58,0
720482583,Blue,405,1,72,2023-08-13,Week-33,Q3,2023,10431,2163,4598,69,0.207,Swipe ,Bills,1149.5,0
720484908,Blue,340,0,51,2023-08-13,Week-33,Q3,2023,2155,0,1655,27,0,Swipe ,Entertainment,430.3,0
720486408,Blue,250,0,116,2023-08-13,Week-33,Q3,2023,1438.3,756,4436,73,0.526,Chip ,Fuel,1153.36,0
720487308,Blue,400,0,87,2023-08-13,Week-33,Q3,2023,15898,0,4184,54,0,Swipe ,Grocery,460.24,0
720491958,Blue,285,1,101,2023-08-13,Week-33,Q3,2023,1438.3,0,4302,74,0,Chip ,Fuel,430.2,0
720494058,Blue,400,1,115,2023-08-13,Week-33,Q3,2023,3042,0,4781,79,0,Online ,Entertainment,860.58,0
720496158,Blue,175,0,119,2023-08-13,Week-33,Q3,2023,13409,1168,4031,82,0.087,Swipe ,Entertainment,1168.99,0
720497958,Blue,225,1,55,2023-08-13,Week-33,Q3,2023,14853,0,1800,41,0,Swipe ,Entertainment,504,0
720503508,Blue,100,1,111,2023-08-13,Week-33,Q3,2023,5594,1235,5220,75,0.221,Swipe ,Fuel,1305,0
720504633,Blue,480,1,73,2023-08-13,Week-33,Q3,2023,3254,0,967,24,0,Swipe ,Entertainment,58.02,0
720507108,Blue,300,1,102,2023-08-13,Week-33,Q3,2023,1601,0,2339,41,0,Swipe ,Grocery,631.53,0
720508233,Silver,425,1,110,2023-08-13,Week-33,Q3,2023,17161,0,1898,42,0,Swipe ,Entertainment,132.86,0
720509433,Blue,125,0,77,2023-08-13,Week-33,Q3,2023,2306,1627,3776,70,0.706,Swipe ,Entertainment,226.56,0
720510333,Blue,485,0,105,2023-08-13,Week-33,Q3,2023,2037,1349,4574,84,0.662,Chip ,Bills,457.4,0
720511608,Blue,400,0,45,2023-08-13,Week-33,Q3,2023,16049,799,1989,33,0.05,Online ,Food,457.47,0
720512433,Blue,455,0,114,2023-08-13,Week-33,Q3,2023,15219,2281,7625,78,0.15,Swipe ,Food,1753.75,0
720513333,Blue,300,1,107,2023-08-13,Week-33,Q3,2023,21350,1724,4878,78,0.081,Swipe ,Food,585.36,0
720515883,Platinum,300,1,75,2023-08-13,Week-33,Q3,2023,3638,0,16469,115,0,Swipe ,Travel,4117.25,0
720518283,Blue,475,1,119,2023-08-13,Week-33,Q3,2023,2296,1371,5483,77,0.597,Swipe ,Entertainment,1370.75,0
720519333,Blue,460,0,75,2023-08-13,Week-33,Q3,2023,2721,1885,2594,48,0.693,Chip ,Bills,363.16,0
720520308,Blue,300,0,126,2023-08-13,Week-33,Q3,2023,8318,2517,2427,52,0.303,Swipe ,Grocery,169.89,0
720521808,Blue,125,0,74,2023-08-13,Week-33,Q3,2023,25662,1515,1484,36,0.059,Online ,Entertainment,400.68,0
720522633,Silver,125,1,92,2023-08-13,Week-33,Q3,2023,16199,1533,8150,106,0.095,Swipe ,Grocery,733.5,0
720527058,Blue,125,0,88,2023-08-13,Week-33,Q3,2023,2310,1306,4343,74,0.565,Swipe ,Bills,825.17,0
720529308,Blue,95,0,85,2023-08-13,Week-33,Q3,2023,1856,0,1805,46,0,Swipe ,Entertainment,108.3,0
720531633,Blue,440,1,80,2023-08-13,Week-33,Q3,2023,3552,2517,2665,36,0.709,Chip ,Entertainment,719.55,0
720532908,Blue,455,1,55,2023-08-13,Week-33,Q3,2023,9735,1245,2967,80,0.128,Swipe ,Bills,385.71,0
720535008,Blue,175,0,156,2023-08-13,Week-33,Q3,2023,10492,1094,13764,104,0.104,Swipe ,Fuel,1926.96,0
720537633,Blue,140,0,103,2023-08-13,Week-33,Q3,2023,3047,2139,4961,85,0.702,Swipe ,Food,1289.86,0
720539583,Blue,400,1,78,2023-08-13,Week-33,Q3,2023,21226,1202,14103,96,0.057,Chip ,Travel,1551.33,0
720540708,Blue,250,1,47,2023-08-13,Week-33,Q3,2023,2773,1507,1197,25,0.543,Swipe ,Bills,119.7,0
720541758,Blue,455,1,156,2023-08-13,Week-33,Q3,2023,4948,1655,3711,64,0.334,Swipe ,Fuel,1001.97,0
720547533,Blue,270,1,109,2023-08-13,Week-33,Q3,2023,11438,0,4346,90,0,Swipe ,Food,434.6,0
720551733,Blue,175,1,74,2023-08-13,Week-33,Q3,2023,15195,0,2631,41,0,Chip ,Fuel,736.68,0
720553158,Blue,410,1,93,2023-08-13,Week-33,Q3,2023,3390,2222,5001,82,0.655,Swipe ,Bills,950.19,0
720555483,Blue,335,1,109,2023-08-13,Week-33,Q3,2023,21374,0,4100,79,0,Swipe ,Bills,615,0
720557883,Blue,100,1,96,2023-08-13,Week-33,Q3,2023,6104,1595,15240,102,0.261,Chip ,Travel,2743.2,0
720559908,Silver,495,0,93,2023-08-13,Week-33,Q3,2023,11684,653,4900,61,0.056,Chip ,Bills,1029,1
720562008,Silver,470,1,97,2023-08-13,Week-33,Q3,2023,34516,1263,2759,65,0.037,Swipe ,Bills,193.13,1
720563058,Blue,465,0,123,2023-08-13,Week-33,Q3,2023,1816,1052,4175,65,0.579,Swipe ,Grocery,876.75,1
720563958,Blue,225,0,102,2023-08-13,Week-33,Q3,2023,4025,0,4445,92,0,Swipe ,Food,1111.25,1
720565458,Blue,200,1,98,2023-08-13,Week-33,Q3,2023,17306,0,6205,65,0,Swipe ,Bills,496.4,1
720568083,Blue,245,1,117,2023-08-13,Week-33,Q3,2023,8624,0,2428,53,0,Swipe ,Grocery,607,1
720570333,Blue,110,1,40,2023-08-13,Week-33,Q3,2023,1912,1163,4786,81,0.608,Chip ,Entertainment,1196.5,1
720572508,Blue,415,1,87,2023-08-13,Week-33,Q3,2023,9830,2055,1042,23,0.209,Swipe ,Travel,250.08,1
720575058,Blue,375,1,115,2023-08-13,Week-33,Q3,2023,2589,1693,4259,83,0.654,Chip ,Grocery,894.39,1
720578058,Blue,390,1,94,2023-08-13,Week-33,Q3,2023,8386,2375,4101,67,0.283,Swipe ,Entertainment,328.08,0
720580383,Blue,250,0,119,2023-08-13,Week-33,Q3,2023,1438.3,0,3637,80,0,Swipe ,Grocery,472.81,0
720582558,Blue,125,0,120,2023-08-13,Week-33,Q3,2023,2296,0,5108,87,0,Swipe ,Food,612.96,0
720585183,Blue,445,0,109,2023-08-13,Week-33,Q3,2023,14854,2136,3659,68,0.144,Swipe ,Grocery,548.85,0
720589008,Blue,440,1,84,2023-08-13,Week-33,Q3,2023,4072,1594,4317,83,0.391,Swipe ,Fuel,647.55,0
720590058,Blue,415,1,90,2023-08-13,Week-33,Q3,2023,8840,1794,2839,47,0.203,Swipe ,Entertainment,596.19,0
720592533,Blue,370,0,114,2023-08-13,Week-33,Q3,2023,19782,868,2535,44,0.044,Swipe ,Fuel,608.4,0
720593583,Blue,125,1,91,2023-08-13,Week-33,Q3,2023,3554,747,5152,90,0.21,Online ,Grocery,1339.52,0
720595083,Blue,245,1,117,2023-08-13,Week-33,Q3,2023,1620,1278,4530,69,0.789,Chip ,Entertainment,453,0
720597108,Blue,350,0,93,2023-08-13,Week-33,Q3,2023,9943,2138,8325,54,0.215,Swipe ,Fuel,1665,0
720598308,Blue,300,1,45,2023-08-13,Week-33,Q3,2023,34516,1126,1736,35,0.033,Chip ,Bills,277.76,0
720599658,Blue,380,1,88,2023-08-13,Week-33,Q3,2023,1438.3,0,5104,75,0,Swipe ,Bills,1020.8,0
720600858,Blue,140,1,75,2023-08-13,Week-33,Q3,2023,5633,1395,3695,75,0.248,Swipe ,Entertainment,1071.55,0
720603558,Blue,335,0,42,2023-08-13,Week-33,Q3,2023,20337,1605,2460,74,0.079,Swipe ,Entertainment,147.6,0
720605808,Blue,125,0,89,2023-08-13,Week-33,Q3,2023,1438.3,0,799,17,0,Swipe ,Bills,167.79,0
720608658,Platinum,300,1,70,2023-08-13,Week-33,Q3,2023,8398,1875,16706,123,0.223,Chip ,Travel,1503.54,0
720610008,Blue,495,0,167,2023-08-13,Week-33,Q3,2023,15796,812,1339,23,0.051,Swipe ,Fuel,147.29,0
720611058,Blue,470,1,119,2023-08-13,Week-33,Q3,2023,17018,0,1550,47,0,Swipe ,Bills,232.5,0
720612333,Blue,375,0,97,2023-08-13,Week-33,Q3,2023,1951,0,2697,45,0,Swipe ,Entertainment,458.49,0
720614658,Blue,290,1,75,2023-08-13,Week-33,Q3,2023,2978,0,3879,95,0,Chip ,Entertainment,387.9,0
720615708,Blue,285,1,115,2023-08-13,Week-33,Q3,2023,2601,0,1232,32,0,Online ,Bills,246.4,0
720616908,Blue,445,1,105,2023-08-13,Week-33,Q3,2023,34516,0,3918,67,0,Chip ,Grocery,470.16,0
720618033,Blue,175,1,119,2023-08-13,Week-33,Q3,2023,9633,0,14829,90,0,Chip ,Travel,3262.38,0
720620058,Blue,150,1,156,2023-08-13,Week-33,Q3,2023,23124,1746,1959,50,0.076,Swipe ,Grocery,156.72,0
720621408,Blue,340,1,99,2023-08-13,Week-33,Q3,2023,7825,0,14326,100,0,Swipe ,Grocery,2292.16,0
720626058,Blue,285,0,77,2023-08-13,Week-33,Q3,2023,34516,934,1768,52,0.027,Swipe ,Bills,442,0
720633558,Silver,245,0,66,2023-08-13,Week-33,Q3,2023,3727,995,14786,101,0.267,Chip ,Travel,1478.6,0
720634683,Blue,250,1,67,2023-08-13,Week-33,Q3,2023,2220,0,2456,45,0,Swipe ,Fuel,466.64,0
720635883,Blue,415,1,81,2023-08-13,Week-33,Q3,2023,8628,1500,2902,60,0.174,Swipe ,Bills,493.34,0
720637008,Blue,495,0,92,2023-08-13,Week-33,Q3,2023,2124,1426,3210,52,0.671,Chip ,Food,288.9,0
720638283,Blue,330,1,102,2023-08-13,Week-33,Q3,2023,2801,1731,4568,83,0.618,Chip ,Grocery,1096.32,0
720639783,Silver,175,0,102,2023-08-13,Week-33,Q3,2023,34516,0,2562,62,0,Swipe ,Entertainment,230.58,0
720642633,Blue,420,1,108,2023-08-13,Week-33,Q3,2023,6475,1686,3837,65,0.26,Swipe ,Bills,575.55,0
720644883,Blue,340,1,101,2023-08-13,Week-33,Q3,2023,4941,1867,5104,87,0.378,Swipe ,Bills,918.72,0
720648483,Blue,415,0,71,2023-08-13,Week-33,Q3,2023,32210,1115,1821,53,0.035,Swipe ,Entertainment,437.04,0
720650208,Blue,455,1,95,2023-08-13,Week-33,Q3,2023,12588,2005,1561,26,0.159,Swipe ,Entertainment,265.37,0
720654183,Blue,270,1,97,2023-08-13,Week-33,Q3,2023,23542,1307,2152,46,0.056,Swipe ,Bills,624.08,0
720655833,Blue,195,1,87,2023-08-13,Week-33,Q3,2023,2913,0,4955,56,0,Swipe ,Grocery,545.05,0
720656883,Blue,200,1,105,2023-08-13,Week-33,Q3,2023,1848,501,4600,69,0.271,Swipe ,Food,690,0
720659283,Blue,125,1,118,2023-08-13,Week-33,Q3,2023,3351,1847,1910,43,0.551,Swipe ,Grocery,305.6,0
720660558,Blue,250,1,91,2023-08-13,Week-33,Q3,2023,23911,2100,4770,89,0.088,Chip ,Bills,572.4,0
720662508,Blue,455,0,154,2023-08-13,Week-33,Q3,2023,5764,1529,1972,38,0.265,Swipe ,Entertainment,256.36,0
720666333,Blue,430,0,116,2023-08-13,Week-33,Q3,2023,24577,0,1897,39,0,Swipe ,Bills,132.79,0
720667383,Blue,360,0,119,2023-08-13,Week-33,Q3,2023,3086,2213,4684,81,0.717,Swipe ,Entertainment,796.28,0
720668358,Blue,295,0,117,2023-08-13,Week-33,Q3,2023,1648,997,1776,36,0.605,Swipe ,Food,266.4,0
720670458,Blue,300,0,108,2023-08-13,Week-33,Q3,2023,3476,1560,3496,58,0.449,Chip ,Bills,419.52,0
720673008,Blue,225,1,62,2023-08-13,Week-33,Q3,2023,1652,812,1771,47,0.492,Swipe ,Entertainment,265.65,0
720674133,Blue,110,1,74,2023-08-13,Week-33,Q3,2023,3735,2027,1672,48,0.543,Swipe ,Entertainment,250.8,0
720676158,Blue,200,1,73,2023-08-13,Week-33,Q3,2023,9005,1994,5223,89,0.221,Chip ,Bills,522.3,0
720677733,Silver,220,1,116,2023-08-13,Week-33,Q3,2023,34516,1002,2579,68,0.029,Swipe ,Grocery,515.8,0
720680058,Blue,370,1,61,2023-08-13,Week-33,Q3,2023,3888,1663,1145,37,0.428,Swipe ,Fuel,309.15,0
720682308,Blue,385,0,105,2023-08-13,Week-33,Q3,2023,5402,892,4770,83,0.165,Chip ,Fuel,954,0
720683958,Gold,200,1,87,2023-08-13,Week-33,Q3,2023,34516,0,4077,67,0,Swipe ,Travel,570.78,0
720686583,Blue,125,0,117,2023-08-13,Week-33,Q3,2023,6457,0,4487,73,0,Chip ,Entertainment,807.66,0
720688158,Blue,345,0,74,2023-08-13,Week-33,Q3,2023,2282,0,2751,68,0,Swipe ,Fuel,632.73,0
720689583,Blue,275,1,119,2023-08-13,Week-33,Q3,2023,3367,1747,5657,91,0.519,Swipe ,Grocery,1357.68,0
720690933,Blue,250,0,109,2023-08-13,Week-33,Q3,2023,2641,1584,4279,67,0.6,Chip ,Food,1112.54,0
720693033,Blue,125,1,42,2023-08-13,Week-33,Q3,2023,8925,168,741,10,0.019,Swipe ,Grocery,140.79,0
720695583,Blue,250,0,101,2023-08-13,Week-33,Q3,2023,10775,1787,3432,70,0.166,Swipe ,Bills,858,0
720696558,Blue,110,0,134,2023-08-13,Week-33,Q3,2023,34516,1311,4485,85,0.038,Chip ,Entertainment,1121.25,0
720697908,Blue,320,1,67,2023-08-13,Week-33,Q3,2023,2967,1843,1673,58,0.621,Swipe ,Bills,401.52,0
720698883,Blue,375,1,71,2023-08-13,Week-33,Q3,2023,28605,0,5524,67,0,Swipe ,Bills,994.32,0
720700008,Blue,385,0,109,2023-08-13,Week-33,Q3,2023,4517,2238,4686,81,0.495,Swipe ,Bills,1030.92,0
720706008,Blue,280,0,44,2023-08-13,Week-33,Q3,2023,4533,1977,2679,69,0.436,Swipe ,Bills,482.22,0
720707283,Blue,435,0,93,2023-08-13,Week-33,Q3,2023,5288,866,1777,42,0.164,Swipe ,Bills,479.79,0
720708183,Silver,355,1,78,2023-08-13,Week-33,Q3,2023,15248,1242,4758,83,0.081,Swipe ,Bills,1379.82,0
720711483,Blue,360,1,72,2023-08-13,Week-33,Q3,2023,3674,2517,2608,45,0.685,Swipe ,Travel,365.12,0
720712533,Gold,300,1,80,2023-08-13,Week-33,Q3,2023,34516,761,7499,88,0.022,Swipe ,Food,4174.71,1
720714933,Blue,200,1,76,2023-08-13,Week-33,Q3,2023,3143,2517,1323,25,0.801,Swipe ,Bills,343.98,0
720717108,Blue,410,1,117,2023-08-13,Week-33,Q3,2023,2571,1210,3647,59,0.471,Swipe ,Fuel,364.7,0
720718908,Blue,270,1,46,2023-08-13,Week-33,Q3,2023,26977,1961,1958,41,0.073,Swipe ,Fuel,411.18,0
720719883,Blue,330,1,79,2023-08-13,Week-33,Q3,2023,1874,0,2535,55,0,Swipe ,Fuel,583.05,0
720724008,Blue,150,0,109,2023-08-13,Week-33,Q3,2023,13430,2356,3717,67,0.175,Swipe ,Grocery,780.57,0
720725058,Blue,245,0,118,2023-08-13,Week-33,Q3,2023,7176,0,1375,33,0,Swipe ,Entertainment,96.25,0
720725883,Blue,355,0,73,2023-08-13,Week-33,Q3,2023,2715,1503,4177,68,0.554,Chip ,Fuel,375.93,0
720728133,Blue,450,0,77,2023-08-13,Week-33,Q3,2023,1714,0,4180,71,0,Swipe ,Entertainment,376.2,0
720729108,Blue,375,0,87,2023-08-13,Week-33,Q3,2023,4445,1080,5373,87,0.243,Swipe ,Food,1074.6,0
720730683,Blue,125,1,118,2023-08-13,Week-33,Q3,2023,17412,730,4997,84,0.042,Chip ,Grocery,599.64,0
720731808,Blue,425,0,136,2023-08-13,Week-33,Q3,2023,2437,0,3068,53,0,Swipe ,Grocery,429.52,0
720734583,Blue,435,1,86,2023-08-13,Week-33,Q3,2023,2540,1561,5039,82,0.615,Swipe ,Entertainment,1259.75,0
720735408,Blue,425,0,97,2023-08-13,Week-33,Q3,2023,6329,1643,8514,109,0.26,Swipe ,Bills,1617.66,0
720736608,Blue,400,1,116,2023-08-13,Week-33,Q3,2023,6280,2181,14109,92,0.347,Swipe ,Food,3527.25,0
720739083,Blue,200,0,115,2023-08-13,Week-33,Q3,2023,1691,0,2716,63,0,Swipe ,Fuel,217.28,0
720742083,Blue,125,0,117,2023-08-13,Week-33,Q3,2023,2740,2425,2431,46,0.885,Swipe ,Grocery,145.86,0
720746208,Blue,420,1,150,2023-08-13,Week-33,Q3,2023,2689,2077,1356,33,0.772,Swipe ,Fuel,122.04,0
720747633,Blue,300,0,82,2023-08-20,Week-34,Q3,2023,8998,1471,1931,48,0.163,Swipe ,Bills,212.41,0
720748608,Blue,225,0,96,2023-08-20,Week-34,Q3,2023,3575,0,7672,66,0,Swipe ,Grocery,1841.28,0
720753183,Blue,270,1,74,2023-08-20,Week-34,Q3,2023,9617,2035,4247,76,0.212,Swipe ,Entertainment,594.58,0
720755658,Blue,245,0,69,2023-08-20,Week-34,Q3,2023,1592,0,4172,70,0,Chip ,Grocery,500.64,0
720756708,Blue,365,1,83,2023-08-20,Week-34,Q3,2023,2622,1549,1878,30,0.591,Swipe ,Travel,131.46,0
720758808,Blue,300,1,139,2023-08-20,Week-34,Q3,2023,16317,0,1995,54,0,Swipe ,Fuel,119.7,0
720761208,Blue,95,1,146,2023-08-20,Week-34,Q3,2023,4789,357,2496,41,0.075,Swipe ,Entertainment,399.36,0
720766908,Blue,400,0,91,2023-08-20,Week-34,Q3,2023,3021,0,2814,37,0,Swipe ,Food,534.66,0
720768258,Blue,360,0,109,2023-08-20,Week-34,Q3,2023,2996,2147,4724,66,0.717,Chip ,Fuel,850.32,0
720769533,Blue,445,1,56,2023-08-20,Week-34,Q3,2023,1438.3,682,4427,63,0.474,Swipe ,Entertainment,752.59,0
720770883,Blue,380,1,101,2023-08-20,Week-34,Q3,2023,1438.3,0,2249,61,0,Swipe ,Food,494.78,0
720771933,Blue,150,1,78,2023-08-20,Week-34,Q3,2023,1994,0,4434,69,0,Swipe ,Bills,1241.52,0
720774183,Blue,125,1,162,2023-08-20,Week-34,Q3,2023,2579,1959,4300,69,0.76,Chip ,Grocery,731,0
720776508,Blue,365,1,105,2023-08-20,Week-34,Q3,2023,4210,0,4248,65,0,Swipe ,Fuel,807.12,0
720777558,Blue,300,0,119,2023-08-20,Week-34,Q3,2023,2671,1713,4519,79,0.641,Swipe ,Entertainment,858.61,0
720778458,Blue,370,1,59,2023-08-20,Week-34,Q3,2023,7451,1542,4960,97,0.207,Chip ,Fuel,396.8,0
720779733,Blue,360,1,46,2023-08-20,Week-34,Q3,2023,6041,1355,1747,49,0.224,Swipe ,Bills,244.58,0
720781158,Blue,320,0,66,2023-08-20,Week-34,Q3,2023,5608,1243,3829,74,0.222,Swipe ,Fuel,497.77,0
720782658,Blue,405,1,89,2023-08-20,Week-34,Q3,2023,3591,1749,5079,80,0.487,Chip ,Food,558.69,0
720783558,Blue,140,0,109,2023-08-20,Week-34,Q3,2023,9926,2216,4937,73,0.223,Swipe ,Bills,1283.62,0
720784833,Blue,125,0,92,2023-08-20,Week-34,Q3,2023,1630,1243,1884,43,0.763,Chip ,Entertainment,452.16,0
720786033,Blue,460,0,99,2023-08-20,Week-34,Q3,2023,10696,1206,2489,38,0.113,Swipe ,Bills,199.12,0
720788883,Gold,245,0,82,2023-08-20,Week-34,Q3,2023,3736,2209,15886,118,0.591,Chip ,Travel,2541.76,1
720789933,Blue,385,1,97,2023-08-20,Week-34,Q3,2023,5798,680,5027,82,0.117,Swipe ,Bills,603.24,1
720795858,Blue,350,0,91,2023-08-20,Week-34,Q3,2023,10534,0,3456,72,0,Swipe ,Entertainment,933.12,1
720799608,Blue,370,0,97,2023-08-20,Week-34,Q3,2023,3377,1720,1621,32,0.509,Swipe ,Grocery,178.31,1
720801033,Blue,195,0,114,2023-08-20,Week-34,Q3,2023,9095,2517,1347,27,0.277,Swipe ,Bills,80.82,1
720802833,Blue,245,0,100,2023-08-20,Week-34,Q3,2023,2404,1198,2692,63,0.498,Swipe ,Entertainment,188.44,1
720807183,Blue,250,1,84,2023-08-20,Week-34,Q3,2023,15026,916,3281,63,0.061,Chip ,Entertainment,590.58,1
720809358,Blue,380,0,76,2023-08-20,Week-34,Q3,2023,4874,2317,7776,98,0.475,Swipe ,Bills,2021.76,1
720810783,Blue,220,1,72,2023-08-20,Week-34,Q3,2023,3781,1692,2310,43,0.448,Chip ,Travel,300.3,1
720812433,Blue,365,1,95,2023-08-20,Week-34,Q3,2023,28465,0,1693,37,0,Swipe ,Bills,490.97,0
720814233,Blue,390,1,105,2023-08-20,Week-34,Q3,2023,23539,1261,1485,38,0.054,Swipe ,Fuel,386.1,0
720815208,Blue,245,0,117,2023-08-20,Week-34,Q3,2023,34516,216,2395,47,0.006,Online ,Grocery,215.55,0
720817533,Blue,245,0,103,2023-08-20,Week-34,Q3,2023,12086,1264,15559,91,0.105,Chip ,Travel,2800.62,0
720818658,Blue,290,0,86,2023-08-20,Week-34,Q3,2023,1438.3,0,4594,86,0,Swipe ,Food,1332.26,0
720819858,Blue,400,1,90,2023-08-20,Week-34,Q3,2023,8837,2517,8210,100,0.285,Swipe ,Grocery,2134.6,0
720823458,Blue,365,1,83,2023-08-20,Week-34,Q3,2023,5218,1907,4658,85,0.365,Swipe ,Food,1071.34,0
720824883,Blue,200,1,97,2023-08-20,Week-34,Q3,2023,3251,2517,2483,50,0.774,Swipe ,Bills,546.26,0
720827133,Blue,195,0,88,2023-08-20,Week-34,Q3,2023,6261,463,8132,64,0.074,Chip ,Travel,1789.04,0
720831783,Blue,150,1,98,2023-08-20,Week-34,Q3,2023,2242,888,4708,81,0.396,Swipe ,Food,894.52,0
720835308,Blue,300,1,75,2023-08-20,Week-34,Q3,2023,3017,0,4389,72,0,Swipe ,Grocery,614.46,0
720836808,Blue,360,0,52,2023-08-20,Week-34,Q3,2023,11521,1147,2260,68,0.1,Swipe ,Bills,632.8,0
720837708,Blue,280,0,108,2023-08-20,Week-34,Q3,2023,5471,2517,5103,94,0.46,Swipe ,Grocery,1326.78,0
720840108,Blue,405,0,72,2023-08-20,Week-34,Q3,2023,8837,2103,3753,60,0.238,Swipe ,Entertainment,1088.37,0
720841533,Blue,330,1,103,2023-08-20,Week-34,Q3,2023,4700,0,14723,96,0,Chip ,Travel,3680.75,0
720844008,Blue,250,1,126,2023-08-20,Week-34,Q3,2023,1990,1747,5216,87,0.878,Swipe ,Fuel,521.6,0
720846558,Blue,125,1,80,2023-08-20,Week-34,Q3,2023,34516,0,2512,45,0,Online ,Bills,351.68,0
720848733,Blue,125,1,84,2023-08-20,Week-34,Q3,2023,13363,1230,1815,33,0.092,Swipe ,Entertainment,417.45,0
720849708,Blue,195,1,77,2023-08-20,Week-34,Q3,2023,14388,2517,7042,85,0.175,Swipe ,Fuel,1901.34,0
720852108,Gold,275,1,113,2023-08-20,Week-34,Q3,2023,3569,1553,16695,116,0.435,Online ,Bills,3172.05,0
720853158,Blue,200,1,111,2023-08-20,Week-34,Q3,2023,13951,1607,4576,70,0.115,Chip ,Fuel,594.88,0
720854358,Blue,390,1,105,2023-08-20,Week-34,Q3,2023,3823,2130,2026,49,0.557,Swipe ,Fuel,405.2,0
720859533,Blue,455,1,111,2023-08-20,Week-34,Q3,2023,12214,2379,8426,105,0.195,Swipe ,Bills,2190.76,0
720863133,Blue,150,1,45,2023-08-20,Week-34,Q3,2023,3213,2517,1855,39,0.783,Swipe ,Bills,111.3,0
720865383,Blue,195,0,108,2023-08-20,Week-34,Q3,2023,3378,1852,4437,50,0.548,Online ,Bills,443.7,0
720867708,Blue,95,1,114,2023-08-20,Week-34,Q3,2023,1748,1103,2335,41,0.631,Chip ,Entertainment,677.15,0
720868683,Blue,125,1,133,2023-08-20,Week-34,Q3,2023,7853,1343,1814,37,0.171,Swipe ,Grocery,108.84,0
720871383,Blue,195,0,107,2023-08-20,Week-34,Q3,2023,5634,1996,2366,49,0.354,Swipe ,Bills,260.26,0
720872433,Blue,340,1,120,2023-08-20,Week-34,Q3,2023,3911,0,2867,42,0,Swipe ,Fuel,286.7,0
720874983,Silver,290,1,85,2023-08-20,Week-34,Q3,2023,34516,0,8736,97,0,Swipe ,Bills,873.6,0
720877083,Blue,390,0,90,2023-08-20,Week-34,Q3,2023,9748,1354,3323,66,0.139,Swipe ,Entertainment,897.21,0
720879708,Blue,340,1,82,2023-08-20,Week-34,Q3,2023,28186,1308,2853,64,0.046,Chip ,Food,770.31,0
720885558,Blue,110,1,116,2023-08-20,Week-34,Q3,2023,2621,2426,4885,74,0.926,Chip ,Travel,781.6,0
720887058,Blue,250,1,62,2023-08-20,Week-34,Q3,2023,3668,0,4753,87,0,Swipe ,Food,1235.78,0
720891633,Blue,450,0,145,2023-08-20,Week-34,Q3,2023,3199,0,4805,59,0,Swipe ,Food,1057.1,0
720892833,Blue,200,0,109,2023-08-20,Week-34,Q3,2023,12610,1123,4199,67,0.089,Swipe ,Entertainment,1175.72,0
720893958,Blue,395,0,100,2023-08-20,Week-34,Q3,2023,1544,999,4215,53,0.647,Swipe ,Bills,547.95,0
720895533,Blue,125,1,127,2023-08-20,Week-34,Q3,2023,1438.3,1056,4885,78,0.734,Online ,Grocery,1367.8,0
720897783,Blue,100,1,115,2023-08-20,Week-34,Q3,2023,34516,2010,2776,59,0.058,Swipe ,Entertainment,333.12,0
720899058,Blue,275,1,122,2023-08-20,Week-34,Q3,2023,7685,2517,13604,116,0.328,Chip ,Travel,2312.68,0
720899883,Blue,100,1,98,2023-08-20,Week-34,Q3,2023,6849,0,3770,82,0,Chip ,Fuel,1055.6,0
720902133,Blue,200,1,113,2023-08-20,Week-34,Q3,2023,5579,0,1025,35,0,Swipe ,Bills,123,0
720903258,Blue,200,1,70,2023-08-20,Week-34,Q3,2023,9405,0,4801,47,0,Swipe ,Grocery,1344.28,0
720904233,Blue,300,0,73,2023-08-20,Week-34,Q3,2023,16033,560,1158,31,0.035,Swipe ,Entertainment,81.06,0
720905133,Blue,490,1,129,2023-08-20,Week-34,Q3,2023,11422,1095,2439,45,0.096,Chip ,Entertainment,585.36,0
720906033,Blue,125,1,139,2023-08-20,Week-34,Q3,2023,5801,1176,2987,52,0.203,Swipe ,Grocery,358.44,0
720909408,Blue,445,1,103,2023-08-20,Week-34,Q3,2023,3497,1665,2337,61,0.476,Swipe ,Fuel,677.73,0
720914358,Blue,480,1,75,2023-08-20,Week-34,Q3,2023,4416,1333,4894,84,0.302,Swipe ,Fuel,1027.74,0
720916683,Blue,110,0,112,2023-08-20,Week-34,Q3,2023,11806,1811,1465,31,0.153,Swipe ,Bills,424.85,0
720917808,Blue,390,0,60,2023-08-20,Week-34,Q3,2023,2100,950,2623,74,0.452,Swipe ,Food,157.38,0
720920058,Blue,435,1,62,2023-08-20,Week-34,Q3,2023,4800,1212,2935,62,0.252,Swipe ,Grocery,763.1,0
720921408,Blue,410,0,107,2023-08-20,Week-34,Q3,2023,1996,1544,3760,69,0.774,Chip ,Grocery,526.4,0
720923658,Blue,125,1,46,2023-08-20,Week-34,Q3,2023,4734,954,1570,45,0.202,Online ,Bills,329.7,0
720924633,Blue,385,0,157,2023-08-20,Week-34,Q3,2023,1438.3,0,4397,73,0,Swipe ,Fuel,615.58,0
720927183,Blue,330,0,132,2023-08-20,Week-34,Q3,2023,2796,0,4536,81,0,Swipe ,Entertainment,1315.44,0
720930633,Blue,175,1,126,2023-08-20,Week-34,Q3,2023,1977,0,2341,37,0,Chip ,Fuel,257.51,0
720933408,Blue,420,0,66,2023-08-20,Week-34,Q3,2023,8438,1825,4798,89,0.216,Swipe ,Bills,623.74,0
720935658,Blue,490,0,157,2023-08-20,Week-34,Q3,2023,3059,1744,7709,89,0.57,Swipe ,Fuel,1387.62,0
720939933,Blue,445,1,120,2023-08-20,Week-34,Q3,2023,2879,0,4684,56,0,Swipe ,Bills,1124.16,0
720941433,Blue,250,1,97,2023-08-20,Week-34,Q3,2023,1547,0,2312,43,0,Chip ,Entertainment,161.84,0
720942333,Blue,375,1,100,2023-08-20,Week-34,Q3,2023,5137,0,2043,52,0,Swipe ,Entertainment,183.87,0
720943308,Silver,330,1,69,2023-08-20,Week-34,Q3,2023,30498,1990,16202,120,0.065,Swipe ,Food,3888.48,0
720949083,Blue,140,0,143,2023-08-20,Week-34,Q3,2023,3075,2517,3534,53,0.819,Online ,Bills,1024.86,0
720950283,Blue,250,1,83,2023-08-20,Week-34,Q3,2023,21359,0,2064,63,0,Swipe ,Fuel,123.84,0
720952608,Blue,325,1,73,2023-08-20,Week-34,Q3,2023,2288,1505,4396,68,0.658,Chip ,Grocery,703.36,0
720953658,Blue,415,0,64,2023-08-20,Week-34,Q3,2023,5688,914,1824,53,0.161,Swipe ,Entertainment,145.92,0
720959058,Blue,175,0,93,2023-08-20,Week-34,Q3,2023,8064,2417,4412,67,0.3,Swipe ,Food,926.52,0
720961383,Blue,245,1,61,2023-08-20,Week-34,Q3,2023,2952,0,2907,60,0,Swipe ,Food,465.12,0
720962208,Blue,250,0,120,2023-08-20,Week-34,Q3,2023,2476,2250,4659,48,0.909,Swipe ,Bills,1257.93,0
720963258,Blue,455,0,85,2023-08-20,Week-34,Q3,2023,3474,0,2675,37,0,Chip ,Grocery,481.5,0
720964683,Blue,280,1,96,2023-08-20,Week-34,Q3,2023,5420,0,3477,60,0,Swipe ,Fuel,938.79,0
720967233,Blue,370,1,42,2023-08-20,Week-34,Q3,2023,3327,2517,4901,88,0.757,Swipe ,Food,833.17,0
720968583,Blue,190,0,82,2023-08-20,Week-34,Q3,2023,29551,2095,3226,63,0.071,Chip ,Bills,193.56,0
720971358,Blue,175,1,119,2023-08-20,Week-34,Q3,2023,26812,1491,14838,110,0.056,Chip ,Travel,2522.46,0
720973833,Blue,375,1,114,2023-08-20,Week-34,Q3,2023,4596,0,2872,62,0,Swipe ,Entertainment,574.4,0
720977358,Blue,250,1,106,2023-08-20,Week-34,Q3,2023,2528,1689,4269,78,0.668,Chip ,Bills,341.52,0
720980958,Blue,200,1,133,2023-08-20,Week-34,Q3,2023,3092,909,4797,87,0.294,Online ,Bills,1391.13,0
720983733,Blue,175,0,136,2023-08-20,Week-34,Q3,2023,15422,864,2136,54,0.056,Swipe ,Fuel,192.24,1
720986958,Blue,350,1,94,2023-08-20,Week-34,Q3,2023,8307,2517,2293,36,0.303,Swipe ,Food,504.46,1
720988083,Blue,375,1,99,2023-08-20,Week-34,Q3,2023,1438.3,1080,4425,79,0.751,Swipe ,Bills,1017.75,1
720989133,Blue,250,0,166,2023-08-20,Week-34,Q3,2023,1654,1093,4596,82,0.661,Swipe ,Grocery,873.24,1
720990183,Blue,360,0,62,2023-08-20,Week-34,Q3,2023,14539,0,965,26,0,Swipe ,Bills,183.35,1
720991833,Blue,150,0,153,2023-08-20,Week-34,Q3,2023,2514,2090,2603,53,0.831,Chip ,Food,650.75,0
720992883,Blue,125,1,112,2023-08-20,Week-34,Q3,2023,3189,1863,4805,76,0.584,Chip ,Entertainment,720.75,0
720995583,Silver,200,1,72,2023-08-20,Week-34,Q3,2023,25217,1754,15054,110,0.07,Chip ,Travel,3462.42,0
720997383,Blue,150,1,75,2023-08-20,Week-34,Q3,2023,1857,1833,829,17,0.987,Swipe ,Travel,207.25,0
720998358,Silver,435,1,47,2023-08-20,Week-34,Q3,2023,34516,1043,1489,38,0.03,Swipe ,Entertainment,357.36,0
721000833,Blue,100,1,108,2023-08-20,Week-34,Q3,2023,3599,0,13324,110,0,Swipe ,Bills,3464.24,0
721001883,Blue,455,1,80,2023-08-20,Week-34,Q3,2023,1950,1618,3357,47,0.83,Swipe ,Grocery,704.97,0
721003008,Blue,445,0,90,2023-08-20,Week-34,Q3,2023,3261,2517,856,18,0.772,Swipe ,Food,179.76,0
721004133,Blue,150,1,128,2023-08-20,Week-34,Q3,2023,1438.3,538,4093,73,0.374,Chip ,Bills,941.39,0
721005108,Gold,125,1,92,2023-08-20,Week-34,Q3,2023,6991,1384,14994,104,0.198,Online ,Travel,1949.22,0
721006458,Blue,465,1,90,2023-08-20,Week-34,Q3,2023,3214,1471,14557,114,0.458,Swipe ,Fuel,3493.68,0
721008933,Blue,140,0,92,2023-08-20,Week-34,Q3,2023,3107,1995,7535,87,0.642,Swipe ,Bills,2034.45,0
721011858,Blue,435,1,135,2023-08-20,Week-34,Q3,2023,1438.3,0,3913,78,0,Swipe ,Grocery,978.25,0
721012983,Blue,200,0,99,2023-08-20,Week-34,Q3,2023,12935,1417,3528,61,0.11,Swipe ,Entertainment,317.52,0
721014858,Blue,280,1,97,2023-08-20,Week-34,Q3,2023,2942,2022,1479,28,0.687,Swipe ,Bills,162.69,0
721017333,Blue,200,0,80,2023-08-20,Week-34,Q3,2023,3188,2002,4606,83,0.628,Chip ,Entertainment,875.14,0
721020858,Blue,225,0,106,2023-08-20,Week-34,Q3,2023,3190,1959,4220,66,0.614,Swipe ,Bills,1181.6,0
721022433,Blue,365,1,93,2023-08-20,Week-34,Q3,2023,7577,2480,1409,35,0.327,Swipe ,Food,295.89,0
721023708,Blue,125,1,154,2023-08-20,Week-34,Q3,2023,17557,0,2142,62,0,Swipe ,Fuel,578.34,0
721026033,Blue,280,0,43,2023-08-20,Week-34,Q3,2023,2564,1258,2673,43,0.491,Chip ,Entertainment,187.11,0
721027083,Blue,295,0,92,2023-08-20,Week-34,Q3,2023,3054,1862,3543,87,0.61,Swipe ,Bills,566.88,0
721028283,Blue,200,1,111,2023-08-20,Week-34,Q3,2023,11494,1160,3353,86,0.101,Chip ,Food,570.01,0
721029858,Blue,340,1,73,2023-08-20,Week-34,Q3,2023,2166,1458,8215,109,0.673,Swipe ,Food,1889.45,0
721032633,Blue,485,1,114,2023-08-20,Week-34,Q3,2023,2496,1999,2590,50,0.801,Chip ,Bills,414.4,0
721033908,Blue,300,1,119,2023-08-20,Week-34,Q3,2023,2541,1053,4552,82,0.414,Chip ,Grocery,455.2,0
721036233,Blue,150,0,107,2023-08-20,Week-34,Q3,2023,9172,1567,1836,42,0.171,Swipe ,Entertainment,293.76,0
721038408,Blue,125,1,57,2023-08-20,Week-34,Q3,2023,1830,0,1741,43,0,Swipe ,Bills,121.87,0
721039308,Blue,245,1,116,2023-08-20,Week-34,Q3,2023,32431,850,4400,71,0.026,Swipe ,Grocery,1188,0
721041483,Blue,245,1,97,2023-08-20,Week-34,Q3,2023,13093,2517,2032,39,0.192,Swipe ,Grocery,528.32,1
721043058,Blue,195,1,111,2023-08-20,Week-34,Q3,2023,12010,2149,1700,35,0.179,Online ,Bills,238,1
721044333,Blue,225,1,101,2023-08-20,Week-34,Q3,2023,1695,761,4905,91,0.449,Chip ,Grocery,686.7,1
721045608,Blue,220,1,142,2023-08-20,Week-34,Q3,2023,2943,2131,4554,75,0.724,Chip ,Fuel,546.48,1
721049658,Blue,125,0,62,2023-08-20,Week-34,Q3,2023,2506,0,1687,62,0,Swipe ,Bills,219.31,1
721051908,Blue,455,0,88,2023-08-20,Week-34,Q3,2023,7552,0,1393,32,0,Swipe ,Entertainment,139.3,1
721053633,Blue,200,0,84,2023-08-20,Week-34,Q3,2023,6530,1425,8904,101,0.218,Swipe ,Fuel,1157.52,0
721055058,Blue,280,0,107,2023-08-20,Week-34,Q3,2023,12763,2517,2599,46,0.197,Swipe ,Bills,493.81,0
721057758,Blue,300,0,88,2023-08-20,Week-34,Q3,2023,1438.3,0,1449,27,0,Swipe ,Bills,362.25,0
721059033,Blue,250,0,101,2023-08-20,Week-34,Q3,2023,1919,774,1505,33,0.403,Swipe ,Bills,225.75,0
721060083,Blue,125,1,72,2023-08-20,Week-34,Q3,2023,7226,1889,4653,71,0.261,Swipe ,Fuel,884.07,0
721062408,Blue,325,1,115,2023-08-20,Week-34,Q3,2023,6387,1597,1294,26,0.25,Swipe ,Bills,271.74,0
721063533,Blue,250,1,76,2023-08-20,Week-34,Q3,2023,3062,2058,7289,75,0.672,Swipe ,Food,1384.91,0
721067658,Silver,250,1,103,2023-08-20,Week-34,Q3,2023,27436,642,4051,81,0.023,Chip ,Fuel,972.24,0
721072908,Blue,445,0,164,2023-08-20,Week-34,Q3,2023,3232,1346,5102,69,0.416,Swipe ,Bills,1122.44,0
721074183,Blue,480,1,102,2023-08-20,Week-34,Q3,2023,24159,1196,1111,24,0.05,Swipe ,Fuel,322.19,0
721080183,Blue,370,1,118,2023-08-20,Week-34,Q3,2023,4883,0,4613,82,0,Swipe ,Entertainment,784.21,0
721083258,Blue,125,0,119,2023-08-20,Week-34,Q3,2023,2563,1638,2064,46,0.639,Swipe ,Grocery,371.52,0
721084833,Silver,125,0,69,2023-08-20,Week-34,Q3,2023,17657,2018,1682,39,0.114,Swipe ,Entertainment,235.48,0
721086483,Silver,425,1,109,2023-08-20,Week-34,Q3,2023,10982,2517,13563,97,0.229,Chip ,Travel,813.78,0
721091583,Blue,465,1,83,2023-08-20,Week-34,Q3,2023,3031,1879,1298,15,0.62,Swipe ,Bills,337.48,0
721092783,Blue,280,1,109,2023-08-20,Week-34,Q3,2023,19838,1290,3982,68,0.065,Chip ,Bills,1154.78,0
721093608,Blue,110,1,142,2023-08-20,Week-34,Q3,2023,2197,0,4548,64,0,Swipe ,Food,682.2,0
721096983,Blue,245,1,172,2023-08-20,Week-34,Q3,2023,3625,2517,2616,46,0.694,Online ,Bills,470.88,0
721104708,Blue,495,1,87,2023-08-20,Week-34,Q3,2023,2067,1966,3033,41,0.951,Swipe ,Bills,879.57,0
721106133,Blue,435,0,97,2023-08-20,Week-34,Q3,2023,2312,1789,5104,82,0.774,Swipe ,Grocery,1020.8,0
721107258,Blue,390,1,120,2023-08-20,Week-34,Q3,2023,5465,1967,14192,115,0.36,Chip ,Grocery,1561.12,0
721109358,Blue,245,0,117,2023-08-20,Week-34,Q3,2023,2583,0,4162,87,0,Chip ,Bills,998.88,0
721111233,Blue,335,0,41,2023-08-20,Week-34,Q3,2023,11964,800,4853,85,0.067,Chip ,Entertainment,1164.72,0
721112508,Blue,390,0,86,2023-08-20,Week-34,Q3,2023,5298,0,4834,80,0,Swipe ,Entertainment,483.4,0
721113333,Blue,125,1,107,2023-08-20,Week-34,Q3,2023,1740,0,4751,93,0,Swipe ,Bills,1140.24,0
721114458,Blue,150,0,109,2023-08-20,Week-34,Q3,2023,34516,585,14319,96,0.017,Swipe ,Grocery,2577.42,0
721115733,Blue,445,1,84,2023-08-20,Week-34,Q3,2023,1591,894,3698,79,0.562,Chip ,Grocery,591.68,0
721117533,Blue,340,1,117,2023-08-20,Week-34,Q3,2023,2171,1418,1415,45,0.653,Swipe ,Entertainment,127.35,0
721120008,Blue,245,1,64,2023-08-20,Week-34,Q3,2023,2162,1377,1555,29,0.637,Swipe ,Bills,186.6,0
721121283,Blue,445,0,100,2023-08-20,Week-34,Q3,2023,2573,1280,4289,81,0.497,Chip ,Entertainment,943.58,0
721122258,Blue,220,0,119,2023-08-20,Week-34,Q3,2023,5293,1030,4377,62,0.195,Swipe ,Food,1138.02,0
721124658,Blue,430,0,117,2023-08-20,Week-34,Q3,2023,3427,0,2625,63,0,Swipe ,Grocery,183.75,0
721126833,Blue,300,1,137,2023-08-20,Week-34,Q3,2023,14902,0,2038,39,0,Chip ,Fuel,366.84,0
721129383,Blue,375,0,100,2023-08-20,Week-34,Q3,2023,3128,2517,2361,42,0.805,Swipe ,Entertainment,236.1,0
721132233,Blue,485,1,96,2023-08-20,Week-34,Q3,2023,2410,1769,1217,30,0.734,Swipe ,Bills,340.76,0
721137558,Blue,445,0,68,2023-08-20,Week-34,Q3,2023,5821,894,2011,42,0.154,Chip ,Bills,462.53,0
721139808,Blue,125,1,106,2023-08-20,Week-34,Q3,2023,2344,1081,3889,80,0.461,Swipe ,Bills,311.12,0
721143258,Blue,300,1,87,2023-08-20,Week-34,Q3,2023,1664,798,4804,66,0.48,Chip ,Entertainment,288.24,0
721144383,Silver,150,1,119,2023-08-20,Week-34,Q3,2023,28202,843,1629,38,0.03,Swipe ,Bills,342.09,0
721145433,Silver,445,0,91,2023-08-20,Week-34,Q3,2023,11280,1523,16237,128,0.135,Online ,Travel,3085.03,0
721147383,Blue,250,1,86,2023-08-20,Week-34,Q3,2023,2448,1740,4087,81,0.711,Chip ,Bills,326.96,0
721148358,Blue,175,0,106,2023-08-20,Week-34,Q3,2023,12860,0,1348,27,0,Swipe ,Travel,94.36,0
721150833,Blue,335,0,110,2023-08-20,Week-34,Q3,2023,5110,1942,3028,76,0.38,Swipe ,Bills,666.16,0
721154208,Blue,455,1,128,2023-08-20,Week-34,Q3,2023,2882,2081,4933,103,0.722,Swipe ,Fuel,887.94,0
721156758,Gold,300,1,74,2023-08-20,Week-34,Q3,2023,23889,603,13360,124,0.025,Swipe ,Grocery,1736.8,0
721158108,Blue,175,0,153,2023-08-20,Week-34,Q3,2023,2346,0,3982,72,0,Swipe ,Grocery,756.58,0
721163133,Blue,100,0,79,2023-08-20,Week-34,Q3,2023,28292,0,3948,60,0,Chip ,Food,829.08,1
721164483,Blue,225,0,95,2023-08-20,Week-34,Q3,2023,1441,642,4894,84,0.446,Swipe ,Bills,293.64,1
721165608,Silver,300,1,77,2023-08-27,Week-35,Q3,2023,26142,0,3969,78,0,Swipe ,Entertainment,793.8,1
721167783,Blue,150,0,106,2023-08-27,Week-35,Q3,2023,7773,2465,4272,69,0.317,Swipe ,Bills,1153.44,1
721169883,Silver,300,0,154,2023-08-27,Week-35,Q3,2023,5002,1945,16161,109,0.389,Swipe ,Bills,3393.81,1
721171008,Silver,490,0,69,2023-08-27,Week-35,Q3,2023,10353,1520,15028,124,0.147,Swipe ,Entertainment,2855.32,1
721173183,Blue,220,1,71,2023-08-27,Week-35,Q3,2023,2363,1876,4984,85,0.794,Swipe ,Food,1295.84,1
721174008,Blue,380,0,159,2023-08-27,Week-35,Q3,2023,7607,2170,4495,77,0.285,Chip ,Grocery,404.55,0
721175283,Blue,100,1,71,2023-08-27,Week-35,Q3,2023,2697,1410,4489,58,0.523,Chip ,Bills,987.58,0
721178583,Blue,245,1,92,2023-08-27,Week-35,Q3,2023,5674,0,1096,29,0,Swipe ,Bills,65.76,0
721179708,Blue,380,1,108,2023-08-27,Week-35,Q3,2023,5758,0,4422,76,0,Swipe ,Entertainment,530.64,0
721181883,Blue,245,0,108,2023-08-27,Week-35,Q3,2023,9641,0,4710,75,0,Online ,Grocery,1177.5,0
721183983,Blue,425,1,92,2023-08-27,Week-35,Q3,2023,34516,1013,1222,37,0.029,Swipe ,Bills,207.74,0
721188033,Blue,100,0,81,2023-08-27,Week-35,Q3,2023,6797,2239,16171,112,0.329,Swipe ,Bills,2102.23,0
721189008,Blue,125,1,117,2023-08-27,Week-35,Q3,2023,12270,0,4578,67,0,Chip ,Bills,686.7,0
721190358,Blue,415,1,161,2023-08-27,Week-35,Q3,2023,29690,2517,7640,86,0.085,Swipe ,Bills,1451.6,0
721194858,Blue,350,0,90,2023-08-27,Week-35,Q3,2023,4438,2472,1725,60,0.557,Online ,Entertainment,138,0
721202058,Blue,480,0,116,2023-08-27,Week-35,Q3,2023,4409,785,4160,61,0.178,Chip ,Fuel,748.8,0
721205508,Blue,485,0,117,2023-08-27,Week-35,Q3,2023,8217,0,1848,56,0,Swipe ,Bills,166.32,0
721207908,Blue,150,1,101,2023-08-27,Week-35,Q3,2023,1493,0,4655,95,0,Swipe ,Entertainment,977.55,0
721210158,Blue,400,1,83,2023-08-27,Week-35,Q3,2023,4626,1232,14740,102,0.266,Online ,Bills,3537.6,0
721211433,Blue,340,1,117,2023-08-27,Week-35,Q3,2023,3322,0,13784,108,0,Swipe ,Bills,1929.76,0
721212258,Blue,245,0,85,2023-08-27,Week-35,Q3,2023,30210,1946,7403,88,0.064,Online ,Fuel,814.33,0
721213833,Blue,300,1,120,2023-08-27,Week-35,Q3,2023,7966,1423,3780,75,0.179,Swipe ,Fuel,378,0
721217283,Blue,400,1,100,2023-08-27,Week-35,Q3,2023,8713,1354,2094,36,0.155,Swipe ,Entertainment,376.92,0
721218408,Blue,470,1,50,2023-08-27,Week-35,Q3,2023,3401,1713,1924,54,0.504,Swipe ,Bills,211.64,0
721220583,Platinum,465,0,108,2023-08-27,Week-35,Q3,2023,7362,1176,17390,130,0.16,Online ,Food,1565.1,0
721221783,Blue,125,1,115,2023-08-27,Week-35,Q3,2023,5844,2013,3546,65,0.344,Swipe ,Fuel,354.6,0
721222833,Blue,175,1,73,2023-08-27,Week-35,Q3,2023,1565,944,4798,73,0.603,Swipe ,Grocery,383.84,0
721225083,Blue,175,1,103,2023-08-27,Week-35,Q3,2023,8758,1511,7680,89,0.173,Swipe ,Bills,2227.2,0
721227258,Silver,100,0,103,2023-08-27,Week-35,Q3,2023,34516,1991,7520,79,0.058,Swipe ,Grocery,451.2,0
721228308,Blue,405,0,69,2023-08-27,Week-35,Q3,2023,3899,0,2182,40,0,Chip ,Fuel,370.94,0
721232058,Silver,370,0,156,2023-08-27,Week-35,Q3,2023,20231,977,1215,36,0.048,Swipe ,Bills,182.25,0
721233033,Blue,275,1,85,2023-08-27,Week-35,Q3,2023,4915,464,1474,36,0.094,Swipe ,Bills,250.58,0
721234308,Blue,125,1,102,2023-08-27,Week-35,Q3,2023,5825,1815,2820,62,0.312,Swipe ,Fuel,423,0
721236408,Blue,250,1,115,2023-08-27,Week-35,Q3,2023,7535,2517,1655,41,0.334,Swipe ,Entertainment,314.45,0
721238508,Blue,405,0,121,2023-08-27,Week-35,Q3,2023,1939,1484,4790,77,0.765,Swipe ,Entertainment,1389.1,0
721241583,Blue,175,0,77,2023-08-27,Week-35,Q3,2023,2109,1205,2935,60,0.571,Swipe ,Entertainment,293.5,0
721243083,Blue,245,1,66,2023-08-27,Week-35,Q3,2023,34516,2408,1187,40,0.07,Swipe ,Bills,71.22,0
721246833,Blue,335,0,98,2023-08-27,Week-35,Q3,2023,1953,1089,4636,70,0.558,Swipe ,Bills,927.2,0
721247883,Blue,270,1,81,2023-08-27,Week-35,Q3,2023,16207,922,3621,83,0.057,Chip ,Grocery,651.78,0
721249158,Blue,480,0,91,2023-08-27,Week-35,Q3,2023,6414,0,708,14,0,Swipe ,Bills,134.52,0
721250358,Blue,100,0,87,2023-08-27,Week-35,Q3,2023,5426,1478,1266,22,0.272,Swipe ,Bills,202.56,0
721252683,Blue,245,1,98,2023-08-27,Week-35,Q3,2023,34516,1501,3368,64,0.043,Swipe ,Grocery,606.24,0
721253508,Blue,360,0,118,2023-08-27,Week-35,Q3,2023,9599,2356,4754,84,0.245,Swipe ,Bills,1236.04,0
721254858,Blue,250,1,108,2023-08-27,Week-35,Q3,2023,1694,1074,3857,70,0.634,Chip ,Travel,269.99,0
721256808,Blue,415,1,83,2023-08-27,Week-35,Q3,2023,2691,1935,4365,86,0.719,Swipe ,Entertainment,916.65,0
721258158,Blue,150,0,57,2023-08-27,Week-35,Q3,2023,11037,1491,2429,63,0.135,Swipe ,Bills,655.83,0
721264533,Silver,125,0,98,2023-08-27,Week-35,Q3,2023,3767,1106,15578,126,0.294,Swipe ,Grocery,1713.58,0
721265883,Blue,175,0,105,2023-08-27,Week-35,Q3,2023,2174,1514,2510,44,0.696,Swipe ,Bills,527.1,0
721268133,Blue,175,1,60,2023-08-27,Week-35,Q3,2023,11366,2109,3495,70,0.186,Swipe ,Entertainment,838.8,0
721269108,Blue,385,0,120,2023-08-27,Week-35,Q3,2023,2288,1249,4504,87,0.546,Swipe ,Entertainment,1261.12,0
721273008,Silver,475,1,79,2023-08-27,Week-35,Q3,2023,10797,1252,1739,38,0.116,Chip ,Food,278.24,0
721274208,Blue,100,1,120,2023-08-27,Week-35,Q3,2023,2201,2104,2408,38,0.956,Swipe ,Fuel,577.92,0
721276383,Blue,475,1,87,2023-08-27,Week-35,Q3,2023,5624,1216,3843,66,0.216,Online ,Fuel,307.44,0
721279083,Blue,245,0,92,2023-08-27,Week-35,Q3,2023,5376,1177,1840,53,0.219,Swipe ,Entertainment,147.2,0
721282908,Blue,300,1,146,2023-08-27,Week-35,Q3,2023,1438.3,0,3971,60,0,Swipe ,Bills,1032.46,0
721284258,Blue,330,1,137,2023-08-27,Week-35,Q3,2023,7181,2517,1636,39,0.351,Swipe ,Grocery,196.32,0
721287183,Blue,445,1,108,2023-08-27,Week-35,Q3,2023,2081,0,4863,87,0,Chip ,Fuel,1264.38,0
721288158,Blue,125,1,87,2023-08-27,Week-35,Q3,2023,25033,2300,2529,71,0.092,Swipe ,Entertainment,632.25,0
721290708,Gold,300,1,74,2023-08-27,Week-35,Q3,2023,14217,1816,15554,99,0.128,Chip ,Entertainment,3577.42,0
721294533,Silver,190,1,105,2023-08-27,Week-35,Q3,2023,34516,738,15143,121,0.021,Swipe ,Food,1817.16,0
721295658,Blue,325,0,105,2023-08-27,Week-35,Q3,2023,34516,2517,3975,63,0.073,Swipe ,Bills,1152.75,0
721299483,Blue,450,0,114,2023-08-27,Week-35,Q3,2023,11671,1304,4168,71,0.112,Swipe ,Bills,375.12,0
721301733,Blue,350,1,106,2023-08-27,Week-35,Q3,2023,22140,733,1580,45,0.033,Swipe ,Bills,110.6,0
721304133,Blue,150,1,106,2023-08-27,Week-35,Q3,2023,4277,1578,1855,49,0.369,Online ,Entertainment,278.25,1
721305408,Blue,300,1,88,2023-08-27,Week-35,Q3,2023,3378,0,4761,81,0,Chip ,Grocery,666.54,1
721306908,Blue,245,1,106,2023-08-27,Week-35,Q3,2023,2303,540,3440,46,0.234,Swipe ,Fuel,481.6,1
721308033,Blue,345,1,96,2023-08-27,Week-35,Q3,2023,3036,2517,2609,42,0.829,Swipe ,Grocery,156.54,1
721310283,Blue,415,0,76,2023-08-27,Week-35,Q3,2023,34516,933,1804,32,0.027,Swipe ,Entertainment,505.12,1
721311333,Blue,125,0,88,2023-08-27,Week-35,Q3,2023,16912,1590,2413,41,0.094,Swipe ,Entertainment,313.69,1
721313808,Blue,150,0,93,2023-08-27,Week-35,Q3,2023,2826,1741,4488,73,0.616,Swipe ,Fuel,897.6,1
721315233,Silver,415,1,95,2023-08-27,Week-35,Q3,2023,18535,1192,3780,70,0.064,Chip ,Entertainment,680.4,0
721316358,Blue,100,1,140,2023-08-27,Week-35,Q3,2023,9577,632,4086,62,0.066,Swipe ,Fuel,939.78,0
721317333,Blue,485,1,109,2023-08-27,Week-35,Q3,2023,2383,1828,4759,75,0.767,Swipe ,Grocery,1142.16,0
721321383,Blue,470,0,119,2023-08-27,Week-35,Q3,2023,2372,1148,4418,80,0.484,Swipe ,Grocery,397.62,0
721325133,Blue,445,1,77,2023-08-27,Week-35,Q3,2023,31625,0,4503,77,0,Chip ,Entertainment,1305.87,0
721332033,Blue,195,1,114,2023-08-27,Week-35,Q3,2023,29195,892,4411,67,0.031,Chip ,Bills,573.43,0
721333233,Blue,200,0,73,2023-08-27,Week-35,Q3,2023,23138,1727,1612,39,0.075,Swipe ,Bills,145.08,0
721335558,Blue,125,1,88,2023-08-27,Week-35,Q3,2023,6482,1686,7544,101,0.26,Swipe ,Bills,1433.36,0
721338783,Blue,150,0,68,2023-08-27,Week-35,Q3,2023,13483,2517,3427,72,0.187,Swipe ,Fuel,856.75,0
721342383,Blue,300,0,90,2023-08-27,Week-35,Q3,2023,17438,0,1860,37,0,Swipe ,Bills,167.4,0
721344858,Blue,285,0,64,2023-08-27,Week-35,Q3,2023,2237,451,2192,36,0.202,Swipe ,Entertainment,306.88,0
721347408,Blue,300,1,93,2023-08-27,Week-35,Q3,2023,2569,1403,1456,39,0.546,Swipe ,Travel,349.44,0
721349883,Blue,430,1,103,2023-08-27,Week-35,Q3,2023,2847,2082,3672,59,0.731,Chip ,Entertainment,403.92,0
721350783,Blue,280,1,72,2023-08-27,Week-35,Q3,2023,5660,2006,1569,39,0.354,Swipe ,Fuel,172.59,0
721351983,Blue,495,1,83,2023-08-27,Week-35,Q3,2023,3492,2517,2510,47,0.721,Chip ,Food,627.5,0
721359183,Blue,250,1,113,2023-08-27,Week-35,Q3,2023,2907,1537,4390,76,0.529,Chip ,Entertainment,351.2,0
721361433,Blue,395,0,106,2023-08-27,Week-35,Q3,2023,4502,1785,4469,87,0.396,Chip ,Bills,312.83,0
721365033,Blue,460,0,144,2023-08-27,Week-35,Q3,2023,1696,0,2095,43,0,Chip ,Travel,398.05,0
721366308,Blue,475,0,95,2023-08-27,Week-35,Q3,2023,13509,2060,3702,64,0.152,Chip ,Fuel,925.5,0
721374033,Blue,295,1,67,2023-08-27,Week-35,Q3,2023,2164,1115,4341,69,0.515,Swipe ,Food,434.1,0
721375308,Blue,100,0,98,2023-08-27,Week-35,Q3,2023,30579,1351,1289,19,0.044,Swipe ,Bills,360.92,0
721378008,Blue,355,1,116,2023-08-27,Week-35,Q3,2023,2621,1461,2718,71,0.557,Swipe ,Fuel,353.34,0
721379433,Blue,460,0,88,2023-08-27,Week-35,Q3,2023,11338,0,1227,24,0,Swipe ,Bills,159.51,0
721382208,Blue,385,0,76,2023-08-27,Week-35,Q3,2023,3140,2517,13677,122,0.802,Swipe ,Grocery,957.39,1
721384308,Blue,405,0,103,2023-08-27,Week-35,Q3,2023,3272,2323,4763,86,0.71,Chip ,Bills,523.93,1
721385433,Blue,485,1,76,2023-08-27,Week-35,Q3,2023,2787,1201,1662,39,0.431,Swipe ,Fuel,132.96,1
721387008,Blue,310,1,84,2023-08-27,Week-35,Q3,2023,3103,1783,4792,69,0.575,Chip ,Bills,814.64,1
721388283,Blue,125,1,76,2023-08-27,Week-35,Q3,2023,5597,0,4844,58,0,Chip ,Food,435.96,1
721393083,Blue,225,0,86,2023-08-27,Week-35,Q3,2023,6053,577,5035,64,0.095,Swipe ,Entertainment,503.5,1
721395633,Blue,285,1,108,2023-08-27,Week-35,Q3,2023,18591,994,15063,108,0.053,Chip ,Travel,3313.86,1
721396758,Blue,340,1,105,2023-08-27,Week-35,Q3,2023,1438.3,606,5062,80,0.421,Chip ,Grocery,303.72,1
721397808,Blue,300,0,111,2023-08-27,Week-35,Q3,2023,3735,1176,1564,41,0.315,Swipe ,Entertainment,187.68,1
721398858,Blue,350,1,83,2023-08-27,Week-35,Q3,2023,33913,0,4160,76,0,Chip ,Fuel,291.2,1
721399833,Blue,340,0,60,2023-08-27,Week-35,Q3,2023,2032,1008,4736,86,0.496,Swipe ,Travel,805.12,0
721402233,Gold,125,1,108,2023-08-27,Week-35,Q3,2023,19192,1507,15615,125,0.079,Swipe ,Entertainment,2342.25,0
721406658,Blue,390,1,76,2023-08-27,Week-35,Q3,2023,1732,0,2479,43,0,Swipe ,Food,371.85,0
721409358,Blue,475,1,151,2023-08-27,Week-35,Q3,2023,1937,733,4547,73,0.378,Swipe ,Grocery,1182.22,0
721410858,Blue,100,1,116,2023-08-27,Week-35,Q3,2023,1921,1334,4512,90,0.694,Swipe ,Bills,947.52,0
721412208,Blue,425,1,112,2023-08-27,Week-35,Q3,2023,1438.3,904,3887,79,0.629,Chip ,Bills,349.83,0
721415658,Blue,375,1,50,2023-08-27,Week-35,Q3,2023,2700,2220,2901,59,0.822,Swipe ,Fuel,696.24,0
721417233,Blue,360,1,88,2023-08-27,Week-35,Q3,2023,1438.3,0,709,27,0,Swipe ,Bills,127.62,0
721418133,Blue,300,1,116,2023-08-27,Week-35,Q3,2023,2016,972,4535,82,0.482,Chip ,Food,725.6,0
721424583,Blue,460,1,74,2023-08-27,Week-35,Q3,2023,1918,900,4237,76,0.469,Chip ,Fuel,1143.99,0
721425558,Blue,125,0,105,2023-08-27,Week-35,Q3,2023,14543,0,1536,37,0,Swipe ,Travel,399.36,0
721426383,Blue,125,1,109,2023-08-27,Week-35,Q3,2023,1558,261,2424,40,0.168,Swipe ,Grocery,315.12,0
721427358,Blue,195,0,85,2023-08-27,Week-35,Q3,2023,8757,0,2108,47,0,Chip ,Grocery,400.52,0
721428333,Blue,380,1,91,2023-08-27,Week-35,Q3,2023,8109,541,3609,77,0.067,Chip ,Entertainment,613.53,0
721433283,Blue,125,0,69,2023-08-27,Week-35,Q3,2023,9956,1117,1447,39,0.112,Swipe ,Entertainment,390.69,0
721434483,Blue,395,1,115,2023-08-27,Week-35,Q3,2023,2798,1256,2631,55,0.449,Swipe ,Bills,289.41,0
721437333,Blue,385,1,69,2023-08-27,Week-35,Q3,2023,5054,2517,2027,39,0.498,Chip ,Grocery,587.83,0
721438233,Gold,250,1,76,2023-08-27,Week-35,Q3,2023,3297,1761,15580,120,0.534,Chip ,Travel,2648.6,0
721440633,Blue,420,0,95,2023-08-27,Week-35,Q3,2023,7982,897,4387,71,0.112,Chip ,Fuel,965.14,0
721443408,Blue,425,1,125,2023-08-27,Week-35,Q3,2023,34516,676,3508,58,0.02,Swipe ,Entertainment,210.48,0
721444758,Blue,200,1,148,2023-08-27,Week-35,Q3,2023,2780,2216,4980,78,0.797,Swipe ,Entertainment,1344.6,0
721445658,Blue,430,0,109,2023-08-27,Week-35,Q3,2023,6265,1677,8162,89,0.268,Swipe ,Bills,2366.98,0
721448283,Blue,430,1,99,2023-08-27,Week-35,Q3,2023,1876,1536,2579,47,0.819,Chip ,Bills,361.06,0
721449408,Blue,150,1,153,2023-08-27,Week-35,Q3,2023,2812,2029,4763,74,0.722,Swipe ,Bills,571.56,0
721451208,Silver,245,1,45,2023-08-27,Week-35,Q3,2023,30540,0,1980,36,0,Chip ,Entertainment,455.4,0
721455558,Blue,125,0,67,2023-08-27,Week-35,Q3,2023,6828,1859,14713,104,0.272,Online ,Travel,3383.99,0
721459008,Blue,315,1,79,2023-08-27,Week-35,Q3,2023,11791,1168,14885,101,0.099,Chip ,Entertainment,4316.65,0
721460283,Blue,150,0,84,2023-08-27,Week-35,Q3,2023,2214,915,2144,51,0.413,Online ,Grocery,150.08,0
721461258,Blue,335,1,45,2023-08-27,Week-35,Q3,2023,2875,1671,4399,88,0.581,Online ,Food,659.85,0
721462458,Blue,125,1,129,2023-08-27,Week-35,Q3,2023,23858,1179,3784,69,0.049,Online ,Bills,529.76,0
721464783,Blue,490,1,107,2023-08-27,Week-35,Q3,2023,1764,1540,2094,47,0.873,Swipe ,Entertainment,586.32,0
721467258,Blue,200,0,69,2023-08-27,Week-35,Q3,2023,2165,1135,1541,33,0.524,Swipe ,Grocery,107.87,0
721468533,Blue,125,0,75,2023-08-27,Week-35,Q3,2023,12265,1412,7470,82,0.115,Swipe ,Bills,522.9,0
721469433,Blue,320,1,115,2023-08-27,Week-35,Q3,2023,6880,1390,1784,35,0.202,Swipe ,Grocery,321.12,0
721473783,Blue,380,0,107,2023-08-27,Week-35,Q3,2023,2272,604,4614,75,0.266,Chip ,Grocery,553.68,0
721475133,Blue,445,0,54,2023-08-27,Week-35,Q3,2023,26053,829,2768,70,0.032,Swipe ,Grocery,304.48,0
721479108,Blue,200,1,116,2023-08-27,Week-35,Q3,2023,12764,0,3332,64,0,Swipe ,Travel,233.24,0
721480158,Blue,355,0,111,2023-08-27,Week-35,Q3,2023,1438.3,910,2370,44,0.633,Swipe ,Bills,450.3,0
721483158,Blue,375,0,94,2023-08-27,Week-35,Q3,2023,7298,0,4512,72,0,Swipe ,Bills,812.16,0
721484283,Blue,275,0,91,2023-08-27,Week-35,Q3,2023,3007,2517,4985,84,0.837,Swipe ,Grocery,997,0
721485708,Blue,425,1,75,2023-08-27,Week-35,Q3,2023,9149,1806,1220,36,0.197,Swipe ,Bills,292.8,0
721486908,Blue,375,1,97,2023-08-27,Week-35,Q3,2023,7645,2076,7710,75,0.272,Swipe ,Fuel,2235.9,1
721488858,Silver,175,1,71,2023-08-27,Week-35,Q3,2023,32417,871,14381,121,0.027,Swipe ,Bills,862.86,1
721491258,Blue,200,1,96,2023-08-27,Week-35,Q3,2023,3924,2517,1417,30,0.641,Swipe ,Fuel,255.06,1
721493883,Blue,125,0,88,2023-08-27,Week-35,Q3,2023,5195,0,3313,69,0,Swipe ,Fuel,430.69,1
721495458,Blue,440,0,99,2023-08-27,Week-35,Q3,2023,20001,0,8094,96,0,Swipe ,Grocery,2185.38,1
721498008,Blue,150,1,112,2023-08-27,Week-35,Q3,2023,1438.3,0,3966,57,0,Swipe ,Fuel,951.84,1
721500108,Blue,200,1,104,2023-08-27,Week-35,Q3,2023,3741,0,4402,55,0,Chip ,Fuel,836.38,0
721501308,Blue,360,1,101,2023-08-27,Week-35,Q3,2023,7015,918,4410,70,0.131,Swipe ,Entertainment,1278.9,0
721502958,Blue,335,0,61,2023-08-27,Week-35,Q3,2023,3251,1919,1406,31,0.59,Swipe ,Grocery,239.02,0
721505358,Blue,275,1,116,2023-08-27,Week-35,Q3,2023,2679,2214,4682,81,0.826,Swipe ,Food,1217.32,0
721506708,Blue,140,1,77,2023-08-27,Week-35,Q3,2023,6249,2517,3988,68,0.403,Swipe ,Grocery,677.96,0
721508283,Blue,175,1,92,2023-08-27,Week-35,Q3,2023,8322,0,3700,62,0,Swipe ,Bills,592,0
721509558,Blue,110,0,114,2023-08-27,Week-35,Q3,2023,24221,1707,1678,40,0.07,Swipe ,Travel,469.84,0
721511883,Blue,470,1,98,2023-08-27,Week-35,Q3,2023,1709,0,4981,79,0,Chip ,Food,1344.87,0
721513833,Blue,270,0,87,2023-08-27,Week-35,Q3,2023,5619,1504,2808,72,0.268,Swipe ,Fuel,196.56,0
721514883,Blue,300,1,85,2023-08-27,Week-35,Q3,2023,16665,1147,4657,78,0.069,Chip ,Entertainment,977.97,0
721517208,Blue,100,1,140,2023-08-27,Week-35,Q3,2023,2450,1967,1263,29,0.803,Swipe ,Travel,366.27,0
721519908,Blue,100,0,92,2023-08-27,Week-35,Q3,2023,3640,1419,13306,99,0.39,Swipe ,Food,1596.72,0
721522533,Blue,175,1,150,2023-08-27,Week-35,Q3,2023,2005,1143,4311,70,0.57,Chip ,Bills,732.87,0
721523658,Blue,270,0,63,2023-08-27,Week-35,Q3,2023,34516,772,3699,77,0.022,Swipe ,Entertainment,406.89,0
721524858,Blue,175,0,81,2023-08-27,Week-35,Q3,2023,7098,1829,13139,102,0.258,Swipe ,Grocery,1051.12,0
721525758,Blue,190,0,103,2023-08-27,Week-35,Q3,2023,2226,1229,4928,77,0.552,Swipe ,Food,1182.72,0
721527858,Blue,245,1,111,2023-08-27,Week-35,Q3,2023,2003,1735,2343,42,0.866,Chip ,Bills,351.45,0
721529583,Blue,190,0,77,2023-08-27,Week-35,Q3,2023,4642,2413,3532,72,0.52,Chip ,Entertainment,282.56,0
721530633,Blue,470,0,97,2023-08-27,Week-35,Q3,2023,3785,1329,15209,104,0.351,Swipe ,Fuel,2129.26,0
721531683,Blue,405,0,99,2023-08-27,Week-35,Q3,2023,8482,0,4076,81,0,Chip ,Bills,896.72,0
721532583,Blue,425,1,98,2023-08-27,Week-35,Q3,2023,12250,2165,1995,39,0.177,Swipe ,Fuel,179.55,0
721537683,Blue,470,1,120,2023-08-27,Week-35,Q3,2023,5471,1342,4002,67,0.245,Chip ,Fuel,840.42,0
721538883,Silver,435,0,44,2023-08-27,Week-35,Q3,2023,15578,0,4449,81,0,Swipe ,Entertainment,311.43,0
734909358,Blue,175,1,58,2023-08-27,Week-35,Q3,2023,6548,1244,4354,79,0.19,Chip ,Entertainment,1001.42,0
734924658,Blue,445,1,76,2023-08-27,Week-35,Q3,2023,1478,792,4123,67,0.536,Swipe ,Fuel,288.61,0
735008958,Blue,445,1,124,2023-08-27,Week-35,Q3,2023,13650,1253,1703,53,0.092,Swipe ,Entertainment,119.21,0
735417408,Blue,320,0,51,2023-08-27,Week-35,Q3,2023,2218,1266,1941,58,0.571,Swipe ,Travel,485.25,0
735565158,Blue,175,0,81,2023-08-27,Week-35,Q3,2023,21548,1180,1582,38,0.055,Swipe ,Entertainment,395.5,0
735825258,Blue,470,0,108,2023-08-27,Week-35,Q3,2023,4423,1643,15467,112,0.371,Chip ,Entertainment,3093.4,0
736145283,Blue,110,1,114,2023-08-27,Week-35,Q3,2023,1669,0,3591,59,0,Swipe ,Food,718.2,0
736552308,Blue,345,1,79,2023-08-27,Week-35,Q3,2023,3521,672,3291,65,0.191,Swipe ,Entertainment,756.93,0
736786908,Blue,430,0,120,2023-08-27,Week-35,Q3,2023,5550,2517,6984,85,0.454,Swipe ,Grocery,419.04,0
736893108,Blue,175,1,108,2023-08-27,Week-35,Q3,2023,1438.3,0,4196,87,0,Swipe ,Entertainment,587.44,0
737052258,Blue,150,1,85,2023-08-27,Week-35,Q3,2023,5284,2517,4525,63,0.476,Swipe ,Food,769.25,0
737921733,Blue,200,1,49,2023-08-27,Week-35,Q3,2023,1892,1604,1581,34,0.848,Swipe ,Food,411.06,0
737925558,Blue,285,0,120,2023-08-27,Week-35,Q3,2023,4234,1893,1439,42,0.447,Swipe ,Travel,287.8,0
737933883,Blue,175,1,116,2023-08-27,Week-35,Q3,2023,8063,2149,2042,49,0.267,Swipe ,Fuel,592.18,0
737944908,Blue,140,1,115,2023-08-27,Week-35,Q3,2023,14976,1463,1599,36,0.098,Swipe ,Fuel,95.94,0
737952333,Blue,200,0,97,2023-08-27,Week-35,Q3,2023,2586,0,3435,65,0,Swipe ,Fuel,515.25,0
737962608,Blue,365,1,67,2023-08-27,Week-35,Q3,2023,3745,2517,4550,78,0.672,Swipe ,Fuel,1092,0
737967708,Blue,275,0,87,2023-08-27,Week-35,Q3,2023,1611,938,4087,86,0.582,Chip ,Fuel,776.53,0
737971833,Blue,245,0,47,2023-08-27,Week-35,Q3,2023,2405,1553,2503,40,0.646,Swipe ,Bills,450.54,0
737982408,Blue,195,1,115,2023-08-27,Week-35,Q3,2023,19136,1608,2501,55,0.084,Swipe ,Bills,525.21,0
737986083,Blue,435,1,73,2023-08-27,Week-35,Q3,2023,23642,2049,3139,54,0.087,Swipe ,Bills,565.02,0
738062658,Blue,250,0,94,2023-08-27,Week-35,Q3,2023,17096,1762,4231,62,0.103,Swipe ,Grocery,507.72,0
738195708,Blue,330,0,145,2023-09-03,Week-36,Q3,2023,16741,1225,3608,56,0.073,Chip ,Entertainment,469.04,0
738406533,Blue,420,0,84,2023-09-03,Week-36,Q3,2023,2548,2020,1719,27,0.793,Swipe ,Travel,103.14,0
738627708,Blue,140,0,99,2023-09-03,Week-36,Q3,2023,5984,0,1838,42,0,Swipe ,Bills,128.66,0
738749733,Silver,460,1,68,2023-09-03,Week-36,Q3,2023,7345,1814,1390,30,0.247,Swipe ,Fuel,250.2,0
738899658,Blue,495,1,77,2023-09-03,Week-36,Q3,2023,3120,2517,2468,43,0.807,Chip ,Entertainment,691.04,0
739021908,Blue,295,0,105,2023-09-03,Week-36,Q3,2023,3681,0,13222,112,0,Online ,Travel,2115.52,0
739117233,Blue,355,0,97,2023-09-03,Week-36,Q3,2023,3205,1530,2126,58,0.477,Online ,Bills,446.46,0
739317558,Blue,450,0,153,2023-09-03,Week-36,Q3,2023,9030,2369,4899,84,0.262,Swipe ,Fuel,489.9,0
739594758,Blue,195,1,41,2023-09-03,Week-36,Q3,2023,3181,2517,818,16,0.791,Swipe ,Bills,57.26,0
739692933,Blue,370,0,72,2023-09-03,Week-36,Q3,2023,3126,2517,1638,41,0.805,Swipe ,Entertainment,442.26,0
739828308,Blue,280,1,116,2023-09-03,Week-36,Q3,2023,3088,1743,3906,68,0.564,Swipe ,Grocery,742.14,0
740065833,Silver,110,1,112,2023-09-03,Week-36,Q3,2023,11128,2517,8526,93,0.226,Swipe ,Bills,2131.5,0
740784258,Blue,370,0,115,2023-09-03,Week-36,Q3,2023,1789,1088,4191,90,0.608,Chip ,Bills,628.65,0
740852733,Blue,375,1,60,2023-09-03,Week-36,Q3,2023,10155,1805,1685,49,0.178,Swipe ,Entertainment,421.25,0
741116058,Blue,425,0,42,2023-09-03,Week-36,Q3,2023,2582,1399,2144,42,0.542,Chip ,Food,128.64,0
741344808,Blue,470,1,107,2023-09-03,Week-36,Q3,2023,5634,2057,2905,63,0.365,Online ,Entertainment,726.25,0
741517458,Blue,460,1,81,2023-09-03,Week-36,Q3,2023,2575,2517,1874,40,0.977,Swipe ,Fuel,299.84,0
741778458,Blue,410,1,113,2023-09-03,Week-36,Q3,2023,2341,1550,3406,57,0.662,Chip ,Grocery,613.08,0
742552683,Blue,140,1,104,2023-09-03,Week-36,Q3,2023,1438.3,688,4208,86,0.478,Swipe ,Fuel,967.84,0
742572558,Blue,150,0,121,2023-09-03,Week-36,Q3,2023,12268,1165,4905,82,0.095,Swipe ,Bills,1079.1,0
742778358,Blue,445,1,72,2023-09-03,Week-36,Q3,2023,16739,1229,4014,69,0.073,Online ,Entertainment,682.38,0
742865883,Blue,175,0,122,2023-09-03,Week-36,Q3,2023,9110,2517,5290,69,0.276,Swipe ,Bills,370.3,0
743265108,Blue,125,0,72,2023-09-03,Week-36,Q3,2023,15936,827,2477,49,0.052,Swipe ,Bills,644.02,0
743420208,Blue,175,1,104,2023-09-03,Week-36,Q3,2023,4822,1882,13816,121,0.39,Swipe ,Grocery,3868.48,0
743590608,Blue,475,1,85,2023-09-03,Week-36,Q3,2023,21869,950,4233,71,0.043,Chip ,Entertainment,1185.24,0
743800833,Blue,430,1,85,2023-09-03,Week-36,Q3,2023,2304,1144,4505,85,0.497,Swipe ,Grocery,1081.2,0
743912958,Blue,175,1,110,2023-09-03,Week-36,Q3,2023,3812,1103,4080,65,0.289,Swipe ,Fuel,489.6,1
744231708,Blue,175,0,160,2023-09-03,Week-36,Q3,2023,1513,788,4166,71,0.521,Chip ,Food,1166.48,1
744307008,Blue,330,1,74,2023-09-03,Week-36,Q3,2023,4988,0,3890,74,0,Swipe ,Grocery,1128.1,1
744483633,Blue,275,1,111,2023-09-03,Week-36,Q3,2023,14869,0,2753,48,0,Swipe ,Fuel,247.77,1
744705408,Blue,450,1,93,2023-09-03,Week-36,Q3,2023,5239,1172,4241,61,0.224,Chip ,Bills,678.56,1
744764433,Blue,355,1,48,2023-09-03,Week-36,Q3,2023,30967,817,1473,35,0.026,Swipe ,Bills,294.6,1
745124658,Blue,245,1,104,2023-09-03,Week-36,Q3,2023,2563,1579,4838,70,0.616,Online ,Grocery,338.66,0
745435533,Blue,200,0,99,2023-09-03,Week-36,Q3,2023,2617,2517,3104,70,0.962,Swipe ,Fuel,900.16,0
745853283,Blue,200,1,70,2023-09-03,Week-36,Q3,2023,7234,0,5198,75,0,Swipe ,Food,1507.42,0
746453583,Blue,200,0,104,2023-09-03,Week-36,Q3,2023,2604,1395,4498,85,0.536,Swipe ,Fuel,1169.48,0
747074058,Blue,475,1,88,2023-09-03,Week-36,Q3,2023,7114,1637,4758,81,0.23,Swipe ,Bills,904.02,0
747107508,Blue,125,1,40,2023-09-03,Week-36,Q3,2023,2433,1947,4269,88,0.8,Chip ,Entertainment,554.97,0
747208083,Blue,300,0,98,2023-09-03,Week-36,Q3,2023,2822,1501,4344,68,0.532,Chip ,Entertainment,434.4,0
747551658,Silver,365,1,74,2023-09-03,Week-36,Q3,2023,34516,1371,15930,123,0.04,Chip ,Bills,3186,0
747885858,Blue,300,1,75,2023-09-03,Week-36,Q3,2023,8325,2048,14571,91,0.246,Chip ,Travel,2477.07,0
748194633,Blue,345,1,71,2023-09-03,Week-36,Q3,2023,2903,1251,4555,76,0.431,Swipe ,Bills,501.05,0
748326258,Blue,355,1,116,2023-09-03,Week-36,Q3,2023,12302,1632,1483,41,0.133,Swipe ,Bills,296.6,0
748503708,Blue,330,1,62,2023-09-03,Week-36,Q3,2023,2797,1627,1566,36,0.582,Swipe ,Fuel,328.86,0
748617858,Blue,250,1,66,2023-09-03,Week-36,Q3,2023,4587,1704,2968,65,0.371,Swipe ,Bills,563.92,0
748827033,Blue,340,1,81,2023-09-03,Week-36,Q3,2023,3290,0,4780,84,0,Swipe ,Fuel,1099.4,0
749067633,Blue,250,0,99,2023-09-03,Week-36,Q3,2023,3682,0,4015,77,0,Chip ,Bills,1164.35,0
749211483,Blue,475,1,46,2023-09-03,Week-36,Q3,2023,4597,1905,4932,67,0.414,Online ,Grocery,1331.64,0
749571633,Blue,410,0,73,2023-09-03,Week-36,Q3,2023,5589,1336,4262,75,0.239,Swipe ,Food,852.4,0
749722908,Blue,150,1,84,2023-09-03,Week-36,Q3,2023,10700,1346,4054,68,0.126,Chip ,Grocery,891.88,0
750147483,Blue,380,1,79,2023-09-03,Week-36,Q3,2023,24299,2517,5320,62,0.104,Online ,Fuel,1223.6,0
750690258,Blue,360,1,150,2023-09-03,Week-36,Q3,2023,2821,1995,8220,103,0.707,Online ,Bills,2383.8,0
750995508,Blue,245,1,112,2023-09-03,Week-36,Q3,2023,4697,1046,1679,29,0.223,Swipe ,Bills,419.75,0
751076058,Blue,450,0,104,2023-09-03,Week-36,Q3,2023,5826,0,3756,73,0,Swipe ,Entertainment,488.28,0
751143858,Blue,290,0,82,2023-09-03,Week-36,Q3,2023,7427,2421,4636,91,0.326,Swipe ,Food,1344.44,0
751150233,Blue,300,0,61,2023-09-03,Week-36,Q3,2023,1438.3,0,4459,65,0,Swipe ,Entertainment,847.21,0
751155783,Blue,365,0,97,2023-09-03,Week-36,Q3,2023,4074,1868,15005,118,0.459,Chip ,Bills,2400.8,0
751166508,Blue,345,0,116,2023-09-03,Week-36,Q3,2023,34516,2293,14287,114,0.066,Chip ,Food,857.22,0
751227183,Blue,320,1,96,2023-09-03,Week-36,Q3,2023,5346,1539,2283,51,0.288,Swipe ,Fuel,251.13,0
751283658,Blue,490,1,98,2023-09-03,Week-36,Q3,2023,1786,1316,4306,73,0.737,Chip ,Bills,688.96,0
751350558,Blue,250,1,41,2023-09-03,Week-36,Q3,2023,1609,0,4770,85,0,Online ,Entertainment,620.1,0
751381458,Blue,410,1,110,2023-09-03,Week-36,Q3,2023,27175,775,3814,72,0.029,Swipe ,Bills,724.66,0
751422258,Blue,250,0,93,2023-09-03,Week-36,Q3,2023,5583,0,3317,71,0,Swipe ,Fuel,398.04,0
751450008,Blue,360,0,119,2023-09-03,Week-36,Q3,2023,10266,1390,1720,42,0.135,Online ,Fuel,275.2,0
751469808,Blue,225,1,66,2023-09-03,Week-36,Q3,2023,12852,1945,1606,33,0.151,Swipe ,Bills,433.62,0
751487358,Blue,200,1,94,2023-09-03,Week-36,Q3,2023,3221,0,1765,40,0,Swipe ,Entertainment,441.25,0
751518633,Silver,125,0,137,2023-09-03,Week-36,Q3,2023,34516,2517,2260,50,0.073,Swipe ,Bills,203.4,0
751563933,Blue,300,0,164,2023-09-03,Week-36,Q3,2023,9484,2451,7242,95,0.258,Swipe ,Grocery,1158.72,0
751607058,Blue,200,1,69,2023-09-03,Week-36,Q3,2023,1686,0,4413,77,0,Swipe ,Bills,661.95,0
751974258,Blue,150,1,84,2023-09-03,Week-36,Q3,2023,11954,0,7345,93,0,Swipe ,Bills,1175.2,0
752085108,Blue,360,1,103,2023-09-03,Week-36,Q3,2023,4955,1157,1824,38,0.234,Swipe ,Bills,200.64,0
752199183,Blue,470,1,95,2023-09-03,Week-36,Q3,2023,3553,0,4923,89,0,Chip ,Grocery,1083.06,0
752573508,Blue,100,0,88,2023-09-03,Week-36,Q3,2023,4034,1867,3718,72,0.463,Chip ,Bills,520.52,0
752604633,Blue,300,1,90,2023-09-03,Week-36,Q3,2023,6462,0,761,17,0,Swipe ,Bills,159.81,0
752648883,Blue,425,0,102,2023-09-03,Week-36,Q3,2023,2018,1366,4842,69,0.677,Swipe ,Food,1307.34,0
752666508,Silver,250,1,68,2023-09-03,Week-36,Q3,2023,34516,1347,1005,22,0.039,Swipe ,Bills,201,0
752766783,Blue,470,1,100,2023-09-03,Week-36,Q3,2023,11536,2074,4106,81,0.18,Chip ,Fuel,533.78,0
752944533,Blue,300,1,96,2023-09-03,Week-36,Q3,2023,2030,1269,5067,88,0.625,Swipe ,Bills,405.36,0
752952108,Blue,125,1,73,2023-09-03,Week-36,Q3,2023,2846,1818,1473,37,0.639,Swipe ,Travel,235.68,0
753094533,Blue,410,1,119,2023-09-03,Week-36,Q3,2023,24028,0,3531,73,0,Chip ,Grocery,282.48,0
753118533,Blue,290,1,119,2023-09-03,Week-36,Q3,2023,1555,986,4686,75,0.634,Swipe ,Bills,281.16,0
753208833,Blue,385,0,97,2023-09-03,Week-36,Q3,2023,2311,1320,3967,71,0.571,Online ,Grocery,436.37,0
753220383,Blue,200,0,76,2023-09-03,Week-36,Q3,2023,11722,0,8302,78,0,Chip ,Food,1079.26,0
753226158,Blue,150,1,151,2023-09-03,Week-36,Q3,2023,3663,1853,1826,35,0.506,Swipe ,Bills,146.08,0
753233733,Blue,340,1,87,2023-09-03,Week-36,Q3,2023,2155,1290,3781,61,0.599,Swipe ,Food,756.2,0
753327333,Blue,440,1,78,2023-09-03,Week-36,Q3,2023,13535,1291,1028,21,0.095,Swipe ,Travel,298.12,0
753365883,Blue,95,1,104,2023-09-03,Week-36,Q3,2023,1900,0,2298,45,0,Swipe ,Food,551.52,0
753443583,Blue,125,1,78,2023-09-03,Week-36,Q3,2023,8156,0,3992,73,0,Chip ,Bills,1077.84,0
753534633,Blue,460,1,55,2023-09-03,Week-36,Q3,2023,7255,0,3148,62,0,Chip ,Fuel,912.92,0
753606108,Blue,110,1,119,2023-09-03,Week-36,Q3,2023,1438.3,0,1093,22,0,Swipe ,Bills,98.37,0
753642933,Blue,430,0,119,2023-09-03,Week-36,Q3,2023,2728,1365,4293,83,0.5,Swipe ,Entertainment,429.3,0
753795633,Blue,385,1,156,2023-09-03,Week-36,Q3,2023,2964,2517,2327,38,0.849,Swipe ,Bills,605.02,0
753856008,Blue,475,1,78,2023-09-03,Week-36,Q3,2023,4949,1495,3597,64,0.302,Swipe ,Entertainment,863.28,0
754282908,Blue,200,0,144,2023-09-03,Week-36,Q3,2023,3368,844,2022,59,0.251,Swipe ,Travel,303.3,0
754443033,Silver,440,1,73,2023-09-03,Week-36,Q3,2023,34516,432,9045,72,0.013,Swipe ,Entertainment,542.7,0
754457883,Blue,365,0,92,2023-09-03,Week-36,Q3,2023,4834,0,1876,35,0,Swipe ,Entertainment,506.52,0
754480233,Blue,140,1,115,2023-09-03,Week-36,Q3,2023,3525,0,4742,62,0,Chip ,Entertainment,711.3,0
754564308,Blue,125,1,108,2023-09-03,Week-36,Q3,2023,2644,2126,3601,66,0.804,Chip ,Fuel,720.2,0
754599558,Blue,125,1,90,2023-09-03,Week-36,Q3,2023,7207,2002,3825,70,0.278,Swipe ,Bills,459,0
754654383,Blue,475,1,74,2023-09-03,Week-36,Q3,2023,2997,1393,1577,35,0.465,Swipe ,Bills,283.86,0
754671558,Blue,425,1,115,2023-09-03,Week-36,Q3,2023,2999,1958,2073,48,0.653,Swipe ,Entertainment,352.41,0
754851783,Blue,480,1,92,2023-09-03,Week-36,Q3,2023,19198,2218,4423,90,0.116,Swipe ,Grocery,486.53,0
754872333,Blue,125,0,120,2023-09-03,Week-36,Q3,2023,20114,0,4740,88,0,Swipe ,Bills,805.8,0
754886958,Blue,300,1,99,2023-09-03,Week-36,Q3,2023,9336,1672,1391,39,0.179,Swipe ,Bills,319.93,0
754897008,Blue,405,1,45,2023-09-03,Week-36,Q3,2023,9432,1418,1319,26,0.15,Swipe ,Entertainment,224.23,0
754968033,Blue,190,1,110,2023-09-03,Week-36,Q3,2023,1762,1224,4899,87,0.695,Online ,Entertainment,440.91,1
755212608,Blue,320,1,86,2023-09-03,Week-36,Q3,2023,13067,0,5468,71,0,Swipe ,Grocery,1257.64,1
755220783,Blue,195,1,65,2023-09-03,Week-36,Q3,2023,8031,1167,3576,77,0.145,Swipe ,Entertainment,607.92,1
755247108,Blue,125,1,42,2023-09-03,Week-36,Q3,2023,3206,0,4731,82,0,Chip ,Fuel,378.48,1
755262933,Blue,125,1,92,2023-09-03,Week-36,Q3,2023,1438.3,0,1446,38,0,Swipe ,Entertainment,260.28,1
755273658,Blue,390,1,115,2023-09-03,Week-36,Q3,2023,2548,1683,2055,54,0.661,Swipe ,Bills,246.6,1
755305683,Gold,245,1,55,2023-09-03,Week-36,Q3,2023,8983,0,15163,124,0,Chip ,Fuel,3790.75,1
755365233,Blue,345,1,63,2023-09-03,Week-36,Q3,2023,19900,1581,3948,96,0.079,Online ,Grocery,355.32,1
755399433,Blue,150,1,144,2023-09-03,Week-36,Q3,2023,28634,926,4549,68,0.032,Swipe ,Fuel,318.43,1
755420433,Blue,445,0,137,2023-09-03,Week-36,Q3,2023,10133,1417,1068,20,0.14,Swipe ,Travel,96.12,1
755437533,Blue,300,1,138,2023-09-03,Week-36,Q3,2023,1522,1273,5005,77,0.836,Chip ,Fuel,450.45,1
755467683,Blue,270,1,90,2023-09-03,Week-36,Q3,2023,3001,482,2403,42,0.161,Chip ,Grocery,672.84,1
755593983,Blue,295,0,60,2023-09-03,Week-36,Q3,2023,7985,0,3873,72,0,Chip ,Grocery,387.3,1
755615208,Blue,200,1,113,2023-09-03,Week-36,Q3,2023,12630,1822,4084,66,0.144,Swipe ,Entertainment,449.24,0
755661933,Blue,200,1,101,2023-09-03,Week-36,Q3,2023,1899,671,2434,45,0.353,Chip ,Fuel,681.52,0
755943033,Blue,300,1,109,2023-09-03,Week-36,Q3,2023,1901,1176,2450,52,0.619,Swipe ,Fuel,539,0
755953308,Blue,175,0,42,2023-09-03,Week-36,Q3,2023,2644,2207,1194,30,0.835,Swipe ,Grocery,107.46,0
755959683,Blue,140,1,108,2023-09-03,Week-36,Q3,2023,3410,2281,1296,31,0.669,Swipe ,Food,168.48,0
755996583,Blue,400,1,119,2023-09-03,Week-36,Q3,2023,2475,0,2574,43,0,Chip ,Grocery,180.18,0
756013833,Blue,330,0,143,2023-09-03,Week-36,Q3,2023,4522,1861,1806,38,0.412,Online ,Entertainment,451.5,0
756025233,Blue,425,0,79,2023-09-03,Week-36,Q3,2023,2422,1014,2437,44,0.419,Chip ,Fuel,487.4,0
756065433,Blue,350,0,70,2023-09-03,Week-36,Q3,2023,2187,1597,2560,46,0.73,Swipe ,Fuel,281.6,0
756306183,Blue,425,0,119,2023-09-03,Week-36,Q3,2023,2873,2517,4897,71,0.876,Swipe ,Bills,538.67,0
756371058,Blue,250,0,97,2023-09-03,Week-36,Q3,2023,3944,1006,15315,124,0.255,Swipe ,Food,1990.95,0
756383283,Blue,250,1,120,2023-09-03,Week-36,Q3,2023,5523,2517,4170,80,0.456,Swipe ,Bills,500.4,0
756397458,Silver,270,1,66,2023-09-03,Week-36,Q3,2023,12873,0,3170,70,0,Swipe ,Fuel,729.1,0
756409758,Blue,400,0,90,2023-09-03,Week-36,Q3,2023,3203,2076,1433,38,0.648,Swipe ,Entertainment,171.96,0
756458508,Blue,200,0,98,2023-09-03,Week-36,Q3,2023,1682,930,3309,67,0.553,Chip ,Bills,959.61,0
756477333,Blue,430,1,100,2023-09-03,Week-36,Q3,2023,1539,0,4793,71,0,Chip ,Travel,383.44,0
756488883,Blue,440,0,69,2023-09-03,Week-36,Q3,2023,2196,1619,2040,65,0.737,Swipe ,Entertainment,224.4,0
756571983,Blue,350,1,79,2023-09-03,Week-36,Q3,2023,2020,1103,4951,85,0.546,Swipe ,Food,891.18,0
756598833,Blue,455,1,92,2023-09-03,Week-36,Q3,2023,6236,1204,5389,84,0.193,Chip ,Entertainment,754.46,0
756624183,Blue,190,1,75,2023-09-03,Week-36,Q3,2023,7742,2024,3507,69,0.261,Swipe ,Entertainment,350.7,0
756629133,Blue,270,1,118,2023-09-03,Week-36,Q3,2023,2721,0,2088,37,0,Swipe ,Fuel,438.48,0
756639708,Silver,290,1,120,2023-09-03,Week-36,Q3,2023,32587,992,15958,113,0.03,Swipe ,Bills,2872.44,0
756658083,Gold,495,1,73,2023-09-03,Week-36,Q3,2023,30885,2018,17350,115,0.065,Chip ,Travel,4337.5,0
756691608,Blue,415,1,117,2023-09-03,Week-36,Q3,2023,4554,780,4816,81,0.171,Chip ,Grocery,577.92,0
756727233,Blue,175,1,73,2023-09-03,Week-36,Q3,2023,21144,1190,4895,66,0.056,Online ,Grocery,832.15,0
756736008,Blue,355,0,95,2023-09-03,Week-36,Q3,2023,2911,1471,4450,62,0.505,Swipe ,Grocery,1246,0
756919683,Blue,465,0,109,2023-09-03,Week-36,Q3,2023,3632,1294,4339,86,0.356,Chip ,Bills,997.97,0
756944133,Blue,330,1,120,2023-09-03,Week-36,Q3,2023,3705,2168,4452,89,0.585,Swipe ,Entertainment,979.44,0
756989583,Blue,270,1,170,2023-09-03,Week-36,Q3,2023,1605,0,4418,68,0,Chip ,Bills,1148.68,0
757024233,Blue,250,1,49,2023-09-03,Week-36,Q3,2023,31313,2152,2555,62,0.069,Swipe ,Bills,204.4,0
757044033,Blue,455,0,83,2023-09-03,Week-36,Q3,2023,1965,1021,3968,57,0.52,Swipe ,Fuel,436.48,0
757053408,Blue,335,0,85,2023-09-03,Week-36,Q3,2023,3811,1970,3578,76,0.517,Swipe ,Food,894.5,0
757167633,Blue,195,1,71,2023-09-03,Week-36,Q3,2023,4388,642,3836,81,0.146,Chip ,Fuel,690.48,0
757194408,Blue,225,0,164,2023-09-03,Week-36,Q3,2023,1438.3,0,1707,38,0,Swipe ,Grocery,409.68,0
757224108,Blue,420,1,86,2023-09-03,Week-36,Q3,2023,2624,1117,3929,67,0.426,Swipe ,Bills,1100.12,0
757247808,Blue,125,0,160,2023-09-03,Week-36,Q3,2023,5230,2517,9495,61,0.481,Chip ,Entertainment,1993.95,0
757256358,Gold,300,1,82,2023-09-03,Week-36,Q3,2023,3243,1580,15710,122,0.487,Online ,Entertainment,3770.4,0
757266933,Blue,150,1,67,2023-09-03,Week-36,Q3,2023,11819,929,2431,46,0.079,Swipe ,Entertainment,194.48,0
757291008,Blue,395,0,86,2023-09-03,Week-36,Q3,2023,34516,289,8964,76,0.008,Swipe ,Grocery,1434.24,0
757300008,Blue,280,1,119,2023-09-03,Week-36,Q3,2023,8128,2344,4251,80,0.288,Swipe ,Entertainment,1190.28,0
757481283,Blue,380,1,90,2023-09-03,Week-36,Q3,2023,6921,2159,1931,35,0.312,Swipe ,Fuel,405.51,0
757527033,Blue,415,1,98,2023-09-03,Week-36,Q3,2023,2153,0,4628,69,0,Swipe ,Bills,323.96,0
757594083,Blue,300,1,133,2023-09-03,Week-36,Q3,2023,23486,0,4530,74,0,Swipe ,Food,1223.1,0
757634583,Blue,125,1,105,2023-09-03,Week-36,Q3,2023,2261,1127,4456,68,0.498,Swipe ,Entertainment,623.84,0
757643733,Blue,405,1,116,2023-09-03,Week-36,Q3,2023,3223,0,4916,79,0,Swipe ,Entertainment,934.04,0
757662258,Blue,375,0,108,2023-09-03,Week-36,Q3,2023,2477,1480,5138,77,0.597,Swipe ,Entertainment,308.28,0
757667133,Blue,175,1,73,2023-09-03,Week-36,Q3,2023,13769,0,4738,53,0,Swipe ,Food,331.66,0
757675158,Blue,245,1,87,2023-09-03,Week-36,Q3,2023,2725,1851,4904,85,0.679,Swipe ,Grocery,1127.92,0
757685733,Blue,405,0,92,2023-09-03,Week-36,Q3,2023,3226,2145,5066,75,0.665,Swipe ,Fuel,557.26,0
757710783,Blue,125,0,109,2023-09-03,Week-36,Q3,2023,1493,0,2516,63,0,Swipe ,Entertainment,478.04,0
757722708,Blue,150,0,72,2023-09-03,Week-36,Q3,2023,1438.3,0,4246,83,0,Swipe ,Food,849.2,0
757753083,Silver,475,1,78,2023-09-03,Week-36,Q3,2023,10110,1229,4063,74,0.122,Swipe ,Bills,812.6,0
757761033,Blue,450,1,74,2023-09-03,Week-36,Q3,2023,3250,1560,4673,73,0.48,Swipe ,Fuel,467.3,0
757786608,Silver,385,1,93,2023-09-03,Week-36,Q3,2023,4178,2463,16216,107,0.59,Swipe ,Bills,4540.48,0
757837458,Blue,345,1,83,2023-09-03,Week-36,Q3,2023,3578,663,4065,79,0.185,Swipe ,Fuel,1016.25,0
757854858,Blue,175,1,82,2023-09-03,Week-36,Q3,2023,3143,0,2297,37,0,Swipe ,Grocery,551.28,0
757863258,Blue,245,1,85,2023-09-03,Week-36,Q3,2023,2396,887,7480,84,0.37,Swipe ,Grocery,523.6,0
757881258,Blue,320,1,67,2023-09-03,Week-36,Q3,2023,4232,2092,2565,69,0.494,Swipe ,Entertainment,205.2,0
758076408,Blue,200,1,55,2023-09-03,Week-36,Q3,2023,1857,1603,1590,43,0.863,Swipe ,Bills,445.2,0
758086458,Blue,250,1,113,2023-09-03,Week-36,Q3,2023,1438.3,0,4111,62,0,Chip ,Bills,698.87,0
758106108,Blue,175,0,83,2023-09-03,Week-36,Q3,2023,7486,1758,4604,70,0.235,Swipe ,Grocery,1289.12,0
758168133,Blue,245,0,73,2023-09-03,Week-36,Q3,2023,4154,1060,4325,86,0.255,Online ,Fuel,1167.75,0
758178558,Blue,295,1,115,2023-09-03,Week-36,Q3,2023,4703,1555,4127,89,0.331,Swipe ,Grocery,1073.02,0
758186433,Blue,150,1,78,2023-09-03,Week-36,Q3,2023,2353,1095,5038,84,0.465,Swipe ,Bills,453.42,0
758202858,Blue,150,1,81,2023-09-03,Week-36,Q3,2023,4255,1681,3453,72,0.395,Swipe ,Grocery,656.07,0
758211483,Blue,370,1,86,2023-09-03,Week-36,Q3,2023,6895,2314,8778,85,0.336,Swipe ,Fuel,1755.6,0
758317233,Blue,370,0,119,2023-09-03,Week-36,Q3,2023,3518,1575,2121,60,0.448,Swipe ,Bills,530.25,0
758331483,Silver,175,1,79,2023-09-03,Week-36,Q3,2023,34516,984,15347,109,0.029,Chip ,Entertainment,1995.11,0
758340108,Silver,150,1,101,2023-09-03,Week-36,Q3,2023,10024,913,3906,78,0.091,Swipe ,Grocery,234.36,0
758348808,Blue,220,0,110,2023-09-03,Week-36,Q3,2023,34516,1666,1218,18,0.048,Swipe ,Travel,292.32,0
758367933,Blue,355,1,99,2023-09-03,Week-36,Q3,2023,5466,0,4435,79,0,Swipe ,Travel,753.95,0
758382183,Blue,250,1,52,2023-09-03,Week-36,Q3,2023,4249,789,8186,93,0.186,Swipe ,Entertainment,818.6,0
758408883,Blue,435,1,80,2023-09-03,Week-36,Q3,2023,13355,1631,1921,37,0.122,Swipe ,Entertainment,461.04,0
758417508,Blue,475,1,120,2023-09-03,Week-36,Q3,2023,5908,0,3313,72,0,Swipe ,Bills,298.17,0
758426583,Blue,445,1,104,2023-09-03,Week-36,Q3,2023,1438.3,1031,3308,72,0.717,Swipe ,Fuel,727.76,0
758521983,Blue,385,1,147,2023-09-03,Week-36,Q3,2023,9819,1200,2198,40,0.122,Swipe ,Fuel,131.88,0
758551608,Blue,430,0,122,2023-09-03,Week-36,Q3,2023,6205,2204,1347,28,0.355,Swipe ,Travel,202.05,0
758583708,Blue,250,1,91,2023-09-10,Week-37,Q3,2023,2802,2460,1406,28,0.878,Swipe ,Bills,182.78,0
758617233,Blue,250,1,93,2023-09-10,Week-37,Q3,2023,4132,1559,14781,108,0.377,Chip ,Travel,1478.1,0
758642733,Blue,250,1,59,2023-09-10,Week-37,Q3,2023,1860,1054,5163,73,0.567,Swipe ,Food,413.04,0
758653833,Blue,250,1,138,2023-09-10,Week-37,Q3,2023,2173,0,4392,83,0,Chip ,Bills,351.36,0
758753283,Blue,305,0,76,2023-09-10,Week-37,Q3,2023,34516,550,7341,71,0.016,Chip ,Travel,1541.61,0
758765808,Blue,330,0,114,2023-09-10,Week-37,Q3,2023,2029,1190,1802,40,0.586,Swipe ,Fuel,198.22,0
758787333,Blue,335,0,115,2023-09-10,Week-37,Q3,2023,18096,2404,3880,68,0.133,Chip ,Grocery,426.8,0
758802333,Blue,295,0,82,2023-09-10,Week-37,Q3,2023,20891,1213,14641,117,0.058,Chip ,Travel,878.46,0
758824608,Blue,95,1,66,2023-09-10,Week-37,Q3,2023,21148,1746,3370,69,0.083,Swipe ,Fuel,842.5,0
758833758,Blue,195,1,103,2023-09-10,Week-37,Q3,2023,1862,845,3520,68,0.454,Swipe ,Entertainment,598.4,0
758863383,Silver,280,1,88,2023-09-10,Week-37,Q3,2023,14767,948,13090,104,0.064,Swipe ,Grocery,3141.6,0
758875908,Blue,455,0,101,2023-09-10,Week-37,Q3,2023,1964,1811,4699,81,0.922,Swipe ,Grocery,845.82,0
758965158,Blue,245,1,97,2023-09-10,Week-37,Q3,2023,15638,1729,4396,83,0.111,Chip ,Fuel,395.64,1
759127158,Blue,100,1,106,2023-09-10,Week-37,Q3,2023,2592,0,4177,85,0,Chip ,Food,1127.79,1
759584958,Silver,250,0,126,2023-09-10,Week-37,Q3,2023,33004,2418,10156,72,0.073,Chip ,Travel,1523.4,1
759823158,Blue,300,1,84,2023-09-10,Week-37,Q3,2023,5374,2324,1557,49,0.432,Swipe ,Fuel,202.41,1
759947433,Blue,345,1,88,2023-09-10,Week-37,Q3,2023,13670,0,4812,81,0,Swipe ,Entertainment,866.16,1
760104333,Silver,125,1,69,2023-09-10,Week-37,Q3,2023,11392,0,3246,63,0,Swipe ,Bills,681.66,1
760807608,Blue,450,1,104,2023-09-10,Week-37,Q3,2023,2340,1680,4751,83,0.718,Chip ,Grocery,1045.22,1
761079783,Blue,195,0,113,2023-09-10,Week-37,Q3,2023,5500,442,7720,67,0.08,Chip ,Fuel,1003.6,1
761240358,Blue,400,0,87,2023-09-10,Week-37,Q3,2023,2155,1219,4295,77,0.566,Online ,Entertainment,859,0
761544333,Blue,245,1,50,2023-09-10,Week-37,Q3,2023,3417,2517,1641,32,0.737,Swipe ,Entertainment,393.84,0
761818758,Blue,455,1,87,2023-09-10,Week-37,Q3,2023,11210,1079,7206,86,0.096,Swipe ,Grocery,576.48,0
762020133,Blue,175,1,101,2023-09-10,Week-37,Q3,2023,9874,0,2446,47,0,Swipe ,Fuel,244.6,0
762775908,Blue,390,1,115,2023-09-10,Week-37,Q3,2023,12295,1292,4177,63,0.105,Swipe ,Bills,835.4,0
763681908,Blue,455,1,106,2023-09-10,Week-37,Q3,2023,5795,924,5674,78,0.159,Swipe ,Bills,510.66,0
763895958,Blue,445,1,112,2023-09-10,Week-37,Q3,2023,7474,0,732,21,0,Swipe ,Bills,51.24,0
764211033,Blue,100,0,92,2023-09-10,Week-37,Q3,2023,3199,2517,4483,87,0.787,Chip ,Fuel,1075.92,0
764316708,Silver,285,1,75,2023-09-10,Week-37,Q3,2023,3955,2352,16423,109,0.595,Chip ,Travel,3284.6,0
764496708,Blue,125,1,67,2023-09-10,Week-37,Q3,2023,1997,0,4961,82,0,Swipe ,Entertainment,1389.08,0
764776833,Blue,245,1,91,2023-09-10,Week-37,Q3,2023,3077,1646,1523,30,0.535,Swipe ,Bills,137.07,0
765055833,Blue,270,1,43,2023-09-10,Week-37,Q3,2023,4310,2229,1645,33,0.517,Swipe ,Entertainment,279.65,0
765459858,Blue,395,0,68,2023-09-10,Week-37,Q3,2023,6397,0,2511,56,0,Swipe ,Grocery,225.99,0
765584208,Blue,300,1,104,2023-09-10,Week-37,Q3,2023,2905,2079,4444,84,0.716,Chip ,Entertainment,1066.56,0
765692658,Blue,150,1,118,2023-09-10,Week-37,Q3,2023,2162,1882,3825,70,0.87,Chip ,Bills,420.75,0
765731433,Blue,445,0,110,2023-09-10,Week-37,Q3,2023,7860,0,3512,76,0,Chip ,Food,632.16,0
765755283,Blue,320,1,115,2023-09-10,Week-37,Q3,2023,7884,745,4588,74,0.094,Swipe ,Entertainment,596.44,0
765824058,Blue,320,1,58,2023-09-10,Week-37,Q3,2023,5106,1539,3784,74,0.301,Swipe ,Travel,529.76,0
765847383,Blue,300,1,75,2023-09-10,Week-37,Q3,2023,20958,0,4425,78,0,Chip ,Food,354,0
765940683,Blue,400,1,69,2023-09-10,Week-37,Q3,2023,11277,1747,2033,56,0.155,Swipe ,Bills,162.64,0
766006758,Blue,300,1,102,2023-09-10,Week-37,Q3,2023,7216,2321,1734,38,0.322,Swipe ,Fuel,312.12,0
766021083,Blue,275,1,120,2023-09-10,Week-37,Q3,2023,2114,546,2578,42,0.258,Swipe ,Grocery,515.6,0
766111383,Blue,125,1,84,2023-09-10,Week-37,Q3,2023,1593,1091,4136,67,0.685,Swipe ,Bills,579.04,0
766131033,Blue,275,1,105,2023-09-10,Week-37,Q3,2023,3767,976,3163,60,0.259,Swipe ,Grocery,316.3,0
766224933,Blue,410,1,115,2023-09-10,Week-37,Q3,2023,29528,1769,14428,119,0.06,Swipe ,Food,3029.88,0
766273533,Blue,290,1,113,2023-09-10,Week-37,Q3,2023,17190,1736,15055,117,0.101,Swipe ,Bills,3312.1,0
766285608,Blue,95,0,68,2023-09-10,Week-37,Q3,2023,3266,1900,2183,56,0.582,Swipe ,Bills,480.26,0
766322883,Blue,125,0,72,2023-09-10,Week-37,Q3,2023,6316,1344,2401,71,0.213,Swipe ,Fuel,696.29,0
766381908,Blue,330,1,120,2023-09-10,Week-37,Q3,2023,2473,1263,4597,80,0.511,Chip ,Food,321.79,0
766429908,Blue,410,0,97,2023-09-10,Week-37,Q3,2023,3017,786,1640,37,0.261,Swipe ,Bills,475.6,0
766456683,Blue,250,1,81,2023-09-10,Week-37,Q3,2023,6160,2258,3986,80,0.367,Swipe ,Bills,518.18,0
766550808,Blue,125,1,108,2023-09-10,Week-37,Q3,2023,4195,2440,4430,72,0.582,Swipe ,Bills,1107.5,0
766628733,Blue,430,1,107,2023-09-10,Week-37,Q3,2023,1623,0,4965,74,0,Swipe ,Entertainment,695.1,0
766649283,Blue,100,1,67,2023-09-10,Week-37,Q3,2023,14072,1917,13432,107,0.136,Swipe ,Food,3492.32,0
766673433,Blue,245,0,119,2023-09-10,Week-37,Q3,2023,3798,1570,4512,80,0.413,Swipe ,Bills,360.96,0
766706358,Blue,150,1,107,2023-09-10,Week-37,Q3,2023,2524,1395,1800,33,0.553,Swipe ,Fuel,288,0
766769058,Gold,150,0,119,2023-09-10,Week-37,Q3,2023,22722,1790,15817,121,0.079,Chip ,Travel,1265.36,0
766795983,Blue,200,1,67,2023-09-10,Week-37,Q3,2023,1438.3,0,4692,91,0,Online ,Bills,1126.08,0
766821033,Blue,250,1,102,2023-09-10,Week-37,Q3,2023,4650,1162,7976,74,0.25,Swipe ,Bills,1754.72,0
766946058,Blue,295,0,90,2023-09-10,Week-37,Q3,2023,5489,1665,4010,75,0.303,Chip ,Bills,1042.6,0
767005683,Blue,200,0,107,2023-09-10,Week-37,Q3,2023,1781,1551,3527,66,0.871,Swipe ,Food,846.48,0
767023308,Silver,125,0,70,2023-09-10,Week-37,Q3,2023,34516,0,12847,106,0,Swipe ,Grocery,1284.7,0
767036433,Blue,425,1,100,2023-09-10,Week-37,Q3,2023,5097,1152,2052,45,0.226,Swipe ,Bills,266.76,0
767049258,Blue,125,0,119,2023-09-10,Week-37,Q3,2023,8396,1672,1475,35,0.199,Swipe ,Bills,88.5,0
767058183,Blue,250,0,125,2023-09-10,Week-37,Q3,2023,3424,1333,4485,61,0.389,Swipe ,Entertainment,1255.8,0
767093133,Blue,345,1,107,2023-09-10,Week-37,Q3,2023,3192,0,4191,80,0,Swipe ,Entertainment,796.29,0
767114958,Blue,300,1,119,2023-09-10,Week-37,Q3,2023,3226,2073,3250,70,0.643,Swipe ,Entertainment,325,0
767197983,Blue,395,0,156,2023-09-10,Week-37,Q3,2023,4209,0,5938,83,0,Swipe ,Food,950.08,0
767243208,Blue,295,0,103,2023-09-10,Week-37,Q3,2023,2555,1587,4193,79,0.621,Chip ,Entertainment,419.3,0
767256933,Blue,430,0,102,2023-09-10,Week-37,Q3,2023,2621,598,4852,85,0.228,Chip ,Fuel,388.16,0
767266758,Blue,200,1,82,2023-09-10,Week-37,Q3,2023,1661,0,2473,49,0,Swipe ,Fuel,420.41,0
767269908,Blue,390,1,58,2023-09-10,Week-37,Q3,2023,3158,0,2973,63,0,Swipe ,Entertainment,475.68,0
767280633,Blue,250,1,163,2023-09-10,Week-37,Q3,2023,3003,1454,4378,96,0.484,Chip ,Bills,350.24,0
767294658,Blue,335,0,139,2023-09-10,Week-37,Q3,2023,16867,0,654,14,0,Swipe ,Bills,104.64,0
767311008,Blue,380,1,54,2023-09-10,Week-37,Q3,2023,19412,770,1576,41,0.04,Swipe ,Fuel,252.16,0
767333808,Blue,125,1,91,2023-09-10,Week-37,Q3,2023,3424,0,4929,74,0,Swipe ,Bills,591.48,0
767348733,Silver,355,1,42,2023-09-10,Week-37,Q3,2023,4058,793,15865,105,0.195,Chip ,Food,1110.55,0
767354208,Blue,485,1,82,2023-09-10,Week-37,Q3,2023,14322,0,3993,75,0,Chip ,Bills,598.95,0
767376483,Blue,200,1,75,2023-09-10,Week-37,Q3,2023,1893,0,5176,91,0,Swipe ,Entertainment,310.56,0
767388783,Blue,425,0,116,2023-09-10,Week-37,Q3,2023,9560,0,4601,66,0,Swipe ,Food,1012.22,0
767404083,Blue,245,0,63,2023-09-10,Week-37,Q3,2023,3460,0,2355,47,0,Swipe ,Entertainment,211.95,0
767414808,Blue,420,0,105,2023-09-10,Week-37,Q3,2023,6996,2092,15017,120,0.299,Chip ,Travel,1351.53,0
767488908,Blue,415,1,60,2023-09-10,Week-37,Q3,2023,3497,0,4345,72,0,Chip ,Food,304.15,0
767523933,Blue,245,0,116,2023-09-10,Week-37,Q3,2023,15583,0,3938,69,0,Swipe ,Entertainment,905.74,0
767553333,Blue,480,1,106,2023-09-10,Week-37,Q3,2023,8383,0,2600,44,0,Swipe ,Entertainment,624,0
767564358,Blue,250,1,115,2023-09-10,Week-37,Q3,2023,4748,1008,3197,70,0.212,Swipe ,Entertainment,863.19,0
767574108,Blue,125,0,115,2023-09-10,Week-37,Q3,2023,1438.3,786,4094,64,0.546,Swipe ,Food,614.1,0
767587833,Blue,440,1,169,2023-09-10,Week-37,Q3,2023,3650,2512,4599,75,0.688,Swipe ,Food,551.88,0
767653233,Blue,375,0,87,2023-09-10,Week-37,Q3,2023,6085,930,3154,59,0.153,Swipe ,Bills,283.86,0
767668908,Blue,495,1,117,2023-09-10,Week-37,Q3,2023,13095,1836,1552,32,0.14,Chip ,Entertainment,139.68,0
767687208,Blue,175,1,92,2023-09-10,Week-37,Q3,2023,34516,1180,2329,69,0.034,Swipe ,Bills,582.25,0
767695083,Blue,125,1,70,2023-09-10,Week-37,Q3,2023,4589,0,1590,37,0,Swipe ,Bills,286.2,0
767712558,Blue,150,1,97,2023-09-10,Week-37,Q3,2023,14979,0,530,10,0,Swipe ,Bills,42.4,0
767753958,Blue,355,1,76,2023-09-10,Week-37,Q3,2023,8504,1956,1881,51,0.23,Swipe ,Bills,338.58,0
767784708,Blue,320,1,97,2023-09-10,Week-37,Q3,2023,7277,504,2356,40,0.069,Swipe ,Bills,541.88,1
767802483,Blue,125,0,148,2023-09-10,Week-37,Q3,2023,5005,969,5066,71,0.194,Swipe ,Grocery,911.88,1
767815233,Blue,455,1,120,2023-09-10,Week-37,Q3,2023,1438.3,0,4283,88,0,Swipe ,Food,899.43,1
767835558,Blue,175,1,78,2023-09-10,Week-37,Q3,2023,5928,2517,3536,69,0.425,Chip ,Entertainment,565.76,1
767958933,Silver,100,1,123,2023-09-10,Week-37,Q3,2023,15471,1291,3993,77,0.083,Swipe ,Grocery,598.95,1
768141558,Blue,100,1,95,2023-09-10,Week-37,Q3,2023,3272,1896,4220,74,0.579,Chip ,Bills,1012.8,1
768162108,Blue,300,1,117,2023-09-10,Week-37,Q3,2023,4781,0,2451,50,0,Chip ,Bills,318.63,1
768167358,Blue,200,0,75,2023-09-10,Week-37,Q3,2023,1702,1018,4301,86,0.598,Chip ,Bills,387.09,1
768181608,Blue,195,1,160,2023-09-10,Week-37,Q3,2023,3461,1767,13179,122,0.511,Swipe ,Food,3294.75,0
768196008,Blue,150,1,100,2023-09-10,Week-37,Q3,2023,14948,2158,3094,56,0.144,Chip ,Travel,371.28,0
768212583,Blue,175,0,47,2023-09-10,Week-37,Q3,2023,15377,1516,1848,49,0.099,Swipe ,Travel,221.76,0
768243858,Blue,400,1,132,2023-09-10,Week-37,Q3,2023,3288,2517,2717,46,0.766,Swipe ,Entertainment,733.59,0
768256908,Blue,425,0,47,2023-09-10,Week-37,Q3,2023,8580,1636,1880,37,0.191,Chip ,Grocery,169.2,0
768364233,Blue,330,1,166,2023-09-10,Week-37,Q3,2023,5446,1885,1505,33,0.346,Swipe ,Entertainment,376.25,0
768390708,Blue,430,1,90,2023-09-10,Week-37,Q3,2023,2877,1136,4006,68,0.395,Chip ,Bills,320.48,0
768412608,Blue,95,0,162,2023-09-10,Week-37,Q3,2023,2255,1258,4309,79,0.558,Swipe ,Entertainment,1120.34,0
768420558,Blue,270,1,120,2023-09-10,Week-37,Q3,2023,4830,1469,3365,63,0.304,Chip ,Travel,437.45,0
768457008,Blue,355,0,97,2023-09-10,Week-37,Q3,2023,10284,787,13355,92,0.077,Chip ,Grocery,2537.45,0
768460908,Blue,340,1,55,2023-09-10,Week-37,Q3,2023,6035,1392,1551,32,0.231,Swipe ,Bills,232.65,0
768475383,Blue,370,0,138,2023-09-10,Week-37,Q3,2023,4467,0,4007,74,0,Chip ,Bills,1041.82,0
768490458,Blue,150,1,77,2023-09-10,Week-37,Q3,2023,5701,2517,961,32,0.442,Swipe ,Bills,57.66,0
768498258,Blue,465,1,107,2023-09-10,Week-37,Q3,2023,2950,1642,4740,83,0.557,Swipe ,Food,1232.4,0
768544833,Blue,450,1,83,2023-09-10,Week-37,Q3,2023,2202,1414,4531,77,0.642,Chip ,Entertainment,407.79,0
768563658,Blue,415,0,118,2023-09-10,Week-37,Q3,2023,4458,1880,1424,29,0.422,Swipe ,Bills,227.84,0
768582033,Blue,200,0,120,2023-09-10,Week-37,Q3,2023,6692,1897,3902,76,0.283,Swipe ,Bills,546.28,0
768600558,Blue,335,0,67,2023-09-10,Week-37,Q3,2023,2375,1658,1071,28,0.698,Swipe ,Travel,299.88,0
768612258,Blue,430,1,114,2023-09-10,Week-37,Q3,2023,2700,1623,4171,78,0.601,Chip ,Grocery,1209.59,0
768624258,Blue,415,0,102,2023-09-10,Week-37,Q3,2023,1583,234,2541,36,0.148,Chip ,Fuel,203.28,0
768632958,Blue,490,1,98,2023-09-10,Week-37,Q3,2023,8708,1091,2508,49,0.125,Chip ,Entertainment,200.64,0
768638208,Blue,245,1,98,2023-09-10,Week-37,Q3,2023,3386,2517,4890,65,0.743,Swipe ,Travel,293.4,0
768643158,Blue,340,1,79,2023-09-10,Week-37,Q3,2023,3842,2459,13598,119,0.64,Swipe ,Food,2447.64,0
768655158,Blue,410,0,118,2023-09-10,Week-37,Q3,2023,6224,1092,2222,39,0.175,Swipe ,Entertainment,288.86,0
768661758,Blue,460,1,99,2023-09-10,Week-37,Q3,2023,26129,1752,4919,75,0.067,Chip ,Grocery,885.42,0
768675483,Blue,340,0,144,2023-09-10,Week-37,Q3,2023,2001,0,4455,82,0,Swipe ,Fuel,623.7,0
768687183,Blue,245,1,79,2023-09-10,Week-37,Q3,2023,2440,1083,3017,53,0.444,Swipe ,Grocery,573.23,0
768712383,Blue,325,0,67,2023-09-10,Week-37,Q3,2023,34516,0,8173,91,0,Chip ,Travel,1389.41,0
768720708,Blue,150,0,149,2023-09-10,Week-37,Q3,2023,3280,2327,4268,84,0.709,Swipe ,Entertainment,1195.04,0
768728508,Gold,175,1,124,2023-09-10,Week-37,Q3,2023,15987,1096,14209,103,0.069,Chip ,Travel,1705.08,0
768733533,Blue,405,0,92,2023-09-10,Week-37,Q3,2023,2340,1612,8851,88,0.689,Swipe ,Fuel,2212.75,0
768805383,Blue,150,1,82,2023-09-10,Week-37,Q3,2023,12691,777,1144,42,0.061,Swipe ,Bills,320.32,0
768814983,Blue,125,0,77,2023-09-10,Week-37,Q3,2023,3251,1937,4284,85,0.596,Chip ,Bills,985.32,0
768848658,Blue,125,1,119,2023-09-10,Week-37,Q3,2023,16583,1797,7823,87,0.108,Swipe ,Food,1955.75,0
768886533,Blue,405,1,114,2023-09-10,Week-37,Q3,2023,4940,1199,3246,57,0.243,Online ,Entertainment,746.58,0
768921933,Blue,245,0,101,2023-09-10,Week-37,Q3,2023,2853,2420,1750,47,0.848,Swipe ,Entertainment,490,0
768928833,Blue,150,1,79,2023-09-10,Week-37,Q3,2023,7304,0,2717,63,0,Online ,Bills,733.59,0
768949983,Blue,270,1,73,2023-09-10,Week-37,Q3,2023,3288,2495,4370,83,0.759,Swipe ,Bills,262.2,0
768965208,Blue,190,1,49,2023-09-10,Week-37,Q3,2023,6778,865,3158,71,0.128,Swipe ,Bills,378.96,0
768972558,Blue,175,1,103,2023-09-10,Week-37,Q3,2023,11099,0,3980,77,0,Chip ,Grocery,796,0
769035933,Blue,335,0,90,2023-09-10,Week-37,Q3,2023,4597,1316,3507,68,0.286,Chip ,Food,631.26,0
769053033,Blue,360,1,67,2023-09-10,Week-37,Q3,2023,4142,2517,2104,44,0.608,Chip ,Bills,420.8,0
769063308,Blue,245,0,125,2023-09-10,Week-37,Q3,2023,29003,2323,1676,36,0.08,Swipe ,Fuel,368.72,0
769095558,Blue,355,0,90,2023-09-10,Week-37,Q3,2023,9055,1560,1755,45,0.172,Swipe ,Bills,105.3,0
769100508,Blue,95,1,139,2023-09-10,Week-37,Q3,2023,2177,1472,5228,77,0.676,Swipe ,Bills,836.48,0
769137108,Blue,250,1,106,2023-09-10,Week-37,Q3,2023,1438.3,0,974,28,0,Swipe ,Bills,136.36,0
769145733,Blue,325,0,107,2023-09-10,Week-37,Q3,2023,2789,1584,2688,60,0.568,Swipe ,Entertainment,456.96,0
769152783,Blue,100,1,112,2023-09-10,Week-37,Q3,2023,8141,1811,5043,53,0.222,Swipe ,Bills,353.01,0
769170558,Blue,190,0,100,2023-09-10,Week-37,Q3,2023,16320,0,1279,41,0,Swipe ,Bills,179.06,0
769183908,Blue,410,1,87,2023-09-10,Week-37,Q3,2023,2109,683,4321,58,0.324,Chip ,Fuel,820.99,0
769189083,Blue,100,1,160,2023-09-10,Week-37,Q3,2023,1438.3,639,4427,85,0.444,Swipe ,Entertainment,1151.02,0
769196433,Blue,190,1,112,2023-09-10,Week-37,Q3,2023,2414,2276,2000,62,0.943,Swipe ,Fuel,260,0
769200858,Blue,335,0,87,2023-09-10,Week-37,Q3,2023,1438.3,0,4626,86,0,Swipe ,Fuel,1017.72,0
769206483,Blue,300,0,75,2023-09-10,Week-37,Q3,2023,15733,2101,13986,97,0.134,Chip ,Travel,4055.94,0
769323183,Blue,150,0,97,2023-09-10,Week-37,Q3,2023,12101,2517,2086,44,0.208,Swipe ,Grocery,375.48,0
769330908,Blue,350,1,76,2023-09-10,Week-37,Q3,2023,2574,1555,4134,62,0.604,Chip ,Entertainment,826.8,0
769396158,Blue,295,1,135,2023-09-10,Week-37,Q3,2023,24884,0,5107,53,0,Chip ,Grocery,766.05,0
769411758,Blue,385,1,86,2023-09-10,Week-37,Q3,2023,20013,922,1518,39,0.046,Swipe ,Food,121.44,0
769425858,Blue,390,1,143,2023-09-10,Week-37,Q3,2023,1438.3,0,1468,26,0,Swipe ,Travel,117.44,0
769433508,Blue,485,0,80,2023-09-10,Week-37,Q3,2023,2733,1819,933,25,0.666,Swipe ,Travel,93.3,0
769438608,Blue,355,1,106,2023-09-10,Week-37,Q3,2023,1942,860,2522,42,0.443,Online ,Entertainment,201.76,0
769448658,Blue,330,1,105,2023-09-10,Week-37,Q3,2023,4188,0,3492,69,0,Swipe ,Entertainment,419.04,0
769463433,Blue,270,1,135,2023-09-10,Week-37,Q3,2023,8666,0,3593,71,0,Swipe ,Fuel,323.37,0
769574883,Blue,440,1,105,2023-09-10,Week-37,Q3,2023,12804,2517,1101,37,0.197,Swipe ,Bills,110.1,0
769575783,Blue,480,0,86,2023-09-10,Week-37,Q3,2023,1603,749,2644,43,0.467,Online ,Travel,237.96,0
769576608,Blue,95,0,113,2023-09-10,Week-37,Q3,2023,12814,1010,3566,76,0.079,Swipe ,Entertainment,285.28,0
769577358,Blue,200,1,113,2023-09-10,Week-37,Q3,2023,2787,1761,4358,89,0.632,Chip ,Bills,915.18,0
769578108,Blue,430,1,112,2023-09-10,Week-37,Q3,2023,20929,1652,4001,76,0.079,Swipe ,Grocery,480.12,0
769578858,Silver,285,1,98,2023-09-10,Week-37,Q3,2023,18737,0,4010,76,0,Swipe ,Grocery,601.5,0
769579608,Blue,95,0,118,2023-09-10,Week-37,Q3,2023,2240,1601,3795,70,0.715,Swipe ,Bills,834.9,0
769587258,Silver,320,0,81,2023-09-10,Week-37,Q3,2023,30082,1671,15240,126,0.056,Chip ,Travel,2590.8,0
769662033,Blue,245,0,98,2023-09-10,Week-37,Q3,2023,1438.3,0,5025,85,0,Swipe ,Bills,452.25,0
769667583,Blue,345,0,118,2023-09-10,Week-37,Q3,2023,3744,0,8202,69,0,Chip ,Bills,2214.54,0
769676358,Blue,300,0,71,2023-09-10,Week-37,Q3,2023,1438.3,1309,5066,76,0.91,Swipe ,Food,810.56,0
769684158,Blue,125,1,106,2023-09-10,Week-37,Q3,2023,2502,1488,3763,75,0.595,Online ,Grocery,978.38,0
769701258,Blue,370,1,97,2023-09-10,Week-37,Q3,2023,12463,1319,3996,71,0.106,Swipe ,Fuel,799.2,0
769709058,Blue,125,1,143,2023-09-10,Week-37,Q3,2023,3618,972,4228,63,0.269,Swipe ,Grocery,338.24,0
769720683,Blue,475,1,99,2023-09-10,Week-37,Q3,2023,5708,1884,4914,60,0.33,Chip ,Fuel,786.24,0
769732233,Blue,150,0,103,2023-09-10,Week-37,Q3,2023,11942,1651,1085,29,0.138,Swipe ,Bills,141.05,0
769751958,Blue,415,0,92,2023-09-10,Week-37,Q3,2023,9926,2018,2235,57,0.203,Swipe ,Fuel,402.3,0
769756983,Blue,350,1,40,2023-09-10,Week-37,Q3,2023,7709,2227,2520,61,0.289,Swipe ,Fuel,151.2,0
769883733,Blue,200,1,104,2023-09-10,Week-37,Q3,2023,2344,0,2098,31,0,Swipe ,Bills,188.82,0
769892058,Blue,200,1,120,2023-09-10,Week-37,Q3,2023,9124,2126,4564,65,0.233,Chip ,Fuel,821.52,0
769911858,Blue,150,0,68,2023-09-10,Week-37,Q3,2023,3313,2517,1171,20,0.76,Swipe ,Bills,210.78,0
769927533,Blue,300,1,57,2023-09-10,Week-37,Q3,2023,3222,1422,4613,72,0.441,Chip ,Grocery,1291.64,0
769935783,Blue,300,1,94,2023-09-10,Week-37,Q3,2023,9594,2517,14213,100,0.262,Swipe ,Grocery,4121.77,0
769962933,Blue,150,1,82,2023-09-10,Week-37,Q3,2023,6728,1192,5244,75,0.177,Swipe ,Grocery,576.84,0
769974258,Blue,125,1,97,2023-09-10,Week-37,Q3,2023,19724,0,3830,82,0,Swipe ,Bills,306.4,0
769980333,Blue,290,0,52,2023-09-10,Week-37,Q3,2023,13005,2152,3023,53,0.165,Swipe ,Grocery,272.07,0
769985883,Blue,435,1,101,2023-09-10,Week-37,Q3,2023,1613,0,3549,65,0,Swipe ,Entertainment,283.92,0
770024733,Blue,405,0,115,2023-09-10,Week-37,Q3,2023,1699,0,2520,49,0,Chip ,Grocery,176.4,0
770038983,Silver,190,1,60,2023-09-10,Week-37,Q3,2023,28831,2517,8688,69,0.087,Chip ,Bills,2172,0
770135358,Blue,455,1,78,2023-09-10,Week-37,Q3,2023,5157,1485,4417,77,0.288,Swipe ,Fuel,265.02,0
770146008,Blue,200,0,56,2023-09-17,Week-38,Q3,2023,2136,1502,1908,37,0.703,Swipe ,Fuel,553.32,0
770180808,Blue,470,1,99,2023-09-17,Week-38,Q3,2023,1438.3,0,5001,91,0,Swipe ,Bills,1200.24,0
770190258,Blue,425,0,110,2023-09-17,Week-38,Q3,2023,7037,0,7678,93,0,Swipe ,Food,2226.62,0
770205708,Blue,300,1,88,2023-09-17,Week-38,Q3,2023,4093,0,15495,112,0,Chip ,Fuel,2634.15,0
770220558,Blue,335,0,96,2023-09-17,Week-38,Q3,2023,5859,0,8004,82,0,Swipe ,Bills,1360.68,0
770241333,Blue,325,0,87,2023-09-17,Week-38,Q3,2023,2228,1003,2104,44,0.45,Swipe ,Entertainment,504.96,0
770262183,Blue,365,1,120,2023-09-17,Week-38,Q3,2023,5715,1741,2324,67,0.305,Swipe ,Bills,534.52,0
770268933,Silver,360,0,109,2023-09-17,Week-38,Q3,2023,33521,928,4115,66,0.028,Chip ,Fuel,987.6,0
770278833,Blue,390,0,63,2023-09-17,Week-38,Q3,2023,20695,1250,3924,82,0.06,Chip ,Fuel,1098.72,0
770293758,Blue,380,0,117,2023-09-17,Week-38,Q3,2023,2111,1047,4830,82,0.496,Chip ,Entertainment,1014.3,0
770560683,Gold,490,0,143,2023-09-17,Week-38,Q3,2023,34516,2417,13021,117,0.07,Swipe ,Bills,2083.36,0
770575233,Blue,150,1,108,2023-09-17,Week-38,Q3,2023,5663,1149,2553,61,0.203,Swipe ,Bills,536.13,0
770581983,Blue,490,1,80,2023-09-17,Week-38,Q3,2023,1438.3,0,4885,88,0,Swipe ,Bills,439.65,0
770590758,Blue,440,0,44,2023-09-17,Week-38,Q3,2023,3378,1069,1285,16,0.316,Swipe ,Bills,128.5,0
770596458,Blue,385,1,87,2023-09-17,Week-38,Q3,2023,2704,2262,2362,39,0.837,Chip ,Food,377.92,0
770632758,Blue,175,0,89,2023-09-17,Week-38,Q3,2023,2521,1608,1328,33,0.638,Swipe ,Bills,371.84,0
770647233,Blue,325,0,96,2023-09-17,Week-38,Q3,2023,2157,1188,2111,59,0.551,Swipe ,Entertainment,464.42,0
770662383,Blue,420,1,107,2023-09-17,Week-38,Q3,2023,14632,1158,1399,36,0.079,Swipe ,Entertainment,391.72,0
770667408,Blue,110,0,83,2023-09-17,Week-38,Q3,2023,8854,2382,4768,81,0.269,Swipe ,Grocery,1144.32,0
770705208,Gold,335,1,114,2023-09-17,Week-38,Q3,2023,15365,630,7890,91,0.041,Swipe ,Fuel,1814.7,0
770708133,Blue,200,1,73,2023-09-17,Week-38,Q3,2023,2169,1330,3833,64,0.613,Swipe ,Grocery,613.28,0
770717883,Blue,415,0,139,2023-09-17,Week-38,Q3,2023,1820,0,4592,67,0,Swipe ,Fuel,1285.76,0
770721858,Blue,450,0,161,2023-09-17,Week-38,Q3,2023,3539,2517,1463,31,0.711,Swipe ,Entertainment,424.27,0
770724558,Blue,270,0,84,2023-09-17,Week-38,Q3,2023,7340,0,838,24,0,Swipe ,Bills,83.8,0
770740308,Blue,250,0,88,2023-09-17,Week-38,Q3,2023,2631,1699,4691,92,0.646,Chip ,Fuel,938.2,0
770743983,Blue,410,1,80,2023-09-17,Week-38,Q3,2023,8698,874,15683,94,0.1,Chip ,Travel,1254.64,0
770746908,Blue,300,1,63,2023-09-17,Week-38,Q3,2023,7872,2509,1155,32,0.319,Swipe ,Bills,69.3,0
770753733,Blue,435,1,100,2023-09-17,Week-38,Q3,2023,3044,1865,4854,85,0.613,Chip ,Grocery,873.72,0
770762133,Blue,100,1,74,2023-09-17,Week-38,Q3,2023,3505,2517,5034,79,0.718,Swipe ,Bills,1208.16,0
770764908,Blue,150,0,48,2023-09-17,Week-38,Q3,2023,3071,2517,1765,36,0.82,Swipe ,Entertainment,176.5,0
770766633,Blue,430,0,67,2023-09-17,Week-38,Q3,2023,3848,0,14054,105,0,Swipe ,Entertainment,2389.18,0
770769483,Blue,455,1,88,2023-09-17,Week-38,Q3,2023,2256,775,1749,33,0.344,Swipe ,Entertainment,332.31,0
770774133,Silver,245,0,160,2023-09-17,Week-38,Q3,2023,34516,1198,4826,70,0.035,Swipe ,Bills,1158.24,0
770778108,Blue,300,1,103,2023-09-17,Week-38,Q3,2023,2527,1419,3585,68,0.562,Swipe ,Entertainment,430.2,0
770781558,Blue,245,1,70,2023-09-17,Week-38,Q3,2023,3230,2517,1914,31,0.779,Swipe ,Bills,382.8,0
770783508,Blue,100,0,115,2023-09-17,Week-38,Q3,2023,11062,0,4084,72,0,Swipe ,Food,898.48,1
770800683,Blue,175,0,101,2023-09-17,Week-38,Q3,2023,2640,2133,4956,72,0.808,Swipe ,Fuel,991.2,1
770817783,Silver,340,1,92,2023-09-17,Week-38,Q3,2023,34516,1679,1060,27,0.049,Swipe ,Bills,148.4,1
770824833,Silver,190,1,110,2023-09-17,Week-38,Q3,2023,3657,1135,16236,94,0.31,Chip ,Travel,3734.28,1
770828358,Blue,335,1,97,2023-09-17,Week-38,Q3,2023,8138,0,4839,61,0,Swipe ,Fuel,1258.14,1
770839608,Blue,125,1,77,2023-09-17,Week-38,Q3,2023,2394,1427,4611,82,0.596,Swipe ,Grocery,876.09,1
770842833,Silver,460,1,111,2023-09-17,Week-38,Q3,2023,34516,1273,4777,51,0.037,Swipe ,Food,1098.71,1
770848308,Platinum,380,1,104,2023-09-17,Week-38,Q3,2023,34516,1308,8773,105,0.038,Swipe ,Fuel,1842.33,1
770858283,Blue,225,0,147,2023-09-17,Week-38,Q3,2023,2822,2182,5371,93,0.773,Swipe ,Grocery,1181.62,0
770871708,Blue,175,0,53,2023-09-17,Week-38,Q3,2023,2591,0,2123,56,0,Swipe ,Bills,615.67,0
770874483,Blue,250,1,120,2023-09-17,Week-38,Q3,2023,2876,1267,4302,74,0.441,Chip ,Bills,602.28,0
770878458,Blue,100,0,111,2023-09-17,Week-38,Q3,2023,1438.3,990,3855,73,0.688,Swipe ,Food,1117.95,0
770882508,Blue,425,1,90,2023-09-17,Week-38,Q3,2023,17162,773,2457,54,0.045,Swipe ,Bills,319.41,0
770901258,Blue,150,1,62,2023-09-17,Week-38,Q3,2023,1512,810,2558,44,0.536,Swipe ,Food,562.76,0
770909433,Blue,200,1,84,2023-09-17,Week-38,Q3,2023,3600,1904,4946,75,0.529,Swipe ,Fuel,1236.5,0
770917608,Blue,350,1,71,2023-09-17,Week-38,Q3,2023,2756,1911,4656,62,0.693,Chip ,Grocery,605.28,0
770920908,Silver,340,0,105,2023-09-17,Week-38,Q3,2023,22054,1146,8055,82,0.052,Swipe ,Fuel,1611,0
770926158,Platinum,490,0,62,2023-09-17,Week-38,Q3,2023,4132,2517,13820,129,0.609,Swipe ,Bills,2211.2,0
770929383,Blue,245,0,81,2023-09-17,Week-38,Q3,2023,7293,993,4828,82,0.136,Swipe ,Grocery,1207,0
770937183,Silver,250,0,94,2023-09-17,Week-38,Q3,2023,10745,2084,3502,87,0.194,Swipe ,Grocery,490.28,0
770938533,Blue,200,0,93,2023-09-17,Week-38,Q3,2023,3304,1370,3914,70,0.415,Swipe ,Food,313.12,0
770942283,Blue,405,1,118,2023-09-17,Week-38,Q3,2023,3670,0,4811,68,0,Chip ,Bills,1395.19,0
770952933,Blue,245,1,101,2023-09-17,Week-38,Q3,2023,2383,1938,1616,37,0.813,Swipe ,Fuel,129.28,0
770956158,Blue,300,1,106,2023-09-17,Week-38,Q3,2023,2397,2151,4140,68,0.897,Swipe ,Bills,1035,0
770968383,Silver,100,1,76,2023-09-17,Week-38,Q3,2023,34516,825,2022,52,0.024,Chip ,Bills,161.76,0
770970558,Blue,125,1,113,2023-09-17,Week-38,Q3,2023,13679,2267,15180,103,0.166,Swipe ,Grocery,1214.4,0
770975133,Blue,175,1,40,2023-09-17,Week-38,Q3,2023,5403,1854,4382,74,0.343,Swipe ,Entertainment,657.3,0
770977833,Silver,345,1,76,2023-09-17,Week-38,Q3,2023,3920,0,16500,102,0,Chip ,Grocery,4785,0
770985633,Blue,405,1,96,2023-09-17,Week-38,Q3,2023,5510,2027,1980,42,0.368,Swipe ,Fuel,217.8,0
771020133,Blue,285,0,64,2023-09-17,Week-38,Q3,2023,2859,1776,4440,79,0.621,Chip ,Bills,666,0
771028533,Silver,220,0,109,2023-09-17,Week-38,Q3,2023,10357,0,911,25,0,Swipe ,Bills,209.53,0
771032658,Blue,175,1,95,2023-09-17,Week-38,Q3,2023,10448,1569,1604,39,0.15,Swipe ,Bills,112.28,0
771037008,Blue,420,0,70,2023-09-17,Week-38,Q3,2023,13324,0,4245,76,0,Chip ,Food,933.9,0
771040758,Silver,475,1,48,2023-09-17,Week-38,Q3,2023,30310,0,3703,91,0,Swipe ,Entertainment,814.66,0
771045708,Blue,125,0,81,2023-09-17,Week-38,Q3,2023,1504,970,2801,51,0.645,Swipe ,Entertainment,280.1,0
771051783,Blue,450,0,45,2023-09-17,Week-38,Q3,2023,4182,741,1297,24,0.177,Swipe ,Bills,129.7,0
771058908,Blue,200,0,115,2023-09-17,Week-38,Q3,2023,2873,2455,4563,72,0.855,Chip ,Grocery,775.71,0
771061008,Blue,465,0,106,2023-09-17,Week-38,Q3,2023,2208,0,2659,56,0,Swipe ,Fuel,452.03,0
771062733,Gold,195,1,90,2023-09-17,Week-38,Q3,2023,4291,1285,15511,101,0.299,Swipe ,Grocery,1551.1,0
771067308,Blue,125,1,118,2023-09-17,Week-38,Q3,2023,3040,1908,5616,73,0.628,Swipe ,Grocery,1572.48,0
771069033,Blue,300,0,117,2023-09-17,Week-38,Q3,2023,10602,1083,14084,91,0.102,Swipe ,Grocery,3380.16,0
771071958,Blue,150,0,158,2023-09-17,Week-38,Q3,2023,7768,1669,1051,22,0.215,Swipe ,Travel,273.26,0
771073908,Blue,370,0,139,2023-09-17,Week-38,Q3,2023,1438.3,0,1406,27,0,Swipe ,Fuel,140.6,0
771075258,Silver,380,1,45,2023-09-17,Week-38,Q3,2023,34516,1527,1268,42,0.044,Swipe ,Bills,101.44,0
771079833,Blue,410,1,114,2023-09-17,Week-38,Q3,2023,1438.3,0,4332,78,0,Chip ,Grocery,693.12,0
771081558,Blue,420,0,91,2023-09-17,Week-38,Q3,2023,34516,1190,2862,78,0.034,Swipe ,Grocery,457.92,0
771086208,Blue,245,0,71,2023-09-17,Week-38,Q3,2023,6256,1530,1629,43,0.245,Swipe ,Grocery,130.32,0
771092433,Blue,125,1,85,2023-09-17,Week-38,Q3,2023,1724,0,4434,67,0,Chip ,Fuel,576.42,0
771097683,Blue,460,1,118,2023-09-17,Week-38,Q3,2023,10896,2517,4935,58,0.231,Swipe ,Grocery,394.8,0
771099183,Blue,460,0,168,2023-09-17,Week-38,Q3,2023,8444,1945,2497,74,0.23,Swipe ,Bills,674.19,0
771106458,Blue,470,0,148,2023-09-17,Week-38,Q3,2023,2444,1313,4609,61,0.537,Swipe ,Food,1336.61,0
771108933,Blue,400,1,139,2023-09-17,Week-38,Q3,2023,1926,879,4385,71,0.456,Swipe ,Food,964.7,0
771163533,Blue,425,0,84,2023-09-17,Week-38,Q3,2023,1438.3,635,4617,79,0.441,Swipe ,Fuel,507.87,0
771169458,Blue,125,1,79,2023-09-17,Week-38,Q3,2023,28020,1470,1723,36,0.052,Swipe ,Entertainment,310.14,0
771180033,Blue,245,0,104,2023-09-17,Week-38,Q3,2023,3502,1851,1814,31,0.529,Swipe ,Bills,417.22,0
771183933,Blue,200,0,62,2023-09-17,Week-38,Q3,2023,16040,1220,1923,49,0.076,Swipe ,Entertainment,153.84,0
771190083,Blue,435,0,48,2023-09-17,Week-38,Q3,2023,2410,1705,2505,69,0.707,Swipe ,Entertainment,651.3,0
771196083,Blue,455,0,60,2023-09-17,Week-38,Q3,2023,18178,0,1837,37,0,Swipe ,Entertainment,220.44,0
771197433,Blue,320,0,67,2023-09-17,Week-38,Q3,2023,4658,588,1351,30,0.126,Swipe ,Grocery,94.57,0
771201408,Blue,200,0,122,2023-09-17,Week-38,Q3,2023,2684,2126,5299,75,0.792,Swipe ,Grocery,317.94,0
771204108,Blue,360,1,123,2023-09-17,Week-38,Q3,2023,1954,1179,3896,67,0.603,Chip ,Food,467.52,0
771212508,Blue,350,1,141,2023-09-17,Week-38,Q3,2023,6131,1270,2825,93,0.207,Swipe ,Grocery,706.25,0
771214083,Blue,125,1,114,2023-09-17,Week-38,Q3,2023,1870,0,4891,65,0,Swipe ,Grocery,293.46,0
771215583,Blue,420,1,111,2023-09-17,Week-38,Q3,2023,24534,1475,3505,60,0.06,Swipe ,Fuel,385.55,0
771217758,Platinum,465,0,118,2023-09-17,Week-38,Q3,2023,4182,2028,16920,114,0.485,Chip ,Entertainment,4060.8,0
771219033,Blue,370,1,81,2023-09-17,Week-38,Q3,2023,17506,1979,4199,73,0.113,Swipe ,Bills,629.85,0
771220758,Blue,415,0,161,2023-09-17,Week-38,Q3,2023,2896,2100,4614,83,0.725,Swipe ,Food,1061.22,0
771222558,Blue,480,0,78,2023-09-17,Week-38,Q3,2023,2900,2018,4467,79,0.696,Swipe ,Grocery,536.04,0
771224358,Blue,335,0,83,2023-09-17,Week-38,Q3,2023,2028,0,4030,78,0,Swipe ,Bills,1088.1,0
771228183,Blue,405,0,92,2023-09-17,Week-38,Q3,2023,4704,0,3294,87,0,Swipe ,Grocery,395.28,0
771230508,Blue,125,1,119,2023-09-17,Week-38,Q3,2023,2423,429,4717,80,0.177,Swipe ,Entertainment,896.23,0
771232533,Blue,490,0,103,2023-09-17,Week-38,Q3,2023,2267,1283,4249,81,0.566,Swipe ,Grocery,1189.72,0
771234558,Blue,225,1,123,2023-09-17,Week-38,Q3,2023,7478,0,2213,62,0,Swipe ,Entertainment,243.43,0
771237933,Blue,125,0,73,2023-09-17,Week-38,Q3,2023,20620,1085,1477,23,0.053,Swipe ,Entertainment,280.63,0
771244383,Blue,250,1,78,2023-09-17,Week-38,Q3,2023,8506,0,14289,113,0,Swipe ,Bills,1286.01,0
771246708,Blue,290,1,94,2023-09-17,Week-38,Q3,2023,31954,2297,4371,82,0.072,Swipe ,Fuel,1005.33,0
771284658,Blue,175,0,102,2023-09-17,Week-38,Q3,2023,1850,896,2613,41,0.484,Chip ,Entertainment,313.56,0
771288258,Blue,435,0,150,2023-09-17,Week-38,Q3,2023,2545,1894,4660,68,0.744,Chip ,Fuel,885.4,0
771292233,Blue,100,1,70,2023-09-17,Week-38,Q3,2023,3918,813,15867,103,0.208,Swipe ,Grocery,3649.41,0
771304383,Blue,400,1,106,2023-09-17,Week-38,Q3,2023,4174,2507,7905,86,0.601,Swipe ,Grocery,1264.8,0
771330558,Blue,360,1,77,2023-09-17,Week-38,Q3,2023,10462,1824,1267,31,0.174,Swipe ,Bills,215.39,0
771332283,Blue,425,1,88,2023-09-17,Week-38,Q3,2023,4601,2517,5056,80,0.547,Swipe ,Travel,353.92,0
771335358,Blue,250,1,111,2023-09-17,Week-38,Q3,2023,8120,2098,3161,54,0.258,Swipe ,Fuel,442.54,0
771336783,Blue,245,0,98,2023-09-17,Week-38,Q3,2023,1759,1345,4351,81,0.765,Swipe ,Grocery,913.71,0
771338658,Blue,320,0,108,2023-09-17,Week-38,Q3,2023,11670,915,4277,89,0.078,Online ,Fuel,769.86,0
771342183,Blue,150,0,70,2023-09-17,Week-38,Q3,2023,1625,0,2314,43,0,Swipe ,Bills,231.4,0
771349458,Blue,300,0,76,2023-09-17,Week-38,Q3,2023,5657,1792,1914,46,0.317,Swipe ,Entertainment,306.24,0
771354633,Blue,200,1,97,2023-09-17,Week-38,Q3,2023,1854,1480,3292,73,0.798,Chip ,Travel,559.64,0
771356508,Blue,335,1,118,2023-09-17,Week-38,Q3,2023,2665,1936,4500,71,0.726,Swipe ,Food,1215,0
771359958,Gold,150,1,80,2023-09-17,Week-38,Q3,2023,34516,2517,1689,42,0.073,Online ,Entertainment,304.02,0
771400608,Blue,150,0,82,2023-09-17,Week-38,Q3,2023,8204,1375,4727,76,0.168,Swipe ,Food,519.97,0
771403008,Blue,245,0,85,2023-09-17,Week-38,Q3,2023,7215,0,4409,75,0,Chip ,Entertainment,1102.25,0
771408483,Blue,385,1,81,2023-09-17,Week-38,Q3,2023,4100,1956,3584,61,0.477,Swipe ,Travel,286.72,0
771411408,Blue,475,0,84,2023-09-17,Week-38,Q3,2023,2673,0,4929,54,0,Swipe ,Bills,788.64,0
771420708,Blue,420,0,86,2023-09-17,Week-38,Q3,2023,1446,621,4860,68,0.429,Swipe ,Bills,1312.2,0
771422883,Blue,375,1,116,2023-09-17,Week-38,Q3,2023,1759,186,2705,35,0.106,Swipe ,Grocery,568.05,0
771424908,Blue,250,0,166,2023-09-17,Week-38,Q3,2023,11252,1129,1766,31,0.1,Swipe ,Grocery,264.9,0
771429408,Blue,390,1,71,2023-09-17,Week-38,Q3,2023,1618,668,1515,31,0.413,Swipe ,Entertainment,151.5,0
771431133,Blue,300,1,119,2023-09-17,Week-38,Q3,2023,1438.3,0,3778,69,0,Chip ,Entertainment,302.24,0
771433608,Blue,190,1,103,2023-09-17,Week-38,Q3,2023,11742,0,4053,70,0,Swipe ,Entertainment,607.95,0
771441558,Blue,460,0,72,2023-09-17,Week-38,Q3,2023,2608,1589,2073,47,0.609,Swipe ,Entertainment,538.98,0
771450708,Blue,275,0,110,2023-09-17,Week-38,Q3,2023,4669,1913,4363,73,0.41,Chip ,Fuel,1265.27,0
771453033,Blue,440,0,72,2023-09-17,Week-38,Q3,2023,17343,1280,3170,57,0.074,Swipe ,Grocery,507.2,0
771455508,Blue,430,1,91,2023-09-17,Week-38,Q3,2023,1438.3,0,4104,83,0,Swipe ,Bills,246.24,0
771460158,Blue,195,1,80,2023-09-17,Week-38,Q3,2023,4098,1776,3939,84,0.433,Swipe ,Grocery,433.29,0
771464808,Blue,270,1,112,2023-09-17,Week-38,Q3,2023,2317,1301,4161,71,0.562,Chip ,Entertainment,582.54,0
771469758,Blue,195,1,82,2023-09-17,Week-38,Q3,2023,34516,0,4131,66,0,Swipe ,Fuel,784.89,0
771471708,Blue,200,1,43,2023-09-17,Week-38,Q3,2023,3080,1776,5097,77,0.577,Swipe ,Food,1478.13,0
771474108,Blue,200,1,91,2023-09-17,Week-38,Q3,2023,1794,1019,4455,63,0.568,Chip ,Fuel,579.15,0
771484908,Silver,380,1,71,2023-09-17,Week-38,Q3,2023,34516,1984,14969,96,0.057,Swipe ,Bills,2844.11,0
771486933,Blue,125,1,91,2023-09-17,Week-38,Q3,2023,2563,2242,3942,84,0.875,Chip ,Fuel,867.24,0
771488583,Blue,125,1,119,2023-09-17,Week-38,Q3,2023,3569,0,4186,72,0,Chip ,Entertainment,711.62,0
771490833,Blue,340,1,86,2023-09-17,Week-38,Q3,2023,4745,1227,1140,40,0.259,Swipe ,Travel,319.2,0
771492408,Blue,250,1,119,2023-09-17,Week-38,Q3,2023,2421,1747,1346,30,0.722,Swipe ,Entertainment,323.04,0
771497283,Blue,440,1,81,2023-09-17,Week-38,Q3,2023,2917,1310,4736,79,0.449,Swipe ,Food,1373.44,0
771499233,Blue,195,0,102,2023-09-17,Week-38,Q3,2023,5387,1133,4374,76,0.21,Swipe ,Food,1006.02,0
771500358,Blue,200,0,74,2023-09-17,Week-38,Q3,2023,4332,1313,4093,84,0.303,Chip ,Entertainment,1023.25,0
771502383,Blue,250,1,111,2023-09-17,Week-38,Q3,2023,2474,1539,4884,80,0.622,Chip ,Entertainment,634.92,0
771503958,Blue,390,0,77,2023-09-17,Week-38,Q3,2023,2993,1265,4089,72,0.423,Swipe ,Grocery,613.35,0
771507258,Blue,470,1,153,2023-09-17,Week-38,Q3,2023,3860,1175,14474,118,0.304,Swipe ,Bills,3618.5,0
771516333,Blue,485,1,69,2023-09-17,Week-38,Q3,2023,4663,0,3831,81,0,Chip ,Food,344.79,0
771518658,Blue,245,1,84,2023-09-17,Week-38,Q3,2023,1871,1339,4553,90,0.716,Online ,Entertainment,364.24,0
771527508,Blue,465,0,75,2023-09-17,Week-38,Q3,2023,10886,1145,3488,66,0.105,Swipe ,Bills,941.76,0
771529608,Blue,380,1,101,2023-09-17,Week-38,Q3,2023,10747,1027,4538,63,0.096,Swipe ,Entertainment,726.08,0
771531708,Blue,365,1,97,2023-09-17,Week-38,Q3,2023,7565,887,4683,87,0.117,Swipe ,Grocery,702.45,0
771534408,Blue,190,1,71,2023-09-17,Week-38,Q3,2023,2783,2379,3897,74,0.855,Swipe ,Grocery,1091.16,0
771544533,Blue,125,1,73,2023-09-17,Week-38,Q3,2023,3578,0,1015,36,0,Swipe ,Food,213.15,0
771546708,Blue,225,0,101,2023-09-17,Week-38,Q3,2023,1438.3,0,5013,81,0,Swipe ,Food,300.78,0
771556308,Blue,465,0,141,2023-09-17,Week-38,Q3,2023,3517,1195,2255,48,0.34,Online ,Food,518.65,0
771559158,Blue,245,0,169,2023-09-17,Week-38,Q3,2023,2375,1163,4769,80,0.49,Chip ,Fuel,1192.25,0
771561183,Blue,250,0,102,2023-09-17,Week-38,Q3,2023,13753,2517,7464,66,0.183,Chip ,Travel,746.4,0
771566208,Blue,125,1,119,2023-09-17,Week-38,Q3,2023,8795,1318,4681,74,0.15,Chip ,Fuel,1029.82,0
771575058,Blue,150,0,79,2023-09-17,Week-38,Q3,2023,2009,1795,3172,55,0.893,Swipe ,Bills,856.44,0
771584658,Silver,150,1,165,2023-09-17,Week-38,Q3,2023,33874,1473,13753,98,0.043,Swipe ,Bills,1925.42,0
771592458,Blue,360,1,74,2023-09-17,Week-38,Q3,2023,1708,1059,4880,79,0.62,Swipe ,Fuel,927.2,0
771594783,Blue,425,1,54,2023-09-17,Week-38,Q3,2023,1438.3,0,2264,37,0,Swipe ,Bills,498.08,0
771599283,Blue,405,1,116,2023-09-17,Week-38,Q3,2023,2492,1668,1606,32,0.669,Swipe ,Fuel,144.54,0
771602883,Blue,490,1,111,2023-09-17,Week-38,Q3,2023,4147,1719,1776,44,0.415,Swipe ,Food,444,0
771617883,Blue,345,0,115,2023-09-17,Week-38,Q3,2023,2205,1313,4904,82,0.595,Swipe ,Food,1029.84,0
771626283,Platinum,195,1,139,2023-09-17,Week-38,Q3,2023,34516,1996,15033,114,0.058,Swipe ,Entertainment,1803.96,0
771630783,Blue,360,0,105,2023-09-17,Week-38,Q3,2023,1821,935,4786,87,0.513,Swipe ,Food,430.74,0
771638733,Blue,400,1,86,2023-09-17,Week-38,Q3,2023,4354,0,2750,59,0,Swipe ,Grocery,550,0
771649083,Blue,350,1,87,2023-09-17,Week-38,Q3,2023,10257,1021,1508,30,0.1,Swipe ,Fuel,422.24,0
771653583,Blue,95,1,105,2023-09-17,Week-38,Q3,2023,4188,1147,1276,25,0.274,Swipe ,Entertainment,114.84,0
771666783,Blue,220,0,133,2023-09-17,Week-38,Q3,2023,5302,1136,4883,68,0.214,Swipe ,Food,634.79,0
771669183,Blue,400,0,85,2023-09-17,Week-38,Q3,2023,4854,1212,3651,70,0.25,Swipe ,Grocery,803.22,0
771674958,Blue,220,1,75,2023-09-17,Week-38,Q3,2023,11529,1823,8135,97,0.158,Swipe ,Bills,2359.15,0
771682533,Blue,350,0,96,2023-09-17,Week-38,Q3,2023,5702,0,3928,75,0,Swipe ,Entertainment,235.68,0
771688983,Blue,95,1,98,2023-09-17,Week-38,Q3,2023,2252,1811,4201,68,0.804,Online ,Grocery,378.09,0
771693933,Blue,410,0,163,2023-09-17,Week-38,Q3,2023,2802,1977,1757,33,0.706,Swipe ,Bills,193.27,0
771698658,Blue,410,1,58,2023-09-17,Week-38,Q3,2023,11376,2006,1302,27,0.176,Swipe ,Bills,104.16,0
771706308,Silver,420,0,54,2023-09-17,Week-38,Q3,2023,14310,694,1254,34,0.048,Swipe ,Bills,175.56,0
771719283,Blue,280,0,92,2023-09-17,Week-38,Q3,2023,8587,1324,8854,92,0.154,Swipe ,Bills,619.78,0
771723408,Blue,285,0,115,2023-09-17,Week-38,Q3,2023,1690,0,2645,60,0,Chip ,Bills,185.15,0
771725808,Blue,245,0,72,2023-09-17,Week-38,Q3,2023,28700,769,3395,71,0.027,Online ,Grocery,950.6,0
771730758,Blue,200,1,161,2023-09-17,Week-38,Q3,2023,5448,0,4443,75,0,Swipe ,Food,577.59,0
771733608,Blue,380,1,79,2023-09-17,Week-38,Q3,2023,1438.3,0,2276,40,0,Chip ,Fuel,409.68,0
771735933,Blue,125,1,119,2023-09-17,Week-38,Q3,2023,10761,1722,4731,82,0.16,Swipe ,Fuel,1371.99,0
771742533,Blue,280,0,71,2023-09-17,Week-38,Q3,2023,13068,1718,937,28,0.131,Swipe ,Bills,224.88,0
771749733,Silver,440,0,74,2023-09-17,Week-38,Q3,2023,17706,1081,3680,81,0.061,Swipe ,Bills,1067.2,0
771752508,Blue,250,1,84,2023-09-24,Week-39,Q3,2023,4660,1844,8571,84,0.396,Swipe ,Entertainment,1542.78,0
771756333,Blue,200,0,119,2023-09-24,Week-39,Q3,2023,2263,1794,2154,37,0.793,Swipe ,Bills,193.86,0
771769383,Silver,200,1,137,2023-09-24,Week-39,Q3,2023,2940,0,14792,120,0,Chip ,Food,3550.08,0
771772083,Blue,475,0,153,2023-09-24,Week-39,Q3,2023,13197,0,8424,84,0,Swipe ,Food,2106,0
771776808,Blue,245,1,107,2023-09-24,Week-39,Q3,2023,1527,0,1877,38,0,Swipe ,Entertainment,244.01,0
771783333,Blue,465,1,73,2023-09-24,Week-39,Q3,2023,2173,0,2379,57,0,Swipe ,Entertainment,214.11,0
771790083,Silver,200,1,99,2023-09-24,Week-39,Q3,2023,10466,2080,4116,64,0.199,Chip ,Bills,246.96,0
771795933,Blue,110,1,97,2023-09-24,Week-39,Q3,2023,34516,2517,2376,55,0.073,Chip ,Bills,498.96,0
771799008,Blue,250,0,88,2023-09-24,Week-39,Q3,2023,3359,1405,4871,79,0.418,Swipe ,Entertainment,633.23,0
771809733,Blue,425,1,83,2023-09-24,Week-39,Q3,2023,3353,0,960,18,0,Online ,Bills,192,0
771816408,Blue,340,1,54,2023-09-24,Week-39,Q3,2023,9671,704,2955,66,0.073,Swipe ,Bills,443.25,0
771819258,Blue,225,1,101,2023-09-24,Week-39,Q3,2023,3614,0,4561,82,0,Chip ,Entertainment,1231.47,0
771823308,Blue,250,1,161,2023-09-24,Week-39,Q3,2023,1475,986,1896,33,0.668,Swipe ,Fuel,227.52,0
771829758,Blue,395,1,102,2023-09-24,Week-39,Q3,2023,21434,1345,2143,46,0.063,Swipe ,Fuel,128.58,0
771833433,Blue,225,0,78,2023-09-24,Week-39,Q3,2023,29893,0,2063,48,0,Swipe ,Bills,309.45,0
771844458,Blue,300,0,102,2023-09-24,Week-39,Q3,2023,20420,1657,1804,41,0.081,Swipe ,Entertainment,523.16,0
771852483,Blue,500,0,116,2023-09-24,Week-39,Q3,2023,4930,0,3343,77,0,Swipe ,Bills,300.87,0
771854808,Blue,110,0,116,2023-09-24,Week-39,Q3,2023,2731,1868,3915,66,0.684,Chip ,Fuel,234.9,0
771862308,Blue,175,0,85,2023-09-24,Week-39,Q3,2023,5856,2007,4916,87,0.343,Swipe ,Bills,393.28,0
771865908,Blue,100,1,110,2023-09-24,Week-39,Q3,2023,11750,487,2532,48,0.041,Swipe ,Grocery,329.16,0
771869508,Blue,380,1,74,2023-09-24,Week-39,Q3,2023,1612,831,4924,81,0.516,Swipe ,Food,886.32,0
771872733,Blue,270,1,158,2023-09-24,Week-39,Q3,2023,3809,1521,4666,69,0.399,Swipe ,Entertainment,559.92,0
771881283,Blue,150,1,48,2023-09-24,Week-39,Q3,2023,18570,1892,4036,78,0.102,Chip ,Food,968.64,0
771886233,Silver,340,0,90,2023-09-24,Week-39,Q3,2023,25270,1090,1941,51,0.043,Swipe ,Entertainment,174.69,0
771894558,Blue,460,1,120,2023-09-24,Week-39,Q3,2023,9964,1559,1626,25,0.156,Swipe ,Fuel,113.82,0
771899433,Blue,360,1,156,2023-09-24,Week-39,Q3,2023,7970,2434,1263,27,0.305,Chip ,Entertainment,126.3,0
771903033,Blue,325,1,78,2023-09-24,Week-39,Q3,2023,2999,1247,2017,40,0.416,Swipe ,Travel,121.02,0
771907158,Blue,270,0,117,2023-09-24,Week-39,Q3,2023,3731,1903,4667,88,0.51,Swipe ,Entertainment,420.03,0
771912408,Blue,285,1,77,2023-09-24,Week-39,Q3,2023,6674,1402,7468,92,0.21,Swipe ,Food,1941.68,0
771918033,Blue,450,1,129,2023-09-24,Week-39,Q3,2023,8208,1256,4824,83,0.153,Swipe ,Food,578.88,0
771922008,Blue,125,1,59,2023-09-24,Week-39,Q3,2023,5443,1889,4416,64,0.347,Swipe ,Bills,264.96,0
771928608,Blue,455,0,158,2023-09-24,Week-39,Q3,2023,2033,1832,4110,74,0.901,Swipe ,Food,616.5,0
771935283,Blue,420,1,147,2023-09-24,Week-39,Q3,2023,2977,1927,5217,88,0.647,Swipe ,Entertainment,730.38,0
771942333,Blue,150,1,40,2023-09-24,Week-39,Q3,2023,5363,1309,3855,63,0.244,Chip ,Fuel,501.15,0
771952683,Blue,450,1,117,2023-09-24,Week-39,Q3,2023,3035,0,3847,63,0,Chip ,Entertainment,577.05,0
771960708,Blue,175,1,155,2023-09-24,Week-39,Q3,2023,3290,2461,3591,80,0.748,Online ,Entertainment,790.02,0
771963708,Blue,220,1,55,2023-09-24,Week-39,Q3,2023,12248,0,767,25,0,Swipe ,Fuel,214.76,0
771976683,Blue,200,1,165,2023-09-24,Week-39,Q3,2023,5839,2130,1640,44,0.365,Swipe ,Entertainment,98.4,0
771982083,Blue,300,1,106,2023-09-24,Week-39,Q3,2023,4552,1144,14418,104,0.251,Chip ,Food,4037.04,0
771989733,Blue,110,1,96,2023-09-24,Week-39,Q3,2023,3664,1449,4413,65,0.395,Swipe ,Entertainment,1147.38,0
772000533,Blue,470,1,76,2023-09-24,Week-39,Q3,2023,14257,1113,1809,23,0.078,Swipe ,Bills,379.89,0
772031733,Blue,300,1,108,2023-09-24,Week-39,Q3,2023,14315,690,2603,56,0.048,Swipe ,Entertainment,598.69,0
772036233,Blue,175,1,96,2023-09-24,Week-39,Q3,2023,5711,0,4320,72,0,Swipe ,Fuel,691.2,0
772047183,Blue,195,0,76,2023-09-24,Week-39,Q3,2023,3104,1766,1353,24,0.569,Swipe ,Travel,216.48,0
772051308,Blue,495,1,72,2023-09-24,Week-39,Q3,2023,2553,1823,3853,69,0.714,Chip ,Grocery,1001.78,0
772054458,Blue,100,0,172,2023-09-24,Week-39,Q3,2023,2476,1944,4025,65,0.785,Chip ,Fuel,845.25,0
772063308,Blue,95,0,117,2023-09-24,Week-39,Q3,2023,13362,0,4155,79,0,Online ,Grocery,1080.3,0
772069683,Blue,400,0,103,2023-09-24,Week-39,Q3,2023,3868,1384,4716,79,0.358,Swipe ,Food,943.2,0
772073508,Blue,335,1,62,2023-09-24,Week-39,Q3,2023,1764,0,2740,47,0,Chip ,Entertainment,794.6,0
772076208,Blue,365,0,115,2023-09-24,Week-39,Q3,2023,26108,1146,3677,70,0.044,Chip ,Entertainment,956.02,0
772082208,Blue,410,1,102,2023-09-24,Week-39,Q3,2023,16199,0,4254,82,0,Chip ,Food,1148.58,0
772086408,Blue,330,0,145,2023-09-24,Week-39,Q3,2023,6162,943,1527,35,0.153,Online ,Bills,259.59,0
772095858,Blue,140,1,119,2023-09-24,Week-39,Q3,2023,13429,1246,3929,66,0.093,Swipe ,Grocery,1060.83,0
772098858,Blue,325,1,104,2023-09-24,Week-39,Q3,2023,8230,1333,7736,84,0.162,Swipe ,Grocery,464.16,0
772103208,Blue,150,1,85,2023-09-24,Week-39,Q3,2023,13349,0,3534,78,0,Swipe ,Entertainment,353.4,0
772105608,Blue,375,0,87,2023-09-24,Week-39,Q3,2023,2646,872,4246,80,0.33,Swipe ,Grocery,509.52,0
772111083,Blue,480,0,79,2023-09-24,Week-39,Q3,2023,5384,1396,4338,75,0.259,Swipe ,Entertainment,390.42,0
772116408,Blue,295,1,48,2023-09-24,Week-39,Q3,2023,2421,1029,2377,56,0.425,Swipe ,Bills,356.55,0
772118583,Blue,110,1,59,2023-09-24,Week-39,Q3,2023,2667,1590,4596,85,0.596,Swipe ,Bills,689.4,0
772127508,Blue,430,1,89,2023-09-24,Week-39,Q3,2023,1438.3,0,2614,49,0,Online ,Grocery,522.8,0
772133808,Blue,485,0,73,2023-09-24,Week-39,Q3,2023,3114,1059,4342,62,0.34,Chip ,Travel,1128.92,0
772137183,Blue,150,0,76,2023-09-24,Week-39,Q3,2023,31668,810,1822,36,0.026,Swipe ,Grocery,145.76,0
772139433,Blue,355,1,75,2023-09-24,Week-39,Q3,2023,4589,1240,1637,61,0.27,Swipe ,Bills,114.59,0
772143333,Blue,150,0,90,2023-09-24,Week-39,Q3,2023,2170,1498,4569,79,0.69,Chip ,Entertainment,548.28,0
772145658,Blue,415,0,46,2023-09-24,Week-39,Q3,2023,16043,2036,1394,28,0.127,Online ,Entertainment,236.98,0
772148058,Blue,335,0,123,2023-09-24,Week-39,Q3,2023,2210,759,2755,53,0.343,Swipe ,Entertainment,440.8,1
772150983,Blue,200,1,76,2023-09-24,Week-39,Q3,2023,2363,978,2635,40,0.414,Swipe ,Fuel,395.25,1
772155108,Blue,490,1,116,2023-09-24,Week-39,Q3,2023,1438.3,0,1445,38,0,Swipe ,Bills,245.65,1
772162683,Blue,430,0,141,2023-09-24,Week-39,Q3,2023,3116,0,2768,45,0,Swipe ,Bills,553.6,1
772166058,Blue,300,0,111,2023-09-24,Week-39,Q3,2023,3232,1564,13142,112,0.484,Swipe ,Fuel,1971.3,1
772172883,Blue,300,1,103,2023-09-24,Week-39,Q3,2023,6145,1349,4893,93,0.22,Chip ,Entertainment,733.95,1
772177308,Blue,150,1,148,2023-09-24,Week-39,Q3,2023,1738,0,2572,62,0,Swipe ,Bills,540.12,1
772189308,Blue,320,1,110,2023-09-24,Week-39,Q3,2023,2601,1888,4899,62,0.726,Chip ,Food,832.83,1
772198983,Blue,325,1,111,2023-09-24,Week-39,Q3,2023,3024,1649,4463,89,0.545,Swipe ,Entertainment,267.78,0
772202058,Blue,200,0,42,2023-09-24,Week-39,Q3,2023,2084,1647,1597,37,0.79,Swipe ,Fuel,159.7,0
772204758,Blue,125,0,98,2023-09-24,Week-39,Q3,2023,3809,1165,2306,46,0.306,Chip ,Fuel,184.48,0
772207683,Blue,225,1,75,2023-09-24,Week-39,Q3,2023,8940,1518,14459,97,0.17,Swipe ,Entertainment,3903.93,0
772216833,Blue,95,1,124,2023-09-24,Week-39,Q3,2023,2761,1950,4510,88,0.706,Swipe ,Grocery,992.2,0
772220433,Blue,355,0,147,2023-09-24,Week-39,Q3,2023,15468,1187,4484,81,0.077,Chip ,Food,538.08,0
772231233,Blue,465,0,118,2023-09-24,Week-39,Q3,2023,2157,721,4250,85,0.334,Swipe ,Grocery,510,0
772236108,Blue,275,0,88,2023-09-24,Week-39,Q3,2023,8398,1892,1489,29,0.225,Swipe ,Bills,387.14,0
772243833,Blue,330,0,119,2023-09-24,Week-39,Q3,2023,3186,968,4077,75,0.304,Swipe ,Bills,1060.02,0
772248408,Blue,125,0,117,2023-09-24,Week-39,Q3,2023,2694,1833,3366,56,0.68,Chip ,Fuel,403.92,0
772264383,Blue,175,1,75,2023-09-24,Week-39,Q3,2023,13301,0,1385,50,0,Swipe ,Bills,96.95,0
772268058,Blue,245,1,86,2023-09-24,Week-39,Q3,2023,2722,1473,3129,69,0.541,Swipe ,Bills,281.61,0
772271508,Blue,250,1,85,2023-09-24,Week-39,Q3,2023,1706,0,2320,42,0,Swipe ,Bills,580,0
772273983,Blue,125,0,81,2023-09-24,Week-39,Q3,2023,5268,2191,2138,40,0.416,Swipe ,Grocery,299.32,0
772277508,Blue,175,0,100,2023-09-24,Week-39,Q3,2023,2209,0,3292,52,0,Swipe ,Bills,460.88,0
772286658,Blue,125,0,108,2023-09-24,Week-39,Q3,2023,14324,2507,2083,56,0.175,Swipe ,Fuel,479.09,0
772288758,Blue,245,1,73,2023-09-24,Week-39,Q3,2023,5349,1228,1343,30,0.23,Swipe ,Bills,335.75,0
772292358,Blue,175,0,103,2023-09-24,Week-39,Q3,2023,7970,0,1284,30,0,Swipe ,Entertainment,269.64,0
772300383,Blue,425,1,155,2023-09-24,Week-39,Q3,2023,5073,1533,13420,122,0.302,Chip ,Food,2415.6,0
772303458,Blue,360,0,108,2023-09-24,Week-39,Q3,2023,3377,948,1407,44,0.281,Swipe ,Fuel,281.4,0
772306383,Blue,445,1,73,2023-09-24,Week-39,Q3,2023,1462,0,2299,42,0,Swipe ,Food,390.83,0
772308408,Blue,110,1,116,2023-09-24,Week-39,Q3,2023,4131,785,906,22,0.19,Swipe ,Grocery,244.62,0
772310958,Blue,175,1,113,2023-09-24,Week-39,Q3,2023,4311,822,4965,94,0.191,Swipe ,Food,1241.25,0
772313358,Blue,220,0,112,2023-09-24,Week-39,Q3,2023,21322,2216,8693,91,0.104,Swipe ,Entertainment,2651.67,0
772323033,Blue,445,1,83,2023-09-24,Week-39,Q3,2023,4606,1556,4363,78,0.338,Swipe ,Food,741.71,0
772329183,Blue,290,0,86,2023-09-24,Week-39,Q3,2023,5219,1081,3481,78,0.207,Swipe ,Food,661.39,0
772334133,Blue,270,1,106,2023-09-24,Week-39,Q3,2023,4637,0,4583,86,0,Swipe ,Bills,366.64,0
772336458,Blue,245,0,110,2023-09-24,Week-39,Q3,2023,1438.3,1025,702,12,0.713,Swipe ,Travel,189.54,0
772339383,Blue,275,0,101,2023-09-24,Week-39,Q3,2023,4216,1290,13787,121,0.306,Swipe ,Bills,1792.31,0
772341783,Blue,410,0,106,2023-09-24,Week-39,Q3,2023,3512,2517,1801,48,0.717,Chip ,Bills,306.17,0
772346358,Blue,480,1,81,2023-09-24,Week-39,Q3,2023,1801,0,5047,79,0,Swipe ,Fuel,1261.75,0
772353408,Blue,340,0,89,2023-09-24,Week-39,Q3,2023,5330,1161,1441,43,0.218,Swipe ,Bills,417.89,0
772360683,Blue,385,1,76,2023-09-24,Week-39,Q3,2023,31762,2517,1515,36,0.079,Swipe ,Fuel,121.2,0
772364358,Blue,435,0,64,2023-09-24,Week-39,Q3,2023,2691,811,4413,80,0.301,Swipe ,Entertainment,441.3,0
772366833,Gold,95,0,91,2023-09-24,Week-39,Q3,2023,4003,1851,15476,117,0.462,Online ,Travel,2476.16,0
772375533,Blue,250,1,42,2023-09-24,Week-39,Q3,2023,9959,2377,1560,39,0.239,Swipe ,Entertainment,374.4,0
772382283,Blue,290,0,160,2023-09-24,Week-39,Q3,2023,2302,1593,2689,49,0.692,Swipe ,Food,161.34,0
772388508,Blue,125,0,112,2023-09-24,Week-39,Q3,2023,8314,1349,5028,80,0.162,Swipe ,Grocery,1156.44,0
772390908,Blue,250,1,110,2023-09-24,Week-39,Q3,2023,3616,1054,687,17,0.291,Swipe ,Food,192.36,0
772394883,Blue,245,1,110,2023-09-24,Week-39,Q3,2023,7359,0,2869,43,0,Chip ,Bills,717.25,0
772399983,Silver,100,0,114,2023-09-24,Week-39,Q3,2023,34516,1433,1966,31,0.042,Swipe ,Grocery,432.52,0
772401933,Blue,440,0,73,2023-09-24,Week-39,Q3,2023,2517,0,3569,62,0,Swipe ,Grocery,856.56,0
772404633,Silver,100,1,83,2023-09-24,Week-39,Q3,2023,34516,1118,7734,74,0.032,Swipe ,Fuel,1237.44,0
772407333,Blue,405,0,76,2023-09-24,Week-39,Q3,2023,1654,0,1730,30,0,Swipe ,Bills,173,0
772409733,Blue,125,1,85,2023-09-24,Week-39,Q3,2023,3400,2307,4742,90,0.679,Chip ,Bills,1185.5,0
772415808,Blue,95,0,139,2023-09-24,Week-39,Q3,2023,2926,716,4219,78,0.245,Swipe ,Grocery,1181.32,0
772426383,Blue,245,1,47,2023-09-24,Week-39,Q3,2023,3065,1570,1130,28,0.512,Swipe ,Bills,259.9,0
772430733,Blue,365,1,80,2023-09-24,Week-39,Q3,2023,34516,1440,7168,88,0.042,Swipe ,Travel,716.8,0
772437633,Blue,125,1,79,2023-09-24,Week-39,Q3,2023,6854,0,4578,72,0,Swipe ,Entertainment,1098.72,0
772442883,Blue,410,0,147,2023-09-24,Week-39,Q3,2023,3853,696,2443,38,0.181,Chip ,Grocery,610.75,0
772449858,Blue,100,0,99,2023-09-24,Week-39,Q3,2023,7570,1388,3849,70,0.183,Swipe ,Entertainment,230.94,0
772452783,Blue,125,1,82,2023-09-24,Week-39,Q3,2023,4402,1640,1774,46,0.373,Swipe ,Entertainment,195.14,0
772457583,Blue,300,1,105,2023-09-24,Week-39,Q3,2023,4254,1204,5385,93,0.283,Swipe ,Entertainment,700.05,0
772460508,Blue,195,1,108,2023-09-24,Week-39,Q3,2023,4426,1530,1231,34,0.346,Swipe ,Bills,123.1,0
772466508,Blue,455,0,123,2023-09-24,Week-39,Q3,2023,18004,2517,2030,45,0.14,Swipe ,Bills,365.4,0
772468983,Blue,100,1,60,2023-09-24,Week-39,Q3,2023,21927,1291,1946,37,0.059,Swipe ,Entertainment,311.36,0
772472208,Blue,125,0,72,2023-09-24,Week-39,Q3,2023,4092,996,2298,48,0.243,Swipe ,Fuel,298.74,0
772491333,Blue,460,0,88,2023-09-24,Week-39,Q3,2023,5342,2005,14738,94,0.375,Chip ,Entertainment,2358.08,0
772506858,Blue,300,1,114,2023-09-24,Week-39,Q3,2023,8795,2517,4552,81,0.286,Chip ,Entertainment,773.84,0
772514808,Blue,460,0,84,2023-09-24,Week-39,Q3,2023,3131,2379,2315,63,0.76,Swipe ,Bills,370.4,0
772525308,Blue,450,1,97,2023-09-24,Week-39,Q3,2023,10533,1689,3651,69,0.16,Chip ,Food,584.16,0
772528158,Blue,330,0,116,2023-09-24,Week-39,Q3,2023,1741,0,2546,42,0,Swipe ,Grocery,458.28,0
772532208,Blue,200,1,69,2023-09-24,Week-39,Q3,2023,6630,916,842,24,0.138,Swipe ,Bills,92.62,0
772539558,Blue,430,0,157,2023-09-24,Week-39,Q3,2023,2022,0,4623,65,0,Chip ,Entertainment,924.6,0
772545858,Blue,285,1,154,2023-09-24,Week-39,Q3,2023,5095,0,3808,89,0,Chip ,Grocery,723.52,0
772565883,Blue,345,1,70,2023-09-24,Week-39,Q3,2023,33472,2517,4719,70,0.075,Swipe ,Fuel,566.28,0
772569033,Blue,490,0,86,2023-09-24,Week-39,Q3,2023,5293,1236,4572,90,0.234,Swipe ,Fuel,365.76,0
772571508,Blue,300,1,99,2023-09-24,Week-39,Q3,2023,2799,0,2311,43,0,Swipe ,Bills,184.88,0
772574283,Blue,340,0,63,2023-09-24,Week-39,Q3,2023,7191,0,1654,30,0,Chip ,Food,314.26,0
772578858,Blue,300,0,117,2023-09-24,Week-39,Q3,2023,2904,2203,3848,66,0.759,Chip ,Fuel,384.8,0
772580958,Blue,125,1,83,2023-09-24,Week-39,Q3,2023,3136,2138,4930,80,0.682,Swipe ,Fuel,887.4,0
772585008,Blue,175,0,143,2023-09-24,Week-39,Q3,2023,3187,1937,5111,90,0.608,Swipe ,Food,664.43,0
772590408,Blue,100,1,114,2023-09-24,Week-39,Q3,2023,12114,1379,3964,90,0.114,Swipe ,Bills,317.12,0
772596783,Gold,150,0,102,2023-09-24,Week-39,Q3,2023,15261,1109,15442,125,0.073,Chip ,Travel,2316.3,0
772601283,Blue,300,1,93,2023-09-24,Week-39,Q3,2023,23034,1992,2514,32,0.086,Swipe ,Grocery,175.98,0
772607433,Blue,150,1,70,2023-09-24,Week-39,Q3,2023,4514,2016,4107,59,0.447,Swipe ,Entertainment,1067.82,0
772629333,Blue,150,0,84,2023-09-24,Week-39,Q3,2023,3454,1200,1313,30,0.347,Swipe ,Travel,196.95,0
772637058,Blue,475,1,46,2023-09-24,Week-39,Q3,2023,8167,1740,2141,51,0.213,Swipe ,Bills,578.07,0
772640808,Blue,490,1,103,2023-09-24,Week-39,Q3,2023,4623,1366,14730,118,0.295,Swipe ,Grocery,4124.4,0
772643058,Blue,395,1,44,2023-09-24,Week-39,Q3,2023,2800,1834,1571,36,0.655,Swipe ,Bills,361.33,0
772655733,Blue,245,0,114,2023-09-24,Week-39,Q3,2023,2404,1887,4489,75,0.785,Chip ,Bills,628.46,0
772658658,Blue,125,1,117,2023-09-24,Week-39,Q3,2023,2248,0,4439,77,0,Swipe ,Grocery,355.12,0
772661808,Blue,415,0,128,2023-09-24,Week-39,Q3,2023,7234,2055,5051,83,0.284,Swipe ,Bills,1363.77,0
772669833,Blue,125,0,78,2023-09-24,Week-39,Q3,2023,16037,0,3048,70,0,Swipe ,Entertainment,883.92,0
772674933,Blue,300,1,86,2023-09-24,Week-39,Q3,2023,5638,808,2036,50,0.143,Swipe ,Entertainment,244.32,0
772684833,Blue,125,0,68,2023-09-24,Week-39,Q3,2023,2642,2035,1761,42,0.77,Swipe ,Entertainment,140.88,0
772687983,Blue,200,1,137,2023-09-24,Week-39,Q3,2023,8404,1498,4811,56,0.178,Swipe ,Fuel,769.76,0
772695033,Blue,150,0,97,2023-09-24,Week-39,Q3,2023,18800,2517,1575,23,0.134,Chip ,Food,456.75,0
772698783,Gold,270,0,116,2023-09-24,Week-39,Q3,2023,8416,1549,13988,124,0.184,Chip ,Travel,3077.36,0
772706283,Blue,250,1,90,2023-09-24,Week-39,Q3,2023,6275,1579,1585,43,0.252,Swipe ,Entertainment,142.65,0
772712658,Blue,270,1,84,2023-09-24,Week-39,Q3,2023,3791,1648,2058,34,0.435,Online ,Bills,555.66,0
772721208,Blue,405,1,108,2023-09-24,Week-39,Q3,2023,17655,1720,16293,120,0.097,Chip ,Fuel,3910.32,0
772725408,Blue,245,0,83,2023-09-24,Week-39,Q3,2023,24499,2517,7667,84,0.103,Swipe ,Entertainment,1686.74,0
772728933,Blue,125,1,75,2023-09-24,Week-39,Q3,2023,13709,813,2511,40,0.059,Swipe ,Food,728.19,0
772735758,Blue,250,1,79,2023-09-24,Week-39,Q3,2023,2885,1895,1366,31,0.657,Swipe ,Bills,232.22,0
772758783,Blue,385,1,71,2023-09-24,Week-39,Q3,2023,21165,735,3343,60,0.035,Online ,Grocery,334.3,0
772776033,Blue,150,0,96,2023-09-24,Week-39,Q3,2023,7081,1874,2249,47,0.265,Swipe ,Fuel,292.37,0
772782708,Blue,355,1,120,2023-09-24,Week-39,Q3,2023,31383,1688,1721,56,0.054,Swipe ,Entertainment,344.2,0
772794108,Blue,200,1,161,2023-09-24,Week-39,Q3,2023,2201,651,3165,65,0.296,Online ,Entertainment,189.9,0
772813458,Blue,440,0,102,2023-09-24,Week-39,Q3,2023,6130,1741,4264,63,0.284,Swipe ,Fuel,1236.56,0
772825308,Blue,385,1,151,2023-09-24,Week-39,Q3,2023,27374,1509,4231,60,0.055,Chip ,Travel,676.96,0
772837083,Blue,415,1,115,2023-09-24,Week-39,Q3,2023,27169,0,3906,87,0,Swipe ,Food,234.36,0
772846383,Blue,455,1,142,2023-09-24,Week-39,Q3,2023,2632,1480,4787,89,0.562,Swipe ,Food,1148.88,0
772857558,Blue,320,1,83,2023-09-24,Week-39,Q3,2023,2257,896,4618,94,0.397,Swipe ,Food,461.8,0
772869033,Gold,470,0,148,2023-09-24,Week-39,Q3,2023,34516,1342,7283,89,0.039,Swipe ,Bills,1893.58,0
772879158,Blue,250,0,87,2023-09-24,Week-39,Q3,2023,7357,1069,3943,64,0.145,Chip ,Food,828.03,0
772922883,Blue,140,0,77,2023-09-24,Week-39,Q3,2023,20543,0,1874,42,0,Chip ,Fuel,449.76,0
772935108,Silver,110,1,97,2023-09-24,Week-39,Q3,2023,34516,802,1823,27,0.023,Swipe ,Grocery,255.22,0
773018583,Blue,370,0,151,2023-09-24,Week-39,Q3,2023,3144,2216,4717,75,0.705,Chip ,Travel,1179.25,0
773073558,Blue,125,0,80,2023-09-24,Week-39,Q3,2023,1467,896,1731,54,0.611,Swipe ,Entertainment,138.48,0
773082033,Blue,390,1,119,2023-09-24,Week-39,Q3,2023,25516,1363,2317,38,0.053,Swipe ,Bills,509.74,0
773108958,Blue,460,0,95,2023-09-24,Week-39,Q3,2023,3011,2138,4439,75,0.71,Chip ,Fuel,1198.53,0
773140683,Blue,340,1,78,2023-09-24,Week-39,Q3,2023,3797,1202,4191,65,0.317,Swipe ,Grocery,1089.66,0
773146383,Silver,175,1,85,2023-09-24,Week-39,Q3,2023,17304,2517,1756,33,0.145,Swipe ,Travel,403.88,0
773155533,Blue,140,1,66,2023-09-24,Week-39,Q3,2023,3261,814,4739,89,0.25,Chip ,Entertainment,1089.97,0
773172483,Blue,175,0,95,2023-09-24,Week-39,Q3,2023,4063,0,7463,70,0,Chip ,Fuel,1492.6,0
773177358,Blue,125,1,74,2023-09-24,Week-39,Q3,2023,8074,2426,5372,93,0.3,Swipe ,Grocery,698.36,0
773185833,Gold,370,1,87,2023-09-24,Week-39,Q3,2023,34516,0,15095,102,0,Chip ,Travel,1207.6,0
773228133,Blue,405,1,80,2023-09-24,Week-39,Q3,2023,1677,0,2437,41,0,Chip ,Grocery,463.03,0
773236983,Blue,150,1,51,2023-09-24,Week-39,Q3,2023,2498,2258,1839,29,0.904,Swipe ,Fuel,202.29,1
773257233,Blue,140,0,100,2023-09-24,Week-39,Q3,2023,7128,1457,3534,70,0.204,Chip ,Entertainment,742.14,1
773270058,Blue,405,0,46,2023-09-24,Week-39,Q3,2023,13427,0,1337,27,0,Swipe ,Grocery,374.36,1
773275083,Blue,470,1,95,2023-10-01,Week-40,Q4,2023,3085,966,4765,79,0.313,Swipe ,Entertainment,905.35,1
773283108,Silver,355,1,119,2023-10-01,Week-40,Q4,2023,32535,1722,15738,116,0.053,Swipe ,Bills,3934.5,1
773288958,Blue,150,1,112,2023-10-01,Week-40,Q4,2023,7475,1473,1592,30,0.197,Swipe ,Entertainment,111.44,1
773297508,Blue,340,1,109,2023-10-01,Week-40,Q4,2023,24765,1999,1544,36,0.081,Swipe ,Fuel,154.4,1
773306658,Blue,125,1,107,2023-10-01,Week-40,Q4,2023,4752,1230,15678,103,0.259,Chip ,Travel,2038.14,1
773322558,Blue,125,1,118,2023-10-01,Week-40,Q4,2023,2338,1566,3964,69,0.67,Chip ,Bills,1030.64,0
773332908,Blue,430,0,128,2023-10-01,Week-40,Q4,2023,14670,1900,4221,83,0.13,Swipe ,Entertainment,1055.25,0
773342808,Blue,325,0,89,2023-10-01,Week-40,Q4,2023,2711,1793,5084,79,0.661,Swipe ,Entertainment,1321.84,0
773356008,Blue,390,0,116,2023-10-01,Week-40,Q4,2023,5479,1200,7960,86,0.219,Swipe ,Food,1432.8,0
773364483,Silver,350,1,95,2023-10-01,Week-40,Q4,2023,34516,1298,1906,39,0.038,Swipe ,Bills,476.5,0
773373108,Blue,150,1,111,2023-10-01,Week-40,Q4,2023,2826,2070,1025,28,0.732,Swipe ,Travel,82,0
773383158,Blue,100,1,150,2023-10-01,Week-40,Q4,2023,4945,0,2743,69,0,Swipe ,Bills,795.47,0
773389908,Blue,245,1,103,2023-10-01,Week-40,Q4,2023,1438.3,0,2075,66,0,Swipe ,Bills,249,0
773442258,Blue,175,1,98,2023-10-01,Week-40,Q4,2023,8571,1616,1397,28,0.189,Online ,Entertainment,349.25,0
773448558,Blue,125,1,80,2023-10-01,Week-40,Q4,2023,3673,2292,1257,34,0.624,Swipe ,Travel,150.84,0
773457558,Silver,125,1,109,2023-10-01,Week-40,Q4,2023,15677,1227,3818,81,0.078,Swipe ,Entertainment,534.52,0
773466258,Blue,495,1,105,2023-10-01,Week-40,Q4,2023,4206,1100,1144,22,0.262,Swipe ,Bills,137.28,0
773503308,Blue,430,1,167,2023-10-01,Week-40,Q4,2023,2192,1569,4010,79,0.716,Swipe ,Fuel,721.8,0
773667708,Blue,190,1,100,2023-10-01,Week-40,Q4,2023,7050,1008,2176,39,0.143,Chip ,Food,130.56,0
773827008,Silver,445,1,101,2023-10-01,Week-40,Q4,2023,2405,1540,1087,29,0.64,Swipe ,Bills,217.4,0
773988708,Silver,225,0,111,2023-10-01,Week-40,Q4,2023,34516,1588,7512,81,0.046,Swipe ,Grocery,1577.52,0
774012933,Blue,430,1,115,2023-10-01,Week-40,Q4,2023,6443,2073,9277,92,0.322,Swipe ,Fuel,1206.01,0
774099708,Blue,225,1,101,2023-10-01,Week-40,Q4,2023,1621,0,7400,86,0,Swipe ,Grocery,740,0
774172158,Blue,475,1,112,2023-10-01,Week-40,Q4,2023,23507,1990,2650,65,0.085,Swipe ,Bills,583,0
774437583,Blue,455,1,41,2023-10-01,Week-40,Q4,2023,4597,2442,1504,38,0.531,Online ,Entertainment,240.64,0
774491958,Blue,410,0,73,2023-10-01,Week-40,Q4,2023,6228,1738,8284,77,0.279,Swipe ,Fuel,1822.48,0
774588633,Blue,100,0,72,2023-10-01,Week-40,Q4,2023,1438.3,0,4928,84,0,Online ,Grocery,788.48,0
774675933,Silver,100,1,150,2023-10-01,Week-40,Q4,2023,34516,2052,3510,62,0.059,Swipe ,Grocery,772.2,0
774760458,Blue,475,1,99,2023-10-01,Week-40,Q4,2023,3807,2517,1739,36,0.661,Swipe ,Entertainment,504.31,0
775112958,Blue,275,0,99,2023-10-01,Week-40,Q4,2023,11548,0,7781,72,0,Swipe ,Food,1167.15,0
775152708,Blue,245,1,74,2023-10-01,Week-40,Q4,2023,20769,901,1835,43,0.043,Chip ,Fuel,201.85,0
775198608,Blue,385,0,111,2023-10-01,Week-40,Q4,2023,4429,0,1970,40,0,Swipe ,Bills,512.2,0
775267158,Blue,125,0,118,2023-10-01,Week-40,Q4,2023,2476,1396,8785,111,0.564,Swipe ,Grocery,1581.3,0
778131333,Blue,200,1,86,2023-10-01,Week-40,Q4,2023,3222,0,5154,80,0,Swipe ,Entertainment,1340.04,0
778137108,Blue,190,0,60,2023-10-01,Week-40,Q4,2023,30503,2517,1860,47,0.083,Swipe ,Bills,297.6,0
778143183,Blue,290,1,106,2023-10-01,Week-40,Q4,2023,11773,0,5098,58,0,Swipe ,Grocery,356.86,0
778148283,Blue,405,0,72,2023-10-01,Week-40,Q4,2023,20148,1084,3921,74,0.054,Swipe ,Grocery,470.52,0
778152108,Blue,360,0,89,2023-10-01,Week-40,Q4,2023,2239,1256,4986,83,0.561,Swipe ,Fuel,847.62,0
778155558,Blue,175,0,76,2023-10-01,Week-40,Q4,2023,23973,0,3560,71,0,Swipe ,Entertainment,747.6,0
778163508,Blue,420,0,119,2023-10-01,Week-40,Q4,2023,5245,1044,4938,70,0.199,Swipe ,Travel,493.8,0
778170633,Blue,200,1,93,2023-10-01,Week-40,Q4,2023,34516,657,3661,71,0.019,Swipe ,Fuel,219.66,0
778172583,Blue,125,1,105,2023-10-01,Week-40,Q4,2023,6636,2399,7023,86,0.362,Swipe ,Entertainment,1264.14,0
778176108,Blue,175,1,104,2023-10-01,Week-40,Q4,2023,5504,1412,1290,38,0.257,Swipe ,Bills,103.2,0
778180158,Blue,175,1,85,2023-10-01,Week-40,Q4,2023,7150,1887,3636,69,0.264,Chip ,Bills,763.56,0
778191933,Blue,335,1,83,2023-10-01,Week-40,Q4,2023,7135,2517,2305,42,0.353,Swipe ,Fuel,414.9,0
778207083,Blue,225,0,90,2023-10-01,Week-40,Q4,2023,11561,2189,2153,39,0.189,Swipe ,Food,258.36,0
778224858,Blue,400,0,73,2023-10-01,Week-40,Q4,2023,4035,1003,4589,89,0.249,Chip ,Food,963.69,0
778228458,Blue,250,1,103,2023-10-01,Week-40,Q4,2023,2510,1928,4943,70,0.768,Swipe ,Bills,593.16,0
778231983,Blue,475,0,91,2023-10-01,Week-40,Q4,2023,7382,1326,4792,65,0.18,Swipe ,Food,670.88,0
778236858,Blue,175,0,134,2023-10-01,Week-40,Q4,2023,11794,1018,5547,87,0.086,Swipe ,Bills,942.99,0
778239933,Blue,490,0,71,2023-10-01,Week-40,Q4,2023,2801,2043,1241,46,0.729,Swipe ,Bills,198.56,0
778242708,Silver,300,0,108,2023-10-01,Week-40,Q4,2023,25502,1450,4323,81,0.057,Chip ,Entertainment,302.61,0
778245633,Blue,95,1,77,2023-10-01,Week-40,Q4,2023,2341,1818,4356,70,0.777,Swipe ,Fuel,1176.12,0
778247358,Blue,300,0,103,2023-10-01,Week-40,Q4,2023,7636,0,3880,67,0,Chip ,Bills,620.8,0
778255083,Blue,125,1,110,2023-10-01,Week-40,Q4,2023,3103,2517,4641,80,0.811,Online ,Travel,835.38,0
778260108,Blue,190,0,108,2023-10-01,Week-40,Q4,2023,4268,1509,14351,112,0.354,Online ,Entertainment,1865.63,0
778264008,Blue,375,0,116,2023-10-01,Week-40,Q4,2023,3104,1954,4699,77,0.63,Swipe ,Grocery,986.79,0
778268508,Blue,405,1,90,2023-10-01,Week-40,Q4,2023,5261,1966,4448,86,0.374,Swipe ,Fuel,622.72,0
778272408,Blue,475,1,83,2023-10-01,Week-40,Q4,2023,5763,0,2310,48,0,Swipe ,Entertainment,485.1,0
778275783,Blue,480,0,109,2023-10-01,Week-40,Q4,2023,2868,1434,2909,64,0.5,Swipe ,Bills,843.61,0
778282758,Blue,320,1,92,2023-10-01,Week-40,Q4,2023,26729,1052,4140,69,0.039,Swipe ,Fuel,910.8,0
778284783,Blue,390,0,158,2023-10-01,Week-40,Q4,2023,2791,1979,4617,70,0.709,Chip ,Fuel,923.4,0
778286433,Blue,150,1,107,2023-10-01,Week-40,Q4,2023,5876,1297,2133,55,0.221,Swipe ,Bills,575.91,0
778289883,Blue,345,1,95,2023-10-01,Week-40,Q4,2023,1507,0,2528,41,0,Chip ,Bills,379.2,0
778327908,Blue,475,1,106,2023-10-01,Week-40,Q4,2023,2419,2380,4099,73,0.984,Swipe ,Fuel,696.83,0
778340733,Blue,250,0,126,2023-10-01,Week-40,Q4,2023,8495,1537,1950,31,0.181,Swipe ,Bills,526.5,0
778343958,Blue,250,0,81,2023-10-01,Week-40,Q4,2023,1451,0,3866,72,0,Chip ,Fuel,463.92,0
778346283,Blue,140,1,103,2023-10-01,Week-40,Q4,2023,21006,1905,1856,57,0.091,Swipe ,Entertainment,204.16,0
778348233,Blue,400,0,97,2023-10-01,Week-40,Q4,2023,2753,1811,1038,25,0.658,Swipe ,Bills,186.84,0
778349883,Blue,460,1,120,2023-10-01,Week-40,Q4,2023,3219,2114,4188,75,0.657,Swipe ,Bills,837.6,0
778353183,Blue,245,0,135,2023-10-01,Week-40,Q4,2023,3201,984,5155,77,0.307,Chip ,Travel,1443.4,0
778356408,Blue,360,0,113,2023-10-01,Week-40,Q4,2023,2768,1329,4275,78,0.48,Swipe ,Food,897.75,0
778357458,Blue,295,1,70,2023-10-01,Week-40,Q4,2023,2003,1224,1756,42,0.611,Swipe ,Bills,509.24,0
778360608,Blue,125,1,166,2023-10-01,Week-40,Q4,2023,2403,1105,4186,77,0.46,Swipe ,Entertainment,1046.5,0
778364583,Blue,195,0,88,2023-10-01,Week-40,Q4,2023,5911,916,1656,31,0.155,Chip ,Travel,447.12,0
778372158,Blue,400,1,99,2023-10-01,Week-40,Q4,2023,2506,1549,4747,91,0.618,Swipe ,Fuel,664.58,0
778375458,Blue,285,1,115,2023-10-01,Week-40,Q4,2023,30820,1724,3402,75,0.056,Swipe ,Bills,238.14,0
778377183,Blue,465,1,90,2023-10-01,Week-40,Q4,2023,18284,1144,4846,92,0.063,Online ,Bills,1114.58,0
778378983,Blue,140,0,86,2023-10-01,Week-40,Q4,2023,2939,2152,2476,42,0.732,Swipe ,Fuel,470.44,0
778381608,Blue,450,1,102,2023-10-01,Week-40,Q4,2023,6572,417,1766,46,0.063,Swipe ,Fuel,441.5,0
778386033,Blue,415,0,114,2023-10-01,Week-40,Q4,2023,3417,1749,2068,34,0.512,Swipe ,Bills,537.68,0
778388358,Blue,250,0,46,2023-10-01,Week-40,Q4,2023,4742,855,870,24,0.18,Online ,Bills,174,0
778394358,Blue,300,1,86,2023-10-01,Week-40,Q4,2023,1870,1785,4347,88,0.955,Swipe ,Grocery,1173.69,0
778397358,Blue,445,1,110,2023-10-01,Week-40,Q4,2023,5096,0,2574,43,0,Swipe ,Grocery,489.06,0
778399008,Blue,375,0,95,2023-10-01,Week-40,Q4,2023,4252,0,1598,45,0,Swipe ,Bills,223.72,0
778401033,Blue,300,1,83,2023-10-01,Week-40,Q4,2023,14308,1889,1659,39,0.132,Swipe ,Grocery,447.93,0
778405458,Blue,450,1,85,2023-10-01,Week-40,Q4,2023,1461,0,4633,80,0,Online ,Food,972.93,0
778407033,Blue,125,1,58,2023-10-01,Week-40,Q4,2023,2417,1932,2367,50,0.799,Swipe ,Entertainment,426.06,0
778420383,Blue,245,0,78,2023-10-01,Week-40,Q4,2023,7650,2045,8609,109,0.267,Swipe ,Fuel,516.54,0
778422933,Blue,175,1,73,2023-10-01,Week-40,Q4,2023,19127,985,3323,56,0.051,Swipe ,Fuel,332.3,0
778425408,Blue,340,1,44,2023-10-01,Week-40,Q4,2023,3839,2295,1271,24,0.598,Swipe ,Bills,355.88,0
778426608,Blue,300,0,85,2023-10-01,Week-40,Q4,2023,1438.3,702,1805,53,0.488,Swipe ,Entertainment,306.85,0
778428108,Platinum,275,1,117,2023-10-01,Week-40,Q4,2023,6091,1184,17437,113,0.194,Chip ,Food,1394.96,0
778430733,Blue,175,1,114,2023-10-01,Week-40,Q4,2023,12399,1461,7855,82,0.118,Swipe ,Fuel,1099.7,0
778433283,Blue,460,0,65,2023-10-01,Week-40,Q4,2023,8989,0,2031,53,0,Chip ,Food,507.75,0
778436283,Blue,175,1,95,2023-10-01,Week-40,Q4,2023,3429,1504,4015,76,0.439,Swipe ,Entertainment,562.1,0
778439883,Blue,200,1,112,2023-10-01,Week-40,Q4,2023,26840,769,7969,93,0.029,Swipe ,Grocery,2151.63,0
778441533,Blue,195,1,59,2023-10-01,Week-40,Q4,2023,4549,1631,2240,34,0.359,Swipe ,Fuel,649.6,0
778444908,Silver,485,0,90,2023-10-01,Week-40,Q4,2023,34516,1444,16392,116,0.042,Chip ,Travel,2458.8,0
778447908,Blue,275,1,95,2023-10-01,Week-40,Q4,2023,3558,0,4136,65,0,Swipe ,Bills,1158.08,0
778456983,Blue,495,1,91,2023-10-01,Week-40,Q4,2023,2222,1205,1823,49,0.542,Swipe ,Entertainment,364.6,0
778459833,Blue,175,1,98,2023-10-01,Week-40,Q4,2023,11880,2025,1789,42,0.17,Swipe ,Entertainment,465.14,0
778461408,Blue,250,0,89,2023-10-01,Week-40,Q4,2023,22149,987,2409,36,0.045,Swipe ,Bills,313.17,0
778465533,Blue,200,0,60,2023-10-01,Week-40,Q4,2023,1638,0,1885,51,0,Swipe ,Bills,301.6,0
778471758,Blue,435,0,108,2023-10-01,Week-40,Q4,2023,2427,2362,4663,85,0.973,Swipe ,Food,466.3,0
778486008,Blue,475,0,87,2023-10-01,Week-40,Q4,2023,4223,2235,3669,62,0.529,Swipe ,Fuel,880.56,0
778493808,Blue,330,0,92,2023-10-01,Week-40,Q4,2023,3906,0,1756,32,0,Swipe ,Travel,509.24,0
778502958,Silver,125,1,85,2023-10-01,Week-40,Q4,2023,29812,2031,2385,50,0.068,Swipe ,Entertainment,262.35,0
778506633,Blue,485,0,78,2023-10-01,Week-40,Q4,2023,7706,392,965,27,0.051,Swipe ,Bills,193,0
778508883,Blue,190,1,83,2023-10-01,Week-40,Q4,2023,11876,1926,1367,33,0.162,Swipe ,Entertainment,218.72,0
778511733,Blue,175,0,118,2023-10-01,Week-40,Q4,2023,5424,1812,1634,44,0.334,Swipe ,Fuel,212.42,0
778523733,Blue,110,0,99,2023-10-01,Week-40,Q4,2023,13637,0,3625,73,0,Swipe ,Grocery,761.25,0
778550583,Blue,110,0,82,2023-10-01,Week-40,Q4,2023,1766,0,4808,87,0,Swipe ,Entertainment,384.64,0
778563858,Blue,250,0,95,2023-10-01,Week-40,Q4,2023,8712,991,14512,115,0.114,Chip ,Fuel,1596.32,0
778567983,Blue,465,0,59,2023-10-01,Week-40,Q4,2023,1438.3,0,4512,77,0,Chip ,Fuel,1128,0
778573233,Blue,175,0,98,2023-10-01,Week-40,Q4,2023,3102,2091,1977,50,0.674,Swipe ,Fuel,494.25,0
778574283,Blue,430,1,98,2023-10-01,Week-40,Q4,2023,1438.3,0,2118,64,0,Swipe ,Bills,593.04,0
778601733,Blue,175,0,127,2023-10-01,Week-40,Q4,2023,2687,1689,2370,34,0.629,Swipe ,Bills,616.2,0
778606308,Blue,200,1,72,2023-10-01,Week-40,Q4,2023,6614,1881,3016,51,0.284,Online ,Fuel,482.56,0
778617708,Blue,125,1,91,2023-10-01,Week-40,Q4,2023,1438.3,864,2299,40,0.601,Chip ,Food,183.92,0
778619358,Blue,385,1,77,2023-10-01,Week-40,Q4,2023,1438.3,860,4754,79,0.598,Chip ,Grocery,950.8,0
778623858,Blue,125,1,68,2023-10-01,Week-40,Q4,2023,3785,1935,1824,49,0.511,Swipe ,Entertainment,310.08,0
778627983,Blue,345,1,109,2023-10-01,Week-40,Q4,2023,1829,1140,1610,49,0.623,Swipe ,Bills,177.1,0
778632933,Blue,290,0,111,2023-10-01,Week-40,Q4,2023,2548,1998,4702,79,0.784,Swipe ,Bills,611.26,0
778643733,Gold,485,1,73,2023-10-01,Week-40,Q4,2023,23981,1454,9140,64,0.061,Chip ,Grocery,914,0
778659108,Blue,280,1,93,2023-10-01,Week-40,Q4,2023,4789,2203,4718,81,0.46,Online ,Grocery,566.16,0
778661358,Blue,405,1,115,2023-10-01,Week-40,Q4,2023,2474,2143,1541,40,0.866,Swipe ,Bills,339.02,0
778663458,Blue,475,1,56,2023-10-01,Week-40,Q4,2023,1759,0,821,18,0,Swipe ,Entertainment,114.94,0
778669608,Blue,325,1,45,2023-10-01,Week-40,Q4,2023,1564,0,5172,78,0,Chip ,Bills,1499.88,0
778671483,Blue,175,0,96,2023-10-01,Week-40,Q4,2023,1630,1008,4143,67,0.618,Online ,Food,621.45,0
778679883,Blue,440,1,100,2023-10-01,Week-40,Q4,2023,6146,0,3645,76,0,Swipe ,Bills,255.15,0
778686408,Blue,410,1,107,2023-10-01,Week-40,Q4,2023,19324,1040,1744,50,0.054,Swipe ,Bills,488.32,0
778693458,Blue,280,1,108,2023-10-01,Week-40,Q4,2023,12616,0,1376,29,0,Swipe ,Bills,330.24,0
778696608,Blue,270,1,104,2023-10-01,Week-40,Q4,2023,10931,2297,4802,73,0.21,Swipe ,Food,720.3,0
778698408,Blue,495,0,118,2023-10-01,Week-40,Q4,2023,2930,2024,1686,34,0.691,Swipe ,Bills,202.32,0
778699908,Blue,100,1,110,2023-10-01,Week-40,Q4,2023,14447,0,915,29,0,Swipe ,Entertainment,82.35,0
778706508,Blue,200,0,95,2023-10-01,Week-40,Q4,2023,6231,0,1448,30,0,Swipe ,Entertainment,188.24,0
778708533,Blue,125,0,63,2023-10-01,Week-40,Q4,2023,1730,1616,869,27,0.934,Swipe ,Entertainment,104.28,0
778710783,Blue,250,0,118,2023-10-01,Week-40,Q4,2023,18410,974,3778,83,0.053,Swipe ,Grocery,415.58,0
778712658,Blue,370,0,114,2023-10-01,Week-40,Q4,2023,2001,960,4026,86,0.48,Swipe ,Bills,885.72,0
778714833,Blue,150,1,143,2023-10-01,Week-40,Q4,2023,3926,1760,4890,92,0.448,Swipe ,Food,391.2,0
778716783,Blue,100,1,88,2023-10-01,Week-40,Q4,2023,11552,1970,7180,96,0.171,Swipe ,Fuel,1364.2,0
778718658,Blue,340,0,94,2023-10-01,Week-40,Q4,2023,9725,0,4062,65,0,Swipe ,Bills,1096.74,0
778720533,Blue,395,0,118,2023-10-01,Week-40,Q4,2023,1722,0,2141,35,0,Chip ,Grocery,363.97,0
778722033,Blue,415,1,80,2023-10-01,Week-40,Q4,2023,2275,1265,5626,77,0.556,Swipe ,Bills,787.64,0
778724058,Blue,420,1,109,2023-10-01,Week-40,Q4,2023,5905,726,3982,65,0.123,Swipe ,Grocery,238.92,0
778728783,Blue,100,1,94,2023-10-01,Week-40,Q4,2023,3156,2095,2739,56,0.664,Swipe ,Bills,328.68,0
778732158,Blue,125,1,149,2023-10-01,Week-40,Q4,2023,1507,0,4037,83,0,Chip ,Entertainment,444.07,0
778734108,Blue,250,0,109,2023-10-01,Week-40,Q4,2023,1686,1252,1758,42,0.743,Swipe ,Bills,369.18,0
778740708,Blue,465,0,97,2023-10-01,Week-40,Q4,2023,1902,962,4203,69,0.506,Chip ,Fuel,672.48,1
778742358,Blue,125,1,76,2023-10-01,Week-40,Q4,2023,4752,0,7517,76,0,Swipe ,Grocery,2029.59,1
778745058,Silver,280,1,150,2023-10-01,Week-40,Q4,2023,34516,0,15059,118,0,Chip ,Travel,3011.8,1
778747608,Blue,395,1,112,2023-10-01,Week-40,Q4,2023,1438.3,0,4022,61,0,Swipe ,Food,603.3,1
778755858,Blue,150,0,97,2023-10-01,Week-40,Q4,2023,3665,1725,1881,55,0.471,Swipe ,Entertainment,188.1,1
778760808,Blue,300,1,119,2023-10-01,Week-40,Q4,2023,8431,1862,2008,37,0.221,Chip ,Grocery,281.12,1
778770783,Blue,150,0,132,2023-10-01,Week-40,Q4,2023,29801,1916,990,21,0.064,Swipe ,Bills,287.1,1
778780008,Blue,385,1,43,2023-10-01,Week-40,Q4,2023,1622,1249,4164,66,0.77,Chip ,Fuel,624.6,0
778781508,Blue,270,0,97,2023-10-01,Week-40,Q4,2023,8477,2517,2455,41,0.297,Swipe ,Food,417.35,0
778782858,Blue,385,1,109,2023-10-01,Week-40,Q4,2023,3980,930,4449,82,0.234,Swipe ,Entertainment,756.33,0
778799583,Blue,365,1,100,2023-10-01,Week-40,Q4,2023,2592,2227,1695,48,0.859,Swipe ,Food,339,0
778801608,Blue,385,1,73,2023-10-01,Week-40,Q4,2023,3606,1862,3568,92,0.516,Swipe ,Food,713.6,0
778810083,Blue,365,0,119,2023-10-01,Week-40,Q4,2023,4210,0,4175,58,0,Swipe ,Bills,292.25,0
778819083,Blue,455,1,107,2023-10-01,Week-40,Q4,2023,1604,0,2264,47,0,Swipe ,Travel,430.16,0
778825908,Silver,250,0,154,2023-10-01,Week-40,Q4,2023,10272,1523,14321,113,0.148,Chip ,Bills,1002.47,0
778830933,Blue,100,0,74,2023-10-01,Week-40,Q4,2023,1804,1040,5308,78,0.576,Swipe ,Bills,849.28,0
778832883,Blue,360,1,49,2023-10-01,Week-40,Q4,2023,8257,961,13769,104,0.116,Swipe ,Food,3579.94,0
778837083,Blue,200,0,90,2023-10-01,Week-40,Q4,2023,12906,321,2078,62,0.025,Chip ,Grocery,228.58,0
778839108,Blue,200,0,143,2023-10-01,Week-40,Q4,2023,6292,0,3687,74,0,Chip ,Bills,848.01,0
778844433,Blue,455,0,90,2023-10-01,Week-40,Q4,2023,20895,1808,3210,65,0.087,Swipe ,Bills,449.4,0
778847808,Blue,125,1,58,2023-10-01,Week-40,Q4,2023,2647,1245,4911,82,0.47,Swipe ,Fuel,736.65,0
778849908,Blue,335,0,78,2023-10-01,Week-40,Q4,2023,2687,2452,4697,81,0.913,Swipe ,Food,751.52,0
778853358,Blue,490,1,94,2023-10-01,Week-40,Q4,2023,3297,0,4783,91,0,Swipe ,Entertainment,621.79,0
778855383,Blue,125,0,80,2023-10-01,Week-40,Q4,2023,1438.3,0,1975,40,0,Swipe ,Entertainment,256.75,0
778857108,Blue,450,1,155,2023-10-01,Week-40,Q4,2023,3900,0,4337,81,0,Chip ,Fuel,867.4,0
778860783,Blue,140,1,90,2023-10-01,Week-40,Q4,2023,24379,1116,2836,41,0.046,Swipe ,Entertainment,340.32,0
778863258,Blue,100,1,153,2023-10-01,Week-40,Q4,2023,6030,0,4983,62,0,Swipe ,Grocery,1046.43,0
778865583,Blue,95,0,150,2023-10-01,Week-40,Q4,2023,6954,1502,7510,89,0.216,Swipe ,Bills,675.9,0
778867533,Blue,290,1,91,2023-10-01,Week-40,Q4,2023,1438.3,0,689,23,0,Swipe ,Bills,89.57,0
778868958,Blue,220,0,46,2023-10-01,Week-40,Q4,2023,1929,1673,857,36,0.867,Swipe ,Bills,85.7,0
778871508,Blue,380,1,88,2023-10-01,Week-40,Q4,2023,13048,1954,1170,24,0.15,Swipe ,Bills,339.3,0
778873608,Silver,275,1,80,2023-10-01,Week-40,Q4,2023,34516,1984,14335,116,0.057,Chip ,Travel,2867,0
778878633,Blue,100,0,118,2023-10-01,Week-40,Q4,2023,1817,885,3400,67,0.487,Chip ,Fuel,850,0
778880358,Blue,420,1,112,2023-10-01,Week-40,Q4,2023,2485,1648,4208,71,0.663,Swipe ,Entertainment,673.28,0
778882758,Blue,300,0,113,2023-10-01,Week-40,Q4,2023,3602,2013,1935,47,0.559,Swipe ,Entertainment,270.9,0
778885158,Blue,375,0,111,2023-10-01,Week-40,Q4,2023,2472,2457,1392,33,0.994,Swipe ,Bills,375.84,0
778888083,Blue,475,1,95,2023-10-01,Week-40,Q4,2023,4307,0,8697,62,0,Chip ,Travel,2087.28,0
778894233,Blue,385,0,108,2023-10-01,Week-40,Q4,2023,7253,0,7595,83,0,Swipe ,Entertainment,1291.15,0
778895883,Blue,290,0,68,2023-10-01,Week-40,Q4,2023,3668,0,4430,76,0,Swipe ,Fuel,1107.5,0
778899708,Blue,335,1,98,2023-10-01,Week-40,Q4,2023,2963,0,2919,47,0,Swipe ,Food,700.56,0
778905033,Blue,390,0,84,2023-10-01,Week-40,Q4,2023,1438.3,1226,3889,60,0.852,Swipe ,Bills,622.24,0
778908783,Blue,455,0,116,2023-10-01,Week-40,Q4,2023,27751,1018,1427,25,0.037,Swipe ,Fuel,371.02,0
778910883,Blue,100,0,86,2023-10-01,Week-40,Q4,2023,1837,875,2169,43,0.476,Swipe ,Food,433.8,0
778912683,Blue,245,0,113,2023-10-01,Week-40,Q4,2023,8365,1504,4778,88,0.18,Swipe ,Bills,1194.5,0
778915233,Blue,375,0,97,2023-10-01,Week-40,Q4,2023,1757,331,2377,47,0.188,Chip ,Bills,475.4,0
778919583,Blue,200,1,72,2023-10-01,Week-40,Q4,2023,1604,1112,4253,68,0.693,Swipe ,Grocery,935.66,0
778921908,Blue,495,1,46,2023-10-08,Week-41,Q4,2023,3311,841,4559,80,0.254,Swipe ,Entertainment,410.31,0
778924158,Blue,175,0,114,2023-10-08,Week-41,Q4,2023,1438.3,0,3749,77,0,Online ,Bills,637.33,0
778928283,Blue,140,1,41,2023-10-08,Week-41,Q4,2023,2742,2321,1389,32,0.846,Swipe ,Bills,166.68,0
778929783,Blue,285,1,98,2023-10-08,Week-41,Q4,2023,1925,0,781,28,0,Swipe ,Bills,203.06,0
778932633,Blue,455,1,120,2023-10-08,Week-41,Q4,2023,1629,1185,4897,83,0.727,Swipe ,Fuel,538.67,0
778933983,Blue,110,1,143,2023-10-08,Week-41,Q4,2023,11249,2012,3882,55,0.179,Swipe ,Grocery,1086.96,0
778936008,Blue,200,0,126,2023-10-08,Week-41,Q4,2023,5869,0,5103,83,0,Chip ,Fuel,1479.87,0
778937583,Blue,405,0,151,2023-10-08,Week-41,Q4,2023,2228,1449,4382,83,0.65,Online ,Food,613.48,0
778939683,Blue,325,1,114,2023-10-08,Week-41,Q4,2023,2821,951,1452,38,0.337,Swipe ,Fuel,130.68,0
778942233,Blue,270,0,97,2023-10-08,Week-41,Q4,2023,1438.3,648,1267,27,0.451,Swipe ,Fuel,266.07,0
778943883,Blue,405,1,44,2023-10-08,Week-41,Q4,2023,34516,888,1959,42,0.026,Swipe ,Bills,450.57,0
778949133,Blue,285,1,92,2023-10-08,Week-41,Q4,2023,13298,1694,3476,66,0.127,Chip ,Bills,208.56,0
778952058,Blue,200,1,111,2023-10-08,Week-41,Q4,2023,20860,1496,3435,56,0.072,Swipe ,Grocery,480.9,0
778956033,Blue,495,1,157,2023-10-08,Week-41,Q4,2023,34516,1549,15151,104,0.045,Chip ,Travel,1666.61,0
778959258,Blue,390,0,113,2023-10-08,Week-41,Q4,2023,1438.3,0,2585,45,0,Swipe ,Bills,336.05,0
778965183,Blue,95,0,127,2023-10-08,Week-41,Q4,2023,5869,2517,4166,85,0.429,Online ,Entertainment,666.56,0
778968408,Blue,455,0,86,2023-10-08,Week-41,Q4,2023,5341,0,1955,47,0,Swipe ,Fuel,195.5,0
778971408,Blue,330,1,72,2023-10-08,Week-41,Q4,2023,2803,1848,1968,64,0.659,Swipe ,Travel,551.04,0
778973658,Blue,360,0,51,2023-10-08,Week-41,Q4,2023,4980,906,2273,66,0.182,Swipe ,Travel,318.22,0
778984383,Blue,200,1,87,2023-10-08,Week-41,Q4,2023,2692,2039,4622,73,0.757,Swipe ,Grocery,1155.5,0
778992108,Blue,420,1,70,2023-10-08,Week-41,Q4,2023,5266,0,1516,29,0,Swipe ,Travel,242.56,0
779008158,Blue,275,1,102,2023-10-08,Week-41,Q4,2023,2191,1655,4961,71,0.755,Swipe ,Grocery,297.66,0
779016408,Blue,490,1,89,2023-10-08,Week-41,Q4,2023,2229,1791,1583,32,0.803,Swipe ,Fuel,174.13,0
779018508,Blue,405,0,93,2023-10-08,Week-41,Q4,2023,11318,2082,7179,93,0.184,Swipe ,Food,1364.01,0
779027733,Blue,150,0,109,2023-10-08,Week-41,Q4,2023,6721,1115,3718,51,0.166,Chip ,Bills,297.44,0
779029458,Blue,250,0,110,2023-10-08,Week-41,Q4,2023,1724,0,2725,47,0,Swipe ,Bills,790.25,0
779031033,Blue,360,1,94,2023-10-08,Week-41,Q4,2023,2305,1627,1230,36,0.706,Swipe ,Bills,209.1,0
779032308,Blue,175,1,117,2023-10-08,Week-41,Q4,2023,4964,2316,3279,66,0.467,Chip ,Bills,360.69,0
779034708,Blue,430,0,70,2023-10-08,Week-41,Q4,2023,10730,970,4939,71,0.09,Swipe ,Food,1086.58,0
779037408,Blue,100,0,146,2023-10-08,Week-41,Q4,2023,3581,694,14637,109,0.194,Chip ,Entertainment,2341.92,0
779040408,Blue,370,0,87,2023-10-08,Week-41,Q4,2023,12181,1702,1478,33,0.14,Swipe ,Bills,133.02,0
779041983,Blue,245,1,113,2023-10-08,Week-41,Q4,2023,1438.3,0,4439,81,0,Swipe ,Food,976.58,0
779046408,Blue,495,0,140,2023-10-08,Week-41,Q4,2023,2458,1880,1238,30,0.765,Online ,Bills,297.12,0
779051808,Blue,245,1,74,2023-10-08,Week-41,Q4,2023,2546,1348,4145,75,0.529,Swipe ,Bills,580.3,0
779055033,Blue,465,1,92,2023-10-08,Week-41,Q4,2023,8256,2416,8104,64,0.293,Chip ,Travel,810.4,0
779058108,Blue,380,1,79,2023-10-08,Week-41,Q4,2023,2536,1823,1468,23,0.719,Swipe ,Bills,337.64,0
779065458,Blue,245,1,84,2023-10-08,Week-41,Q4,2023,9257,0,4212,72,0,Swipe ,Fuel,1221.48,0
779067408,Blue,475,1,67,2023-10-08,Week-41,Q4,2023,13056,1890,14280,102,0.145,Chip ,Grocery,2713.2,0
779070033,Blue,435,0,89,2023-10-08,Week-41,Q4,2023,1938,0,3974,56,0,Chip ,Travel,1152.46,0
779072733,Blue,460,0,87,2023-10-08,Week-41,Q4,2023,1971,0,4979,77,0,Chip ,Food,846.43,0
779078733,Blue,175,1,100,2023-10-08,Week-41,Q4,2023,16427,1682,1579,36,0.102,Swipe ,Fuel,221.06,0
779082633,Blue,175,1,127,2023-10-08,Week-41,Q4,2023,4107,979,14596,104,0.238,Chip ,Travel,2773.24,0
779084208,Blue,455,0,80,2023-10-08,Week-41,Q4,2023,1662,613,2326,31,0.369,Swipe ,Grocery,162.82,0
779090883,Blue,390,1,94,2023-10-08,Week-41,Q4,2023,2483,1297,3478,64,0.522,Chip ,Grocery,243.46,0
779098308,Blue,125,0,59,2023-10-08,Week-41,Q4,2023,15048,2517,7592,96,0.167,Swipe ,Entertainment,1442.48,0
779100408,Blue,140,1,95,2023-10-08,Week-41,Q4,2023,1741,1328,2629,61,0.763,Swipe ,Grocery,552.09,0
779104608,Blue,300,1,111,2023-10-08,Week-41,Q4,2023,1438.3,0,2819,48,0,Swipe ,Fuel,563.8,0
779114283,Blue,245,0,115,2023-10-08,Week-41,Q4,2023,1826,944,4528,65,0.517,Swipe ,Entertainment,633.92,0
779116158,Blue,405,1,101,2023-10-08,Week-41,Q4,2023,5714,868,4331,85,0.152,Chip ,Entertainment,866.2,0
779118708,Blue,415,1,97,2023-10-08,Week-41,Q4,2023,1438.3,0,4598,78,0,Swipe ,Food,597.74,0
779122908,Blue,110,0,148,2023-10-08,Week-41,Q4,2023,3187,1437,4511,82,0.451,Swipe ,Entertainment,811.98,0
779126658,Blue,275,0,102,2023-10-08,Week-41,Q4,2023,5655,0,2312,61,0,Swipe ,Bills,300.56,0
779130108,Blue,250,0,134,2023-10-08,Week-41,Q4,2023,1438.3,0,2527,49,0,Online ,Entertainment,404.32,0
779134458,Blue,350,0,102,2023-10-08,Week-41,Q4,2023,3709,1180,8130,74,0.318,Online ,Food,1788.6,0
779135808,Blue,320,0,75,2023-10-08,Week-41,Q4,2023,3609,1026,4318,81,0.284,Online ,Bills,518.16,0
779138883,Blue,175,1,92,2023-10-08,Week-41,Q4,2023,4702,0,1673,44,0,Swipe ,Bills,317.87,0
779140533,Blue,425,1,116,2023-10-08,Week-41,Q4,2023,27124,2311,15195,121,0.085,Chip ,Travel,1215.6,0
779141658,Blue,200,0,115,2023-10-08,Week-41,Q4,2023,4963,2115,4989,78,0.426,Swipe ,Food,848.13,0
779149683,Blue,125,0,56,2023-10-08,Week-41,Q4,2023,7772,1890,2585,75,0.243,Swipe ,Bills,749.65,0
779155158,Blue,390,1,118,2023-10-08,Week-41,Q4,2023,2940,1264,1259,33,0.43,Swipe ,Bills,314.75,0
779158533,Blue,475,1,117,2023-10-08,Week-41,Q4,2023,1616,966,4774,74,0.598,Swipe ,Fuel,1241.24,0
779164608,Blue,445,0,85,2023-10-08,Week-41,Q4,2023,2641,1336,4224,77,0.506,Chip ,Travel,337.92,0
779166783,Blue,485,0,162,2023-10-08,Week-41,Q4,2023,2128,1383,3968,81,0.65,Swipe ,Bills,753.92,0
779170008,Blue,395,1,152,2023-10-08,Week-41,Q4,2023,5351,0,4596,78,0,Chip ,Entertainment,689.4,0
779174133,Blue,190,1,98,2023-10-08,Week-41,Q4,2023,5188,753,1540,30,0.145,Swipe ,Bills,431.2,0
779183958,Blue,245,1,86,2023-10-08,Week-41,Q4,2023,1492,0,2469,38,0,Swipe ,Fuel,271.59,0
779187783,Blue,470,0,93,2023-10-08,Week-41,Q4,2023,24533,1813,8436,77,0.074,Swipe ,Grocery,759.24,0
779192283,Blue,245,1,84,2023-10-08,Week-41,Q4,2023,6462,2517,4156,77,0.39,Chip ,Bills,706.52,0
779198133,Blue,175,1,124,2023-10-08,Week-41,Q4,2023,9977,2088,3530,61,0.209,Swipe ,Grocery,317.7,0
779209083,Blue,400,1,163,2023-10-08,Week-41,Q4,2023,1813,1387,1468,32,0.765,Swipe ,Entertainment,249.56,0
779210283,Blue,250,1,102,2023-10-08,Week-41,Q4,2023,3645,2517,4142,74,0.691,Chip ,Entertainment,786.98,0
779216358,Blue,395,1,66,2023-10-08,Week-41,Q4,2023,2111,0,773,17,0,Online ,Bills,77.3,0
779217333,Blue,370,0,71,2023-10-08,Week-41,Q4,2023,2228,1502,3922,75,0.674,Chip ,Food,1137.38,0
779218233,Blue,200,1,86,2023-10-08,Week-41,Q4,2023,9430,0,4115,75,0,Swipe ,Entertainment,987.6,0
779219208,Blue,125,0,80,2023-10-08,Week-41,Q4,2023,1744,0,4811,86,0,Chip ,Fuel,336.77,0
779223858,Blue,475,1,86,2023-10-08,Week-41,Q4,2023,6369,0,2675,47,0,Swipe ,Bills,374.5,0
779224758,Blue,125,1,109,2023-10-08,Week-41,Q4,2023,2168,1485,3828,86,0.685,Chip ,Fuel,306.24,0
779236083,Blue,370,0,95,2023-10-08,Week-41,Q4,2023,4138,0,2420,50,0,Swipe ,Bills,193.6,0
779241783,Blue,125,1,47,2023-10-08,Week-41,Q4,2023,3106,1675,1512,38,0.539,Swipe ,Bills,302.4,0
779247483,Blue,360,0,72,2023-10-08,Week-41,Q4,2023,2069,0,2754,55,0,Swipe ,Food,192.78,0
779249583,Blue,245,0,86,2023-10-08,Week-41,Q4,2023,2578,2462,1378,29,0.955,Swipe ,Bills,165.36,0
779252283,Blue,390,1,124,2023-10-08,Week-41,Q4,2023,2712,2411,5201,82,0.889,Chip ,Food,312.06,0
779257233,Blue,470,1,162,2023-10-08,Week-41,Q4,2023,28852,1974,7432,90,0.068,Swipe ,Bills,1040.48,0
779261433,Blue,125,0,106,2023-10-08,Week-41,Q4,2023,2043,1597,3553,61,0.782,Swipe ,Entertainment,390.83,0
779263533,Silver,125,1,133,2023-10-08,Week-41,Q4,2023,32292,1731,7564,76,0.054,Swipe ,Bills,2042.28,0
779269158,Blue,320,0,88,2023-10-08,Week-41,Q4,2023,21961,0,2237,39,0,Online ,Grocery,290.81,0
779270883,Blue,460,1,92,2023-10-08,Week-41,Q4,2023,16575,0,3982,77,0,Swipe ,Entertainment,1114.96,0
779279883,Blue,140,0,90,2023-10-08,Week-41,Q4,2023,1438.3,0,1628,42,0,Swipe ,Food,179.08,0
779281233,Blue,125,0,105,2023-10-08,Week-41,Q4,2023,2478,1748,4353,80,0.705,Online ,Fuel,304.71,0
779284833,Blue,355,1,157,2023-10-08,Week-41,Q4,2023,22127,1799,3591,63,0.081,Swipe ,Food,395.01,0
779289033,Blue,285,0,147,2023-10-08,Week-41,Q4,2023,21646,1778,3328,61,0.082,Swipe ,Entertainment,765.44,0
779293308,Silver,250,0,103,2023-10-08,Week-41,Q4,2023,25653,2059,8305,103,0.08,Swipe ,Grocery,1910.15,0
779296908,Blue,470,1,79,2023-10-08,Week-41,Q4,2023,1438.3,576,5098,66,0.4,Chip ,Grocery,968.62,0
779299233,Silver,380,1,83,2023-10-08,Week-41,Q4,2023,13109,1375,3563,73,0.105,Swipe ,Bills,1033.27,0
779302233,Blue,455,0,72,2023-10-08,Week-41,Q4,2023,1438.3,0,2502,45,0,Swipe ,Grocery,450.36,0
779305008,Blue,225,1,106,2023-10-08,Week-41,Q4,2023,2787,2053,4949,76,0.737,Swipe ,Food,1435.21,0
779307558,Blue,300,1,115,2023-10-08,Week-41,Q4,2023,3585,0,4806,81,0,Chip ,Bills,624.78,0
779310033,Blue,200,0,110,2023-10-08,Week-41,Q4,2023,4304,0,1788,36,0,Chip ,Fuel,482.76,0
779315508,Blue,455,1,104,2023-10-08,Week-41,Q4,2023,9043,1974,4638,48,0.218,Swipe ,Food,1298.64,0
779320008,Blue,360,0,108,2023-10-08,Week-41,Q4,2023,2900,2517,2180,31,0.868,Chip ,Bills,370.6,0
779320983,Blue,435,1,58,2023-10-08,Week-41,Q4,2023,19843,1178,1638,49,0.059,Swipe ,Entertainment,425.88,0
779324358,Blue,150,1,114,2023-10-08,Week-41,Q4,2023,2381,1603,4013,79,0.673,Swipe ,Food,1003.25,0
779327733,Blue,110,0,100,2023-10-08,Week-41,Q4,2023,1783,1014,3861,81,0.569,Chip ,Food,656.37,0
779330208,Blue,175,1,107,2023-10-08,Week-41,Q4,2023,2378,1610,1807,45,0.677,Swipe ,Bills,361.4,0
779331558,Blue,125,1,41,2023-10-08,Week-41,Q4,2023,1438.3,0,2598,59,0,Swipe ,Grocery,675.48,0
779333883,Blue,200,0,164,2023-10-08,Week-41,Q4,2023,7428,0,8078,62,0,Chip ,Entertainment,1938.72,1
779338683,Blue,150,1,75,2023-10-08,Week-41,Q4,2023,14825,962,1904,49,0.065,Swipe ,Bills,361.76,1
779340183,Blue,110,1,91,2023-10-08,Week-41,Q4,2023,2482,916,4295,72,0.369,Chip ,Grocery,343.6,1
779342958,Blue,465,1,96,2023-10-08,Week-41,Q4,2023,2010,1070,3625,85,0.532,Swipe ,Bills,543.75,1
779348358,Blue,200,0,105,2023-10-08,Week-41,Q4,2023,1717,0,3004,46,0,Swipe ,Food,660.88,1
779349783,Blue,125,1,99,2023-10-08,Week-41,Q4,2023,21161,1198,13119,104,0.057,Swipe ,Bills,1443.09,1
779351208,Blue,150,1,53,2023-10-08,Week-41,Q4,2023,5176,0,1902,56,0,Swipe ,Entertainment,380.4,1
779353083,Silver,100,1,77,2023-10-08,Week-41,Q4,2023,34516,1468,1330,32,0.043,Swipe ,Bills,186.2,1
779360808,Blue,425,0,94,2023-10-08,Week-41,Q4,2023,2919,2032,4937,75,0.696,Swipe ,Bills,888.66,1
779363283,Blue,125,0,108,2023-10-08,Week-41,Q4,2023,12391,784,4376,86,0.063,Chip ,Entertainment,1225.28,1
779367858,Blue,200,0,109,2023-10-08,Week-41,Q4,2023,6224,1898,3014,58,0.305,Swipe ,Entertainment,452.1,0
779380908,Blue,225,1,80,2023-10-08,Week-41,Q4,2023,24462,946,1709,37,0.039,Swipe ,Entertainment,324.71,0
779397183,Blue,175,1,108,2023-10-08,Week-41,Q4,2023,3659,0,4068,61,0,Swipe ,Food,691.56,0
779400183,Blue,200,0,46,2023-10-08,Week-41,Q4,2023,2934,2517,2484,55,0.858,Swipe ,Entertainment,521.64,0
779401233,Blue,200,0,74,2023-10-08,Week-41,Q4,2023,1438.3,0,5216,78,0,Swipe ,Entertainment,782.4,0
779403558,Blue,125,1,90,2023-10-08,Week-41,Q4,2023,1737,0,4611,73,0,Swipe ,Bills,829.98,0
779404383,Blue,270,0,84,2023-10-08,Week-41,Q4,2023,12581,1235,4427,76,0.098,Swipe ,Bills,1283.83,0
779405133,Blue,480,1,92,2023-10-08,Week-41,Q4,2023,5716,623,4387,79,0.109,Swipe ,Food,658.05,0
779412783,Blue,300,0,120,2023-10-08,Week-41,Q4,2023,2376,1969,4301,79,0.829,Chip ,Bills,516.12,0
779420583,Blue,175,1,115,2023-10-08,Week-41,Q4,2023,3001,2055,4662,70,0.685,Swipe ,Fuel,1025.64,0
779422458,Blue,125,0,108,2023-10-08,Week-41,Q4,2023,3533,1206,16339,120,0.341,Chip ,Fuel,4738.31,0
779425608,Blue,420,1,98,2023-10-08,Week-41,Q4,2023,5916,983,3752,75,0.166,Online ,Bills,300.16,0
779435883,Blue,270,1,103,2023-10-08,Week-41,Q4,2023,2273,0,7899,79,0,Swipe ,Entertainment,1026.87,0
779438208,Blue,290,1,110,2023-10-08,Week-41,Q4,2023,1938,1175,4606,75,0.606,Chip ,Fuel,1289.68,0
779442783,Blue,275,1,84,2023-10-08,Week-41,Q4,2023,2867,1365,4445,89,0.476,Swipe ,Food,711.2,0
779445108,Blue,490,1,80,2023-10-08,Week-41,Q4,2023,3290,1616,2781,54,0.491,Swipe ,Bills,250.29,0
779447358,Blue,200,0,83,2023-10-08,Week-41,Q4,2023,2884,2104,4486,93,0.73,Chip ,Grocery,538.32,0
779449308,Blue,470,0,58,2023-10-08,Week-41,Q4,2023,3206,0,3253,72,0,Swipe ,Bills,195.18,0
779450958,Blue,250,0,91,2023-10-08,Week-41,Q4,2023,2772,1782,4739,88,0.643,Swipe ,Fuel,1137.36,0
779456508,Blue,430,0,95,2023-10-08,Week-41,Q4,2023,4813,0,7477,91,0,Swipe ,Grocery,4093.56,0
779458383,Blue,250,0,116,2023-10-08,Week-41,Q4,2023,2590,2087,4248,73,0.806,Swipe ,Grocery,424.8,0
779462433,Blue,405,1,57,2023-10-08,Week-41,Q4,2023,2453,968,2218,50,0.395,Swipe ,Bills,266.16,0
779465358,Blue,405,1,63,2023-10-08,Week-41,Q4,2023,3038,1460,2243,38,0.481,Swipe ,Travel,426.17,0
779468808,Blue,175,0,120,2023-10-08,Week-41,Q4,2023,1616,0,4961,78,0,Online ,Grocery,1141.03,0
779471883,Blue,100,1,111,2023-10-08,Week-41,Q4,2023,1438.3,808,705,19,0.562,Swipe ,Travel,56.4,0
779473308,Blue,390,0,79,2023-10-08,Week-41,Q4,2023,8186,0,2411,67,0,Online ,Fuel,144.66,0
779474958,Blue,125,0,71,2023-10-08,Week-41,Q4,2023,2956,1823,2144,58,0.617,Swipe ,Fuel,171.52,0
779480658,Blue,100,1,115,2023-10-08,Week-41,Q4,2023,10247,1600,1754,44,0.156,Swipe ,Entertainment,210.48,0
779484408,Blue,380,0,73,2023-10-08,Week-41,Q4,2023,18951,1243,2874,58,0.066,Swipe ,Fuel,804.72,0
779486433,Blue,245,1,73,2023-10-08,Week-41,Q4,2023,2424,2169,4209,76,0.895,Swipe ,Food,252.54,0
779491908,Blue,330,0,95,2023-10-08,Week-41,Q4,2023,8644,1391,4272,59,0.161,Chip ,Bills,512.64,0
779498058,Blue,430,1,99,2023-10-08,Week-41,Q4,2023,3281,1272,2006,34,0.388,Swipe ,Fuel,381.14,0
779499933,Blue,480,1,70,2023-10-08,Week-41,Q4,2023,34516,1259,4300,94,0.036,Chip ,Travel,1118,0
779502333,Silver,225,1,41,2023-10-08,Week-41,Q4,2023,34516,0,1480,37,0,Swipe ,Entertainment,325.6,0
779504058,Blue,375,0,113,2023-10-08,Week-41,Q4,2023,5014,1910,1209,25,0.381,Swipe ,Grocery,181.35,0
779506158,Blue,390,0,100,2023-10-08,Week-41,Q4,2023,3214,2257,2516,42,0.702,Swipe ,Entertainment,226.44,0
779508333,Blue,140,1,144,2023-10-08,Week-41,Q4,2023,23925,1494,3677,55,0.062,Swipe ,Food,882.48,0
779509983,Blue,200,1,80,2023-10-08,Week-41,Q4,2023,34516,931,1022,21,0.027,Online ,Bills,153.3,0
779514558,Blue,495,1,118,2023-10-08,Week-41,Q4,2023,7207,1645,13730,96,0.228,Swipe ,Food,3157.9,0
779519058,Platinum,250,1,46,2023-10-08,Week-41,Q4,2023,34516,1578,1929,40,0.046,Swipe ,Bills,443.67,0
779521533,Blue,200,1,80,2023-10-08,Week-41,Q4,2023,3329,1092,1978,33,0.328,Online ,Bills,534.06,0
779523258,Blue,140,1,117,2023-10-08,Week-41,Q4,2023,3323,1062,4610,78,0.32,Swipe ,Entertainment,737.6,0
779524833,Blue,420,1,109,2023-10-08,Week-41,Q4,2023,3554,1563,3640,59,0.44,Swipe ,Grocery,1055.6,0
779528658,Blue,325,0,74,2023-10-08,Week-41,Q4,2023,3092,1115,2133,41,0.361,Swipe ,Fuel,405.27,0
779530908,Blue,435,1,50,2023-10-08,Week-41,Q4,2023,1438.3,0,1897,58,0,Chip ,Bills,417.34,0
779533983,Blue,280,1,82,2023-10-08,Week-41,Q4,2023,5295,723,4412,90,0.137,Swipe ,Food,529.44,0
779536233,Blue,200,1,140,2023-10-08,Week-41,Q4,2023,1438.3,601,4669,83,0.418,Swipe ,Food,653.66,0
779542608,Blue,175,0,111,2023-10-08,Week-41,Q4,2023,34010,1340,1739,39,0.039,Swipe ,Grocery,191.29,0
779544708,Gold,125,1,164,2023-10-08,Week-41,Q4,2023,34516,668,3931,77,0.019,Online ,Bills,982.75,0
779548008,Silver,440,1,142,2023-10-08,Week-41,Q4,2023,34516,0,7745,83,0,Swipe ,Bills,697.05,0
779551533,Blue,200,1,94,2023-10-08,Week-41,Q4,2023,1764,0,4857,92,0,Swipe ,Bills,1359.96,0
779557533,Blue,340,0,105,2023-10-08,Week-41,Q4,2023,10260,942,1566,50,0.092,Swipe ,Fuel,375.84,0
779558733,Silver,430,0,103,2023-10-08,Week-41,Q4,2023,32156,1791,1559,39,0.056,Swipe ,Entertainment,171.49,0
779562633,Blue,430,1,154,2023-10-08,Week-41,Q4,2023,5771,2248,1387,18,0.39,Swipe ,Travel,388.36,0
779571708,Blue,480,1,109,2023-10-08,Week-41,Q4,2023,4259,0,7993,71,0,Swipe ,Food,2238.04,0
779577108,Blue,300,1,71,2023-10-08,Week-41,Q4,2023,1438.3,0,4052,65,0,Swipe ,Fuel,324.16,0
779597133,Blue,335,1,118,2023-10-08,Week-41,Q4,2023,2663,1784,4317,81,0.67,Swipe ,Grocery,604.38,0
779598183,Blue,245,0,110,2023-10-08,Week-41,Q4,2023,22938,1700,3428,54,0.074,Swipe ,Fuel,891.28,0
779601783,Blue,430,1,83,2023-10-08,Week-41,Q4,2023,3476,700,4364,88,0.201,Swipe ,Food,960.08,0
779608083,Blue,285,1,101,2023-10-08,Week-41,Q4,2023,3897,1247,3681,62,0.32,Swipe ,Fuel,515.34,0
779610033,Blue,455,0,116,2023-10-08,Week-41,Q4,2023,12151,1799,918,14,0.148,Swipe ,Bills,91.8,0
779611008,Blue,125,1,99,2023-10-08,Week-41,Q4,2023,4532,0,1885,55,0,Swipe ,Travel,527.8,0
779612808,Silver,335,1,85,2023-10-08,Week-41,Q4,2023,2531,2360,1263,35,0.932,Swipe ,Fuel,75.78,0
779613933,Blue,400,1,95,2023-10-08,Week-41,Q4,2023,1736,1319,5045,86,0.76,Swipe ,Entertainment,1311.7,0
779618433,Blue,200,0,105,2023-10-08,Week-41,Q4,2023,8327,1551,4428,82,0.186,Swipe ,Bills,885.6,0
779625858,Blue,330,1,91,2023-10-08,Week-41,Q4,2023,3061,2517,5032,89,0.822,Swipe ,Grocery,1157.36,0
779635533,Blue,450,1,76,2023-10-08,Week-41,Q4,2023,2348,1028,5125,71,0.438,Online ,Entertainment,512.5,0
779638983,Blue,200,0,44,2023-10-08,Week-41,Q4,2023,2124,1573,4592,83,0.741,Swipe ,Food,918.4,0
779642733,Blue,250,1,105,2023-10-08,Week-41,Q4,2023,2812,2238,4823,77,0.796,Swipe ,Entertainment,578.76,0
779643858,Blue,245,1,73,2023-10-08,Week-41,Q4,2023,2033,1037,4100,82,0.51,Chip ,Food,615,0
779645658,Blue,300,1,128,2023-10-08,Week-41,Q4,2023,7154,1472,3607,59,0.206,Swipe ,Bills,937.82,0
779647608,Blue,435,1,94,2023-10-08,Week-41,Q4,2023,26124,0,4199,92,0,Swipe ,Fuel,965.77,0
779651058,Blue,250,0,93,2023-10-08,Week-41,Q4,2023,1931,1409,4797,65,0.73,Swipe ,Grocery,1151.28,0
779653458,Blue,475,1,73,2023-10-08,Week-41,Q4,2023,8260,2077,2323,47,0.251,Swipe ,Entertainment,394.91,0
779655183,Blue,275,0,81,2023-10-08,Week-41,Q4,2023,5033,0,4054,82,0,Chip ,Grocery,810.8,0
779656908,Blue,300,1,55,2023-10-08,Week-41,Q4,2023,6990,1378,1479,29,0.197,Swipe ,Bills,369.75,0
779658408,Blue,125,1,102,2023-10-08,Week-41,Q4,2023,3261,1730,4242,65,0.531,Swipe ,Food,339.36,0
779661033,Silver,460,0,88,2023-10-08,Week-41,Q4,2023,25620,1107,3503,66,0.043,Swipe ,Bills,280.24,0
779662308,Blue,200,1,88,2023-10-08,Week-41,Q4,2023,1438.3,710,3808,80,0.494,Swipe ,Fuel,342.72,0
779667408,Blue,300,1,78,2023-10-08,Week-41,Q4,2023,2915,1494,4235,73,0.513,Swipe ,Fuel,338.8,1
779670783,Blue,285,0,45,2023-10-15,Week-42,Q4,2023,12559,0,4700,71,0,Chip ,Food,658,1
779681433,Blue,410,1,95,2023-10-15,Week-42,Q4,2023,14899,0,1519,26,0,Swipe ,Bills,121.52,1
779683683,Blue,420,1,51,2023-10-15,Week-42,Q4,2023,4005,1985,2344,34,0.496,Swipe ,Entertainment,515.68,1
779685558,Gold,125,1,92,2023-10-15,Week-42,Q4,2023,34516,2088,15290,123,0.06,Chip ,Bills,3210.9,1
779686683,Blue,250,1,71,2023-10-15,Week-42,Q4,2023,2902,1668,2088,34,0.575,Online ,Bills,187.92,1
779689233,Blue,300,0,162,2023-10-15,Week-42,Q4,2023,2798,1291,2903,69,0.461,Swipe ,Fuel,609.63,1
779692608,Silver,125,0,71,2023-10-15,Week-42,Q4,2023,9764,0,15097,115,0,Chip ,Travel,4076.19,0
779694183,Blue,475,1,77,2023-10-15,Week-42,Q4,2023,1864,1427,3833,73,0.766,Chip ,Travel,1073.24,0
779696883,Blue,455,1,101,2023-10-15,Week-42,Q4,2023,2998,1789,1825,31,0.597,Swipe ,Bills,273.75,0
779701983,Blue,250,1,86,2023-10-15,Week-42,Q4,2023,5400,1426,4643,80,0.264,Swipe ,Bills,417.87,0
779703258,Blue,285,0,63,2023-10-15,Week-42,Q4,2023,2069,1393,4962,70,0.673,Chip ,Food,496.2,0
779707308,Blue,450,1,119,2023-10-15,Week-42,Q4,2023,7583,1619,2229,53,0.214,Swipe ,Entertainment,200.61,0
779709033,Blue,125,0,62,2023-10-15,Week-42,Q4,2023,5735,2410,3908,75,0.42,Swipe ,Travel,937.92,0
779713608,Blue,435,1,80,2023-10-15,Week-42,Q4,2023,2981,1358,1648,30,0.456,Swipe ,Bills,329.6,0
779715108,Blue,470,1,90,2023-10-15,Week-42,Q4,2023,2770,1286,2920,74,0.464,Swipe ,Entertainment,730,0
779722308,Blue,245,1,86,2023-10-15,Week-42,Q4,2023,12355,0,1044,28,0,Swipe ,Bills,187.92,0
779725833,Blue,350,0,113,2023-10-15,Week-42,Q4,2023,11761,1775,4946,73,0.151,Chip ,Fuel,1187.04,0
779727558,Blue,200,1,90,2023-10-15,Week-42,Q4,2023,2097,1250,4148,71,0.596,Chip ,Bills,331.84,0
779737233,Blue,325,1,116,2023-10-15,Week-42,Q4,2023,9589,628,3971,66,0.065,Swipe ,Bills,357.39,0
779739783,Blue,475,1,94,2023-10-15,Week-42,Q4,2023,19826,1389,3561,73,0.07,Chip ,Entertainment,605.37,0
779741883,Blue,175,1,105,2023-10-15,Week-42,Q4,2023,2493,831,4274,68,0.333,Chip ,Grocery,641.1,0
779743908,Blue,450,0,119,2023-10-15,Week-42,Q4,2023,7788,0,1196,30,0,Swipe ,Bills,263.12,0
779749908,Silver,125,1,101,2023-10-15,Week-42,Q4,2023,34516,2061,1350,32,0.06,Swipe ,Bills,94.5,0
779751258,Blue,480,1,85,2023-10-15,Week-42,Q4,2023,1946,1183,8423,82,0.608,Swipe ,Food,1094.99,0
779754408,Blue,195,1,84,2023-10-15,Week-42,Q4,2023,2477,2123,4349,69,0.857,Chip ,Food,1000.27,0
779759058,Blue,300,1,98,2023-10-15,Week-42,Q4,2023,3386,1794,1736,40,0.53,Swipe ,Bills,121.52,0
779765058,Blue,480,0,42,2023-10-15,Week-42,Q4,2023,9662,817,3817,70,0.085,Swipe ,Entertainment,801.57,0
779770683,Blue,245,0,116,2023-10-15,Week-42,Q4,2023,1439,0,5047,79,0,Swipe ,Bills,656.11,0
779773533,Blue,370,0,117,2023-10-15,Week-42,Q4,2023,7623,2517,1367,29,0.33,Swipe ,Fuel,273.4,0
779779083,Gold,290,1,79,2023-10-15,Week-42,Q4,2023,23981,0,7872,103,0,Swipe ,Fuel,1889.28,0
779783508,Blue,385,1,81,2023-10-15,Week-42,Q4,2023,13129,901,2564,56,0.069,Swipe ,Fuel,512.8,0
779791008,Blue,420,1,109,2023-10-15,Week-42,Q4,2023,5851,1660,1572,38,0.284,Swipe ,Entertainment,440.16,0
779791908,Blue,125,0,89,2023-10-15,Week-42,Q4,2023,2896,0,4970,85,0,Swipe ,Entertainment,844.9,0
779803008,Gold,275,1,78,2023-10-15,Week-42,Q4,2023,27670,0,13854,124,0,Swipe ,Grocery,3602.04,0
779804208,Blue,100,1,88,2023-10-15,Week-42,Q4,2023,5332,0,1371,39,0,Swipe ,Bills,109.68,0
779805408,Silver,335,1,86,2023-10-15,Week-42,Q4,2023,14630,0,8217,99,0,Swipe ,Bills,1889.91,0
779808333,Gold,380,1,141,2023-10-15,Week-42,Q4,2023,8881,1901,15530,110,0.214,Swipe ,Food,3416.6,0
779809908,Blue,100,1,81,2023-10-15,Week-42,Q4,2023,3084,0,12739,96,0,Swipe ,Food,3439.53,0
779811183,Blue,245,1,41,2023-10-15,Week-42,Q4,2023,2149,1118,1581,30,0.52,Swipe ,Grocery,126.48,0
779833908,Blue,245,0,101,2023-10-15,Week-42,Q4,2023,18332,1376,4095,67,0.075,Swipe ,Fuel,1064.7,0
779837808,Blue,480,0,116,2023-10-15,Week-42,Q4,2023,5182,2500,5012,85,0.482,Swipe ,Fuel,501.2,0
779839758,Blue,150,1,80,2023-10-15,Week-42,Q4,2023,1491,0,4634,92,0,Swipe ,Grocery,278.04,0
779841483,Blue,390,1,120,2023-10-15,Week-42,Q4,2023,12972,1424,2238,36,0.11,Chip ,Entertainment,290.94,0
779844408,Blue,245,0,88,2023-10-15,Week-42,Q4,2023,1438.3,0,2137,40,0,Online ,Food,363.29,0
779848383,Blue,125,1,90,2023-10-15,Week-42,Q4,2023,1784,577,2348,47,0.323,Swipe ,Food,680.92,0
779852133,Silver,250,1,66,2023-10-15,Week-42,Q4,2023,34516,2098,3093,66,0.061,Swipe ,Bills,309.3,0
779856483,Blue,365,1,107,2023-10-15,Week-42,Q4,2023,15410,0,3368,69,0,Swipe ,Bills,740.96,0
779858058,Blue,365,0,119,2023-10-15,Week-42,Q4,2023,2730,0,4530,72,0,Swipe ,Entertainment,317.1,0
779859558,Blue,95,1,70,2023-10-15,Week-42,Q4,2023,2452,1012,2398,29,0.413,Swipe ,Fuel,335.72,0
779862408,Blue,415,0,107,2023-10-15,Week-42,Q4,2023,6278,462,1087,33,0.074,Swipe ,Travel,217.4,0
779863533,Blue,125,0,107,2023-10-15,Week-42,Q4,2023,5120,0,1680,32,0,Swipe ,Bills,470.4,0
779866458,Blue,460,0,116,2023-10-15,Week-42,Q4,2023,2038,793,3513,67,0.389,Swipe ,Grocery,632.34,0
779870883,Blue,225,0,97,2023-10-15,Week-42,Q4,2023,4595,1781,3746,68,0.388,Swipe ,Entertainment,337.14,0
779873508,Blue,480,0,93,2023-10-15,Week-42,Q4,2023,3132,1815,3607,60,0.58,Swipe ,Grocery,901.75,0
779877858,Blue,390,0,61,2023-10-15,Week-42,Q4,2023,2081,1342,4428,80,0.645,Online ,Bills,398.52,0
779882508,Blue,280,1,71,2023-10-15,Week-42,Q4,2023,7282,0,3364,69,0,Swipe ,Bills,538.24,0
779883933,Blue,500,1,60,2023-10-15,Week-42,Q4,2023,8014,1402,1596,34,0.175,Swipe ,Bills,175.56,0
779885358,Silver,200,0,88,2023-10-15,Week-42,Q4,2023,34516,2332,4587,82,0.068,Swipe ,Bills,550.44,0
779888658,Blue,360,0,61,2023-10-15,Week-42,Q4,2023,17450,2193,1426,38,0.126,Swipe ,Bills,228.16,0
779890833,Blue,200,0,103,2023-10-15,Week-42,Q4,2023,1438.3,0,4866,65,0,Swipe ,Fuel,1167.84,0
779895108,Blue,300,1,94,2023-10-15,Week-42,Q4,2023,2718,2156,1711,36,0.793,Swipe ,Bills,256.65,0
779900808,Blue,245,1,103,2023-10-15,Week-42,Q4,2023,21551,0,14950,94,0,Chip ,Bills,3139.5,0
779905008,Blue,110,1,120,2023-10-15,Week-42,Q4,2023,1779,0,2660,41,0,Swipe ,Travel,266,0
779906658,Blue,330,1,50,2023-10-15,Week-42,Q4,2023,18806,1192,3142,62,0.063,Chip ,Bills,251.36,0
779912283,Blue,440,0,119,2023-10-15,Week-42,Q4,2023,9995,1713,1172,38,0.171,Swipe ,Bills,293,0
779914383,Silver,375,0,150,2023-10-15,Week-42,Q4,2023,10488,1636,14719,116,0.156,Chip ,Food,2502.23,0
779916408,Blue,175,1,106,2023-10-15,Week-42,Q4,2023,1811,0,4934,70,0,Swipe ,Bills,789.44,0
779920533,Blue,430,0,68,2023-10-15,Week-42,Q4,2023,3784,2517,15199,96,0.665,Chip ,Food,1671.89,0
779922183,Blue,175,0,119,2023-10-15,Week-42,Q4,2023,2253,1981,4758,81,0.879,Online ,Food,808.86,0
779925033,Blue,125,0,98,2023-10-15,Week-42,Q4,2023,2997,1969,2807,60,0.657,Swipe ,Fuel,421.05,0
779926608,Blue,95,0,82,2023-10-15,Week-42,Q4,2023,1438.3,0,4697,82,0,Chip ,Bills,939.4,0
779931783,Blue,495,0,83,2023-10-15,Week-42,Q4,2023,34516,0,2213,47,0,Swipe ,Bills,464.73,0
779942808,Blue,200,1,80,2023-10-15,Week-42,Q4,2023,1438.3,0,4482,74,0,Swipe ,Food,358.56,0
779945508,Blue,125,1,81,2023-10-15,Week-42,Q4,2023,3510,1881,3808,81,0.536,Chip ,Grocery,723.52,0
779947908,Blue,355,0,74,2023-10-15,Week-42,Q4,2023,3296,1435,4327,66,0.435,Swipe ,Food,1081.75,0
779951058,Blue,360,0,85,2023-10-15,Week-42,Q4,2023,5122,1642,1908,39,0.321,Swipe ,Entertainment,419.76,0
779954658,Blue,300,0,127,2023-10-15,Week-42,Q4,2023,34516,0,4714,82,0,Chip ,Bills,1319.92,0
779956608,Blue,200,1,68,2023-10-15,Week-42,Q4,2023,20758,0,1555,32,0,Swipe ,Travel,357.65,0
779961408,Blue,430,0,97,2023-10-15,Week-42,Q4,2023,3382,1446,4854,74,0.428,Swipe ,Entertainment,533.94,0
779974758,Blue,325,0,43,2023-10-15,Week-42,Q4,2023,8706,868,3203,54,0.1,Swipe ,Entertainment,384.36,0
779978283,Blue,200,0,155,2023-10-15,Week-42,Q4,2023,5056,0,4428,78,0,Online ,Bills,752.76,0
779980758,Blue,245,0,117,2023-10-15,Week-42,Q4,2023,2467,1176,4744,73,0.477,Swipe ,Food,1233.44,0
779993208,Blue,150,0,99,2023-10-15,Week-42,Q4,2023,7049,0,1475,27,0,Swipe ,Entertainment,88.5,0
779995833,Blue,270,0,64,2023-10-15,Week-42,Q4,2023,10177,1748,3557,64,0.172,Swipe ,Fuel,426.84,0
779998083,Blue,425,1,118,2023-10-15,Week-42,Q4,2023,6392,1429,4069,66,0.224,Swipe ,Entertainment,406.9,0
780000258,Blue,395,1,115,2023-10-15,Week-42,Q4,2023,20912,0,4172,84,0,Swipe ,Entertainment,333.76,0
780006783,Silver,415,1,113,2023-10-15,Week-42,Q4,2023,15809,0,3109,48,0,Chip ,Grocery,248.72,0
780008358,Blue,365,0,82,2023-10-15,Week-42,Q4,2023,13172,0,2598,47,0,Online ,Bills,207.84,0
780019908,Blue,430,1,95,2023-10-15,Week-42,Q4,2023,2172,644,4657,82,0.297,Chip ,Fuel,1071.11,0
780025908,Silver,125,1,108,2023-10-15,Week-42,Q4,2023,10836,1932,1293,31,0.178,Swipe ,Bills,284.46,0
780032208,Blue,175,1,57,2023-10-15,Week-42,Q4,2023,14201,0,2223,47,0,Online ,Travel,222.3,0
780034083,Blue,330,1,109,2023-10-15,Week-42,Q4,2023,2151,0,4604,86,0,Chip ,Food,1197.04,0
780036483,Blue,245,1,103,2023-10-15,Week-42,Q4,2023,1690,1459,3928,69,0.863,Chip ,Bills,1139.12,0
780038058,Blue,300,1,102,2023-10-15,Week-42,Q4,2023,1556,0,2283,46,0,Swipe ,Grocery,251.13,0
780040758,Blue,500,1,117,2023-10-15,Week-42,Q4,2023,2606,1818,1999,50,0.698,Swipe ,Grocery,579.71,0
780042633,Silver,370,0,94,2023-10-15,Week-42,Q4,2023,31718,0,7432,64,0,Chip ,Grocery,2080.96,0
780045708,Silver,420,0,68,2023-10-15,Week-42,Q4,2023,15104,1204,4259,79,0.08,Swipe ,Entertainment,851.8,0
780052008,Blue,245,1,69,2023-10-15,Week-42,Q4,2023,29898,1414,3883,68,0.047,Swipe ,Entertainment,931.92,0
780054258,Blue,125,1,59,2023-10-15,Week-42,Q4,2023,7860,541,1367,35,0.069,Swipe ,Fuel,246.06,0
780055308,Blue,190,1,115,2023-10-15,Week-42,Q4,2023,1438.3,0,4482,54,0,Swipe ,Bills,941.22,0
780056733,Blue,150,1,77,2023-10-15,Week-42,Q4,2023,8436,2517,2627,63,0.298,Swipe ,Fuel,551.67,0
780064983,Gold,345,0,77,2023-10-15,Week-42,Q4,2023,34516,942,7665,86,0.027,Swipe ,Bills,536.55,0
780067158,Blue,425,1,104,2023-10-15,Week-42,Q4,2023,1746,1107,1907,47,0.634,Chip ,Food,209.77,0
780068283,Blue,125,1,94,2023-10-15,Week-42,Q4,2023,1891,922,3822,69,0.488,Chip ,Fuel,1031.94,0
780070833,Blue,150,1,62,2023-10-15,Week-42,Q4,2023,3034,2517,1617,29,0.83,Swipe ,Bills,323.4,0
780073158,Blue,455,1,93,2023-10-15,Week-42,Q4,2023,3790,1149,4455,85,0.303,Swipe ,Bills,445.5,0
780074733,Blue,290,0,172,2023-10-15,Week-42,Q4,2023,1840,1565,4518,72,0.851,Swipe ,Fuel,361.44,0
780076833,Blue,300,1,165,2023-10-15,Week-42,Q4,2023,8315,1008,4088,66,0.121,Swipe ,Bills,490.56,0
780078333,Blue,190,0,147,2023-10-15,Week-42,Q4,2023,5887,659,1193,26,0.112,Swipe ,Fuel,83.51,0
780079833,Gold,450,0,83,2023-10-15,Week-42,Q4,2023,5479,1183,14728,126,0.216,Chip ,Travel,883.68,0
780086658,Blue,250,1,105,2023-10-15,Week-42,Q4,2023,18229,0,2060,39,0,Chip ,Bills,309,0
780089658,Blue,355,0,80,2023-10-15,Week-42,Q4,2023,7381,1608,5638,86,0.218,Swipe ,Fuel,1353.12,0
780094008,Blue,150,1,89,2023-10-15,Week-42,Q4,2023,12875,1119,1624,40,0.087,Swipe ,Bills,324.8,0
780095808,Blue,415,0,97,2023-10-15,Week-42,Q4,2023,2588,1669,1053,31,0.645,Swipe ,Fuel,147.42,0
780097533,Blue,335,0,81,2023-10-15,Week-42,Q4,2023,10292,0,15148,111,0,Chip ,Bills,2272.2,0
780100533,Blue,125,0,89,2023-10-15,Week-42,Q4,2023,26303,2376,3586,67,0.09,Chip ,Entertainment,1004.08,0
780105483,Blue,290,1,91,2023-10-15,Week-42,Q4,2023,1697,377,2799,49,0.222,Swipe ,Bills,307.89,0
780106908,Blue,150,1,113,2023-10-15,Week-42,Q4,2023,8154,996,1379,26,0.122,Swipe ,Bills,82.74,0
780108408,Blue,125,0,93,2023-10-15,Week-42,Q4,2023,34516,1369,7745,82,0.04,Online ,Bills,1781.35,0
780114558,Blue,300,0,118,2023-10-15,Week-42,Q4,2023,3968,2264,12535,118,0.571,Swipe ,Fuel,1128.15,0
780118158,Gold,450,1,68,2023-10-15,Week-42,Q4,2023,3585,2420,15656,124,0.675,Chip ,Travel,3444.32,0
780126033,Blue,365,0,92,2023-10-15,Week-42,Q4,2023,12914,1227,2082,54,0.095,Online ,Fuel,478.86,0
780143283,Blue,245,1,83,2023-10-15,Week-42,Q4,2023,2701,2498,2678,37,0.925,Online ,Entertainment,401.7,0
780146658,Blue,200,1,88,2023-10-15,Week-42,Q4,2023,3795,2517,1633,32,0.663,Chip ,Entertainment,212.29,0
780168333,Blue,450,0,57,2023-10-15,Week-42,Q4,2023,26548,1829,3450,83,0.069,Chip ,Grocery,483,0
780180033,Blue,480,1,102,2023-10-15,Week-42,Q4,2023,1438.3,0,4397,86,0,Swipe ,Fuel,263.82,0
780197133,Blue,250,1,84,2023-10-15,Week-42,Q4,2023,13919,1266,3699,67,0.091,Swipe ,Bills,554.85,0
780198258,Blue,345,1,78,2023-10-15,Week-42,Q4,2023,7793,1705,1099,39,0.219,Online ,Fuel,252.77,0
780199233,Blue,300,0,86,2023-10-15,Week-42,Q4,2023,14914,1102,4478,87,0.074,Chip ,Entertainment,806.04,0
780200208,Blue,450,0,117,2023-10-15,Week-42,Q4,2023,11135,1563,8777,112,0.14,Swipe ,Bills,789.93,0
780201633,Blue,250,1,92,2023-10-15,Week-42,Q4,2023,5655,1154,2189,51,0.204,Chip ,Entertainment,240.79,0
780202908,Blue,470,1,76,2023-10-15,Week-42,Q4,2023,6853,1480,2833,70,0.216,Swipe ,Bills,424.95,0
780203883,Blue,390,0,91,2023-10-15,Week-42,Q4,2023,5738,0,4375,73,0,Chip ,Fuel,743.75,0
780206958,Blue,340,1,45,2023-10-15,Week-42,Q4,2023,5937,2120,4228,70,0.357,Chip ,Food,1141.56,0
780219483,Blue,150,1,72,2023-10-15,Week-42,Q4,2023,2250,1041,1339,28,0.463,Swipe ,Bills,227.63,0
780222408,Blue,245,1,110,2023-10-15,Week-42,Q4,2023,3272,2085,4444,83,0.637,Swipe ,Fuel,622.16,0
780230208,Blue,360,0,107,2023-10-15,Week-42,Q4,2023,2672,1604,4766,75,0.6,Swipe ,Fuel,1334.48,0
780237033,Blue,490,1,94,2023-10-15,Week-42,Q4,2023,3141,1819,1539,35,0.579,Swipe ,Food,323.19,0
780241758,Blue,245,0,95,2023-10-15,Week-42,Q4,2023,3943,2517,3527,59,0.638,Swipe ,Food,387.97,0
780251658,Blue,125,0,74,2023-10-15,Week-42,Q4,2023,4583,1586,2395,57,0.346,Swipe ,Grocery,263.45,0
780253533,Blue,350,0,94,2023-10-15,Week-42,Q4,2023,3558,2318,1631,31,0.651,Swipe ,Bills,440.37,0
780265458,Blue,300,1,116,2023-10-15,Week-42,Q4,2023,3495,1427,4466,85,0.408,Swipe ,Bills,357.28,0
780272208,Blue,270,1,81,2023-10-15,Week-42,Q4,2023,2006,1197,4139,69,0.597,Swipe ,Bills,993.36,0
780276258,Blue,355,1,66,2023-10-15,Week-42,Q4,2023,13091,985,1452,37,0.075,Swipe ,Entertainment,348.48,1
780277458,Blue,280,0,144,2023-10-15,Week-42,Q4,2023,2904,2517,4503,89,0.867,Swipe ,Food,810.54,1
780289308,Blue,485,0,72,2023-10-15,Week-42,Q4,2023,4130,0,2418,57,0,Chip ,Entertainment,265.98,1
780292683,Blue,250,0,164,2023-10-15,Week-42,Q4,2023,24542,2354,984,24,0.096,Chip ,Fuel,177.12,1
780307233,Blue,350,1,134,2023-10-15,Week-42,Q4,2023,1924,1471,3521,58,0.765,Chip ,Grocery,633.78,1
780322908,Blue,195,1,62,2023-10-15,Week-42,Q4,2023,3281,911,4431,67,0.278,Swipe ,Food,1019.13,1
780326883,Blue,435,0,66,2023-10-15,Week-42,Q4,2023,11262,1435,2165,61,0.127,Swipe ,Entertainment,303.1,1
780336258,Blue,280,0,58,2023-10-15,Week-42,Q4,2023,2517,1257,4528,75,0.499,Chip ,Food,815.04,1
780338733,Blue,425,1,80,2023-10-15,Week-42,Q4,2023,1438.3,491,5102,83,0.341,Swipe ,Entertainment,510.2,1
780349833,Gold,200,0,133,2023-10-15,Week-42,Q4,2023,23981,0,15236,120,0,Swipe ,Food,1523.6,1
780360558,Blue,385,0,98,2023-10-15,Week-42,Q4,2023,1507,0,4698,87,0,Swipe ,Food,422.82,0
780371433,Blue,245,0,107,2023-10-15,Week-42,Q4,2023,3339,2014,4725,83,0.603,Online ,Fuel,850.5,0
780372408,Blue,395,0,96,2023-10-15,Week-42,Q4,2023,4976,866,4317,69,0.174,Chip ,Grocery,561.21,0
780373233,Blue,100,1,100,2023-10-15,Week-42,Q4,2023,2863,1940,4985,90,0.678,Chip ,Bills,697.9,0
780374133,Blue,495,0,134,2023-10-15,Week-42,Q4,2023,7010,2103,2413,48,0.3,Swipe ,Entertainment,651.51,0
780376683,Blue,350,1,88,2023-10-15,Week-42,Q4,2023,14612,1976,1827,24,0.135,Swipe ,Bills,109.62,0
780378633,Blue,465,0,71,2023-10-15,Week-42,Q4,2023,9382,1455,3412,71,0.155,Chip ,Entertainment,443.56,0
780382008,Silver,275,1,53,2023-10-15,Week-42,Q4,2023,13719,1384,3774,63,0.101,Swipe ,Entertainment,717.06,0
780383358,Blue,250,0,116,2023-10-15,Week-42,Q4,2023,5649,748,4683,72,0.132,Chip ,Fuel,1123.92,0
780384483,Blue,335,0,107,2023-10-15,Week-42,Q4,2023,2886,925,5481,58,0.321,Swipe ,Food,438.48,0
780390108,Blue,460,0,90,2023-10-15,Week-42,Q4,2023,3256,1013,5079,81,0.311,Swipe ,Grocery,965.01,0
780416433,Blue,195,0,145,2023-10-15,Week-42,Q4,2023,8740,734,2169,38,0.084,Swipe ,Fuel,629.01,0
780450708,Silver,335,0,78,2023-10-15,Week-42,Q4,2023,34516,0,4864,48,0,Swipe ,Food,1361.92,0
780462183,Blue,290,0,70,2023-10-15,Week-42,Q4,2023,3454,2065,4026,67,0.598,Swipe ,Fuel,362.34,0
780466533,Blue,340,0,64,2023-10-15,Week-42,Q4,2023,21592,1676,1873,52,0.078,Swipe ,Bills,187.3,0
780481308,Blue,460,1,96,2023-10-15,Week-42,Q4,2023,10584,1550,1567,33,0.146,Swipe ,Bills,125.36,0
780496833,Blue,390,1,68,2023-10-15,Week-42,Q4,2023,2846,0,2122,44,0,Swipe ,Grocery,572.94,0
780497958,Blue,250,0,100,2023-10-15,Week-42,Q4,2023,16627,2118,7996,99,0.127,Online ,Food,1199.4,0
780511683,Blue,420,0,84,2023-10-15,Week-42,Q4,2023,4413,232,7869,76,0.053,Online ,Entertainment,786.9,0
780529908,Blue,415,0,144,2023-10-15,Week-42,Q4,2023,2023,1331,5098,79,0.658,Swipe ,Bills,3274.5,0
780545133,Blue,250,0,66,2023-10-15,Week-42,Q4,2023,4557,985,7333,91,0.216,Swipe ,Bills,1833.25,0
780551733,Silver,350,1,74,2023-10-15,Week-42,Q4,2023,11605,1470,12592,117,0.127,Swipe ,Bills,1007.36,0
780557658,Blue,140,1,101,2023-10-15,Week-42,Q4,2023,11827,0,1395,37,0,Swipe ,Bills,320.85,0
780567408,Blue,420,0,74,2023-10-15,Week-42,Q4,2023,3027,1671,3912,77,0.552,Swipe ,Grocery,821.52,0
780581508,Silver,480,1,143,2023-10-15,Week-42,Q4,2023,16677,1590,1410,37,0.095,Swipe ,Entertainment,338.4,0
780584658,Blue,475,1,82,2023-10-15,Week-42,Q4,2023,1843,1293,2077,61,0.702,Chip ,Grocery,519.25,0
780588258,Blue,220,0,107,2023-10-15,Week-42,Q4,2023,4021,1745,14567,120,0.434,Swipe ,Bills,1311.03,0
780598383,Blue,175,0,74,2023-10-15,Week-42,Q4,2023,2148,1545,2167,65,0.719,Swipe ,Fuel,390.06,0
780602733,Blue,275,0,89,2023-10-15,Week-42,Q4,2023,8302,1294,3221,66,0.156,Chip ,Travel,289.89,0
780604083,Silver,200,0,107,2023-10-15,Week-42,Q4,2023,18349,1209,16422,110,0.066,Swipe ,Grocery,3777.06,0
780605508,Blue,125,0,68,2023-10-15,Week-42,Q4,2023,2885,1433,1170,23,0.497,Swipe ,Entertainment,280.8,0
780612558,Blue,150,0,77,2023-10-15,Week-42,Q4,2023,1996,1850,3421,55,0.927,Swipe ,Grocery,307.89,0
780613758,Platinum,125,0,95,2023-10-15,Week-42,Q4,2023,4165,0,17093,111,0,Chip ,Travel,2905.81,0
780620883,Blue,125,1,73,2023-10-15,Week-42,Q4,2023,7045,1293,7381,98,0.184,Swipe ,Bills,3845.25,0
780633483,Blue,390,1,151,2023-10-15,Week-42,Q4,2023,2194,1302,4962,81,0.593,Swipe ,Fuel,694.68,0
780638958,Blue,250,1,56,2023-10-15,Week-42,Q4,2023,2468,1850,4483,77,0.75,Chip ,Bills,1120.75,0
780653208,Blue,460,0,79,2023-10-15,Week-42,Q4,2023,3300,2517,3784,55,0.763,Swipe ,Food,1059.52,0
780657708,Blue,370,1,77,2023-10-15,Week-42,Q4,2023,6593,0,3520,69,0,Chip ,Entertainment,246.4,0
780660183,Blue,385,1,83,2023-10-15,Week-42,Q4,2023,8203,0,2613,46,0,Swipe ,Fuel,391.95,0
780662133,Blue,125,1,79,2023-10-15,Week-42,Q4,2023,3257,2517,1534,35,0.773,Swipe ,Travel,92.04,0
780664758,Blue,150,0,82,2023-10-15,Week-42,Q4,2023,4439,1513,4532,95,0.341,Swipe ,Entertainment,997.04,0
780670083,Blue,175,1,157,2023-10-15,Week-42,Q4,2023,4363,0,2596,48,0,Swipe ,Fuel,597.08,0
780684933,Blue,405,1,105,2023-10-22,Week-43,Q4,2023,3051,1783,4887,69,0.584,Swipe ,Bills,733.05,0
780686358,Blue,455,1,172,2023-10-22,Week-43,Q4,2023,2888,1676,3798,58,0.58,Swipe ,Entertainment,759.6,0
780688383,Blue,490,1,119,2023-10-22,Week-43,Q4,2023,21114,0,3534,56,0,Chip ,Food,918.84,0
780689733,Blue,150,1,76,2023-10-22,Week-43,Q4,2023,11332,633,2758,56,0.056,Swipe ,Fuel,358.54,0
780704358,Silver,110,1,80,2023-10-22,Week-43,Q4,2023,27710,0,4014,73,0,Swipe ,Bills,1083.78,0
780707733,Blue,285,0,139,2023-10-22,Week-43,Q4,2023,34516,2109,6832,87,0.061,Swipe ,Entertainment,1434.72,0
780710433,Blue,100,0,54,2023-10-22,Week-43,Q4,2023,1575,0,4241,77,0,Chip ,Bills,551.33,0
780713058,Blue,380,0,68,2023-10-22,Week-43,Q4,2023,14701,1635,3490,69,0.111,Swipe ,Entertainment,558.4,0
780715683,Blue,345,1,74,2023-10-22,Week-43,Q4,2023,13602,0,3582,69,0,Swipe ,Grocery,716.4,0
780717483,Blue,445,1,44,2023-10-22,Week-43,Q4,2023,7540,773,4755,58,0.103,Online ,Food,285.3,0
780720258,Blue,485,1,108,2023-10-22,Week-43,Q4,2023,3489,2517,2684,39,0.721,Swipe ,Fuel,536.8,0
780727833,Blue,410,1,114,2023-10-22,Week-43,Q4,2023,3229,2517,4526,95,0.779,Swipe ,Bills,271.56,0
780730008,Blue,175,0,78,2023-10-22,Week-43,Q4,2023,3477,752,13627,120,0.216,Swipe ,Food,1907.78,0
780747033,Blue,295,1,41,2023-10-22,Week-43,Q4,2023,3146,808,4149,66,0.257,Swipe ,Bills,912.78,0
780769308,Blue,270,1,115,2023-10-22,Week-43,Q4,2023,3919,2278,7685,85,0.581,Swipe ,Bills,1690.7,0
780790008,Blue,250,0,116,2023-10-22,Week-43,Q4,2023,1457,563,3967,69,0.386,Chip ,Travel,317.36,0
780814158,Blue,385,1,86,2023-10-22,Week-43,Q4,2023,2781,992,4577,81,0.357,Swipe ,Grocery,549.24,0
780833058,Blue,200,0,136,2023-10-22,Week-43,Q4,2023,2619,2271,3835,60,0.867,Swipe ,Bills,306.8,0
780865308,Blue,150,0,41,2023-10-22,Week-43,Q4,2023,9760,1657,4542,86,0.17,Swipe ,Bills,363.36,0
780881358,Silver,485,1,78,2023-10-22,Week-43,Q4,2023,16659,0,2551,74,0,Swipe ,Fuel,204.08,0
780897858,Blue,190,0,141,2023-10-22,Week-43,Q4,2023,2420,676,3770,76,0.279,Swipe ,Food,226.2,0
780913308,Blue,100,0,81,2023-10-22,Week-43,Q4,2023,13771,2517,1510,42,0.183,Swipe ,Bills,90.6,0
780942633,Blue,390,0,112,2023-10-22,Week-43,Q4,2023,3519,1336,3552,68,0.38,Swipe ,Entertainment,923.52,0
780971583,Blue,100,0,118,2023-10-22,Week-43,Q4,2023,2016,797,3772,62,0.395,Swipe ,Fuel,565.8,0
780984408,Blue,385,1,118,2023-10-22,Week-43,Q4,2023,7487,1953,4070,63,0.261,Chip ,Bills,1017.5,0
780998133,Blue,325,1,73,2023-10-22,Week-43,Q4,2023,10540,1489,1980,45,0.141,Swipe ,Entertainment,118.8,0
781013958,Blue,190,1,66,2023-10-22,Week-43,Q4,2023,3585,1244,1344,37,0.347,Swipe ,Bills,268.8,0
781073733,Blue,95,0,114,2023-10-22,Week-43,Q4,2023,4607,0,4793,88,0,Swipe ,Fuel,1389.97,0
781089708,Blue,495,1,76,2023-10-22,Week-43,Q4,2023,26783,1285,2495,46,0.048,Swipe ,Fuel,499,0
781110408,Blue,140,1,73,2023-10-22,Week-43,Q4,2023,3279,0,5048,75,0,Chip ,Bills,1362.96,0
781117533,Blue,140,0,118,2023-10-22,Week-43,Q4,2023,20968,0,2823,61,0,Swipe ,Bills,818.67,0
781131483,Blue,490,1,110,2023-10-22,Week-43,Q4,2023,5741,1894,2170,51,0.33,Swipe ,Bills,629.3,0
781137783,Blue,125,1,98,2023-10-22,Week-43,Q4,2023,2420,191,2478,43,0.079,Swipe ,Food,346.92,0
781143933,Blue,400,0,134,2023-10-22,Week-43,Q4,2023,2313,1325,5006,76,0.573,Swipe ,Food,650.78,0
781171908,Blue,150,0,81,2023-10-22,Week-43,Q4,2023,3751,1869,9497,106,0.498,Swipe ,Bills,854.73,0
781183233,Blue,245,0,101,2023-10-22,Week-43,Q4,2023,2085,1528,3805,79,0.733,Swipe ,Food,646.85,0
781297983,Blue,300,1,106,2023-10-22,Week-43,Q4,2023,20410,1196,3525,78,0.059,Chip ,Grocery,705,0
781306758,Blue,350,0,91,2023-10-22,Week-43,Q4,2023,3091,2517,1844,49,0.814,Swipe ,Grocery,202.84,0
781320783,Blue,445,1,133,2023-10-22,Week-43,Q4,2023,4586,0,2529,43,0,Chip ,Entertainment,328.77,0
781326483,Blue,250,0,87,2023-10-22,Week-43,Q4,2023,8673,0,2457,58,0,Swipe ,Bills,221.13,0
781337658,Blue,220,0,170,2023-10-22,Week-43,Q4,2023,2602,1612,5532,85,0.62,Swipe ,Entertainment,497.88,0
781391058,Blue,150,0,118,2023-10-22,Week-43,Q4,2023,1443,1375,1991,38,0.953,Swipe ,Bills,219.01,0
781675983,Blue,190,1,81,2023-10-22,Week-43,Q4,2023,3054,2517,4706,84,0.824,Swipe ,Fuel,1129.44,0
781794708,Blue,280,1,88,2023-10-22,Week-43,Q4,2023,17030,1911,715,25,0.112,Swipe ,Grocery,143,0
781923483,Blue,345,0,85,2023-10-22,Week-43,Q4,2023,2459,1733,2309,62,0.705,Swipe ,Entertainment,554.16,0
781926633,Blue,425,0,119,2023-10-22,Week-43,Q4,2023,3202,2517,4675,88,0.786,Swipe ,Food,420.75,0
781930233,Blue,175,1,70,2023-10-22,Week-43,Q4,2023,2946,2338,4717,70,0.794,Swipe ,Bills,801.89,0
781933983,Blue,275,1,104,2023-10-22,Week-43,Q4,2023,14535,0,2970,76,0,Swipe ,Bills,534.6,0
781942983,Blue,320,0,115,2023-10-22,Week-43,Q4,2023,17827,0,5010,88,0,Swipe ,Bills,901.8,0
782437008,Blue,200,0,97,2023-10-22,Week-43,Q4,2023,2255,1769,4717,83,0.784,Chip ,Bills,1037.74,0
782548758,Blue,400,0,99,2023-10-22,Week-43,Q4,2023,2069,1288,5668,82,0.623,Chip ,Bills,1473.68,0
782555058,Blue,245,0,73,2023-10-22,Week-43,Q4,2023,1438.3,856,4432,92,0.595,Swipe ,Travel,620.48,0
782802033,Blue,140,0,119,2023-10-22,Week-43,Q4,2023,3411,1472,2108,55,0.432,Chip ,Bills,505.92,0
783020958,Blue,250,1,112,2023-10-22,Week-43,Q4,2023,18582,794,1836,46,0.043,Swipe ,Bills,330.48,0
783070833,Blue,490,1,83,2023-10-22,Week-43,Q4,2023,2472,1899,4408,86,0.768,Chip ,Bills,705.28,0
783121008,Silver,410,0,120,2023-10-22,Week-43,Q4,2023,12094,1870,8285,106,0.155,Swipe ,Bills,1905.55,0
783361533,Silver,475,0,114,2023-10-22,Week-43,Q4,2023,33889,1203,14954,112,0.035,Swipe ,Fuel,4336.66,0
783364233,Blue,410,1,85,2023-10-22,Week-43,Q4,2023,4241,0,1798,45,0,Swipe ,Entertainment,269.7,0
783366483,Blue,225,1,135,2023-10-22,Week-43,Q4,2023,11474,1063,3242,74,0.093,Swipe ,Grocery,583.56,0
783381933,Blue,250,0,114,2023-10-22,Week-43,Q4,2023,3482,1942,3512,63,0.558,Swipe ,Fuel,842.88,0
783387783,Blue,430,1,111,2023-10-22,Week-43,Q4,2023,10127,1873,1647,53,0.185,Swipe ,Bills,148.23,0
783393633,Blue,475,1,75,2023-10-22,Week-43,Q4,2023,1530,0,4256,78,0,Swipe ,Food,978.88,0
783500283,Blue,225,0,113,2023-10-22,Week-43,Q4,2023,29100,1228,5041,74,0.042,Chip ,Bills,1461.89,0
783542133,Blue,380,0,131,2023-10-22,Week-43,Q4,2023,2759,2223,2093,42,0.806,Swipe ,Travel,272.09,0
783554958,Blue,270,0,43,2023-10-22,Week-43,Q4,2023,32090,0,1368,30,0,Swipe ,Bills,259.92,0
783561558,Blue,360,1,84,2023-10-22,Week-43,Q4,2023,16952,0,1918,61,0,Swipe ,Bills,306.88,0
783573408,Blue,125,0,107,2023-10-22,Week-43,Q4,2023,2575,2136,5267,83,0.83,Swipe ,Bills,421.36,0
783625008,Blue,150,0,116,2023-10-22,Week-43,Q4,2023,22294,0,3444,71,0,Chip ,Entertainment,551.04,0
783910008,Blue,300,1,95,2023-10-22,Week-43,Q4,2023,2684,1381,2002,60,0.515,Swipe ,Bills,120.12,0
784263558,Silver,125,0,108,2023-10-22,Week-43,Q4,2023,27781,0,3184,61,0,Swipe ,Entertainment,636.8,0
784560258,Blue,270,1,66,2023-10-22,Week-43,Q4,2023,21721,1247,3937,63,0.057,Swipe ,Entertainment,1141.73,0
784719708,Blue,175,0,91,2023-10-22,Week-43,Q4,2023,1438.3,0,1707,41,0,Swipe ,Bills,290.19,0
784725333,Blue,330,1,156,2023-10-22,Week-43,Q4,2023,4470,680,931,18,0.152,Swipe ,Bills,251.37,0
784734258,Blue,150,0,74,2023-10-22,Week-43,Q4,2023,5084,1683,4060,55,0.331,Swipe ,Grocery,568.4,0
784789758,Blue,150,0,126,2023-10-22,Week-43,Q4,2023,3269,1601,3966,74,0.49,Swipe ,Grocery,1031.16,0
784795083,Blue,125,1,118,2023-10-22,Week-43,Q4,2023,1984,0,4794,73,0,Swipe ,Grocery,1006.74,0
784798683,Blue,465,1,53,2023-10-22,Week-43,Q4,2023,1438.3,0,1999,39,0,Swipe ,Entertainment,419.79,0
784819758,Blue,385,1,100,2023-10-22,Week-43,Q4,2023,8572,2128,7850,94,0.248,Swipe ,Fuel,863.5,0
784827108,Blue,175,1,106,2023-10-22,Week-43,Q4,2023,2292,1839,4043,72,0.802,Swipe ,Grocery,485.16,0
784868958,Platinum,350,1,160,2023-10-22,Week-43,Q4,2023,17542,2517,13939,138,0.143,Chip ,Grocery,2648.41,0
784880958,Blue,225,0,79,2023-10-22,Week-43,Q4,2023,4022,1680,3776,84,0.418,Swipe ,Bills,641.92,0
784891458,Blue,300,1,90,2023-10-22,Week-43,Q4,2023,28751,2158,1502,34,0.075,Online ,Grocery,225.3,0
784895358,Blue,125,1,111,2023-10-22,Week-43,Q4,2023,1938,0,2870,49,0,Swipe ,Bills,746.2,0
784907658,Blue,110,1,117,2023-10-22,Week-43,Q4,2023,4343,2220,14463,119,0.511,Swipe ,Grocery,867.78,0
784994883,Blue,300,1,87,2023-10-22,Week-43,Q4,2023,2516,2378,4746,75,0.945,Swipe ,Grocery,332.22,0
784998108,Blue,335,1,111,2023-10-22,Week-43,Q4,2023,9094,0,4203,76,0,Swipe ,Food,1008.72,0
785011383,Blue,125,1,97,2023-10-22,Week-43,Q4,2023,2190,0,1412,38,0,Swipe ,Bills,211.8,0
785024808,Blue,245,1,85,2023-10-22,Week-43,Q4,2023,3378,2134,4464,83,0.632,Online ,Bills,1026.72,0
785038908,Platinum,365,1,109,2023-10-22,Week-43,Q4,2023,6380,1160,17119,124,0.182,Online ,Bills,3594.99,0
785055108,Blue,275,1,86,2023-10-22,Week-43,Q4,2023,10817,1142,3889,60,0.106,Chip ,Food,972.25,0
785080308,Blue,220,1,134,2023-10-22,Week-43,Q4,2023,2352,0,2344,48,0,Swipe ,Bills,586,0
785106933,Blue,175,0,108,2023-10-22,Week-43,Q4,2023,6519,2178,4505,71,0.334,Swipe ,Food,675.75,0
785114808,Silver,290,1,73,2023-10-22,Week-43,Q4,2023,15459,0,1419,30,0,Swipe ,Bills,85.14,0
785119833,Blue,220,0,146,2023-10-22,Week-43,Q4,2023,19666,1180,3391,54,0.06,Online ,Grocery,271.28,0
785134758,Blue,415,1,79,2023-10-22,Week-43,Q4,2023,14320,0,4077,77,0,Swipe ,Bills,448.47,0
785218458,Blue,150,0,163,2023-10-22,Week-43,Q4,2023,2505,2282,4333,77,0.911,Chip ,Fuel,1126.58,0
785230083,Blue,470,0,69,2023-10-22,Week-43,Q4,2023,3318,2349,4905,80,0.708,Swipe ,Travel,833.85,0
785237958,Blue,370,0,94,2023-10-22,Week-43,Q4,2023,3439,0,2661,35,0,Swipe ,Food,638.64,0
785262333,Blue,400,1,114,2023-10-22,Week-43,Q4,2023,6185,1960,2225,45,0.317,Online ,Entertainment,600.75,0
785285883,Blue,200,0,80,2023-10-22,Week-43,Q4,2023,1675,0,2622,53,0,Swipe ,Bills,471.96,0
785311158,Blue,100,0,60,2023-10-22,Week-43,Q4,2023,6610,928,3328,69,0.14,Swipe ,Travel,465.92,0
785328408,Blue,125,1,109,2023-10-22,Week-43,Q4,2023,1758,1180,2013,41,0.671,Swipe ,Food,563.64,0
785351133,Blue,220,1,91,2023-10-22,Week-43,Q4,2023,1438.3,0,4518,81,0,Swipe ,Entertainment,587.34,0
785387883,Blue,365,1,56,2023-10-22,Week-43,Q4,2023,3788,1540,1594,47,0.407,Swipe ,Bills,159.4,0
785410158,Blue,490,1,118,2023-10-22,Week-43,Q4,2023,2719,0,4172,65,0,Chip ,Fuel,500.64,0
785432733,Silver,175,1,106,2023-10-22,Week-43,Q4,2023,15433,0,966,22,0,Swipe ,Bills,251.16,0
785487783,Blue,485,1,106,2023-10-22,Week-43,Q4,2023,1980,1409,5350,96,0.712,Swipe ,Fuel,588.5,0
785500533,Blue,175,0,91,2023-10-22,Week-43,Q4,2023,2734,2085,4064,66,0.763,Swipe ,Entertainment,406.4,0
785515533,Blue,415,1,114,2023-10-22,Week-43,Q4,2023,5380,1337,8947,93,0.249,Swipe ,Fuel,1163.11,0
785529708,Blue,220,1,70,2023-10-22,Week-43,Q4,2023,34516,0,4333,70,0,Chip ,Bills,996.59,0
786087633,Blue,465,1,88,2023-10-22,Week-43,Q4,2023,2759,2501,1650,34,0.906,Swipe ,Grocery,396,0
786097158,Blue,330,0,68,2023-10-22,Week-43,Q4,2023,8786,1559,8575,92,0.177,Swipe ,Fuel,943.25,0
786480183,Blue,435,1,89,2023-10-22,Week-43,Q4,2023,16763,0,3626,69,0,Swipe ,Bills,1051.54,0
786493908,Silver,355,1,47,2023-10-22,Week-43,Q4,2023,10091,0,3347,64,0,Swipe ,Bills,903.69,0
786509358,Blue,250,0,118,2023-10-22,Week-43,Q4,2023,4198,1782,2051,36,0.424,Swipe ,Grocery,184.59,0
786536808,Blue,195,0,108,2023-10-22,Week-43,Q4,2023,21543,0,3928,82,0,Chip ,Entertainment,982,0
786546783,Blue,320,1,156,2023-10-22,Week-43,Q4,2023,1438.3,0,4457,79,0,Swipe ,Grocery,579.41,0
786557358,Blue,150,1,69,2023-10-22,Week-43,Q4,2023,3242,799,1424,37,0.246,Swipe ,Entertainment,313.28,0
786566733,Blue,400,1,110,2023-10-22,Week-43,Q4,2023,4939,1190,3764,64,0.241,Swipe ,Fuel,978.64,0
787226508,Blue,175,1,109,2023-10-22,Week-43,Q4,2023,20811,1302,7192,82,0.063,Swipe ,Fuel,2013.76,0
787231233,Silver,325,1,53,2023-10-22,Week-43,Q4,2023,34516,1731,2421,63,0.05,Swipe ,Grocery,411.57,0
787261008,Blue,195,1,124,2023-10-22,Week-43,Q4,2023,4112,1128,4446,75,0.274,Chip ,Bills,800.28,0
787268733,Blue,300,1,89,2023-10-22,Week-43,Q4,2023,2442,1507,4535,85,0.617,Chip ,Bills,272.1,0
787284858,Blue,125,0,136,2023-10-22,Week-43,Q4,2023,3300,1731,1745,27,0.525,Swipe ,Entertainment,191.95,0
787291308,Blue,175,1,108,2023-10-22,Week-43,Q4,2023,4228,1709,4389,79,0.404,Chip ,Fuel,1272.81,0
787301208,Blue,125,0,90,2023-10-22,Week-43,Q4,2023,1438.3,0,3763,74,0,Swipe ,Fuel,263.41,0
787339158,Blue,280,0,95,2023-10-22,Week-43,Q4,2023,8688,0,2361,41,0,Swipe ,Food,613.86,0
787348608,Blue,470,1,116,2023-10-22,Week-43,Q4,2023,3252,1495,1227,15,0.46,Swipe ,Fuel,282.21,0
787361583,Blue,225,1,104,2023-10-22,Week-43,Q4,2023,13911,2160,2204,60,0.155,Chip ,Bills,440.8,0
787430733,Blue,450,1,95,2023-10-22,Week-43,Q4,2023,2771,1446,1706,27,0.522,Swipe ,Bills,426.5,0
787438983,Blue,150,1,100,2023-10-22,Week-43,Q4,2023,4559,1664,1652,37,0.365,Swipe ,Entertainment,247.8,0
787441383,Blue,200,0,84,2023-10-22,Week-43,Q4,2023,1793,1284,3989,62,0.716,Chip ,Grocery,957.36,0
787450758,Blue,335,0,108,2023-10-22,Week-43,Q4,2023,19090,0,4712,88,0,Chip ,Entertainment,424.08,0
787452333,Blue,480,0,80,2023-10-22,Week-43,Q4,2023,2024,0,2870,36,0,Swipe ,Bills,803.6,0
787454133,Blue,125,0,79,2023-10-22,Week-43,Q4,2023,1438.3,0,4776,82,0,Swipe ,Food,1002.96,0
787456608,Blue,100,1,54,2023-10-22,Week-43,Q4,2023,4158,1635,1678,37,0.393,Swipe ,Entertainment,167.8,0
787457883,Blue,150,1,151,2023-10-22,Week-43,Q4,2023,1515,996,4324,89,0.657,Swipe ,Food,302.68,0
787458783,Blue,430,1,79,2023-10-22,Week-43,Q4,2023,3038,2133,4784,83,0.702,Swipe ,Entertainment,1148.16,0
787460883,Silver,390,1,110,2023-10-22,Week-43,Q4,2023,11091,0,1234,34,0,Swipe ,Grocery,246.8,0
787463508,Blue,470,1,88,2023-10-22,Week-43,Q4,2023,2469,2410,1027,20,0.976,Swipe ,Bills,133.51,0
787464408,Blue,125,1,127,2023-10-22,Week-43,Q4,2023,19116,0,1184,29,0,Swipe ,Travel,248.64,0
787466808,Blue,200,0,126,2023-10-22,Week-43,Q4,2023,3009,2517,5329,82,0.836,Swipe ,Food,959.22,0
787467858,Silver,455,0,76,2023-10-22,Week-43,Q4,2023,34516,2045,4081,54,0.059,Swipe ,Entertainment,1061.06,0
787472283,Blue,485,1,110,2023-10-22,Week-43,Q4,2023,20533,1321,3918,78,0.064,Swipe ,Grocery,861.96,0
787475433,Blue,110,1,78,2023-10-22,Week-43,Q4,2023,6966,905,4855,69,0.13,Chip ,Bills,388.4,0
787480158,Blue,245,1,79,2023-10-22,Week-43,Q4,2023,2494,1639,1555,39,0.657,Swipe ,Bills,357.65,0
787481208,Blue,110,1,112,2023-10-22,Week-43,Q4,2023,2762,1793,5006,78,0.649,Swipe ,Bills,500.6,0
787482033,Blue,125,1,94,2023-10-22,Week-43,Q4,2023,28930,0,2251,27,0,Swipe ,Food,270.12,0
787488108,Blue,250,0,85,2023-10-22,Week-43,Q4,2023,14228,1953,1970,51,0.137,Swipe ,Fuel,295.5,0
787489083,Blue,200,0,51,2023-10-22,Week-43,Q4,2023,21351,2517,1887,32,0.118,Swipe ,Bills,490.62,0
787491483,Blue,415,1,63,2023-10-22,Week-43,Q4,2023,30733,1153,3455,80,0.038,Swipe ,Fuel,587.35,0
787492908,Blue,370,0,107,2023-10-22,Week-43,Q4,2023,23381,905,4357,73,0.039,Swipe ,Bills,1002.11,0
787493808,Blue,435,1,106,2023-10-22,Week-43,Q4,2023,2700,2480,2396,49,0.919,Chip ,Bills,215.64,0
787494783,Blue,380,0,100,2023-10-22,Week-43,Q4,2023,8184,1205,2140,49,0.147,Swipe ,Entertainment,513.6,0
787496733,Blue,150,0,139,2023-10-22,Week-43,Q4,2023,15155,1287,7724,79,0.085,Swipe ,Bills,2085.48,0
787500333,Blue,290,1,49,2023-10-22,Week-43,Q4,2023,8695,1407,2030,58,0.162,Online ,Bills,243.6,0
787501758,Blue,150,1,112,2023-10-22,Week-43,Q4,2023,4038,1237,4188,68,0.306,Chip ,Food,795.72,0
787502883,Silver,250,0,117,2023-10-22,Week-43,Q4,2023,34516,1542,7443,98,0.045,Swipe ,Entertainment,1042.02,0
787504158,Blue,445,0,78,2023-10-22,Week-43,Q4,2023,2570,2230,1755,42,0.868,Swipe ,Entertainment,421.2,0
787505133,Blue,125,1,106,2023-10-22,Week-43,Q4,2023,11316,1599,2595,49,0.141,Chip ,Fuel,311.4,0
787506558,Blue,405,0,72,2023-10-22,Week-43,Q4,2023,10762,703,4509,71,0.065,Swipe ,Bills,450.9,0
787507833,Blue,380,0,56,2023-10-22,Week-43,Q4,2023,3343,1820,4507,63,0.544,Online ,Bills,540.84,0
787509408,Blue,385,1,95,2023-10-22,Week-43,Q4,2023,2347,0,2595,56,0,Swipe ,Entertainment,337.35,0
787513533,Blue,250,1,113,2023-10-22,Week-43,Q4,2023,2245,1503,3344,54,0.669,Chip ,Entertainment,200.64,0
787514433,Blue,110,1,144,2023-10-22,Week-43,Q4,2023,2164,1176,5075,71,0.543,Swipe ,Fuel,964.25,0
787515333,Blue,245,1,104,2023-10-22,Week-43,Q4,2023,3616,1151,820,21,0.318,Swipe ,Entertainment,82,0
787516908,Blue,150,1,82,2023-10-22,Week-43,Q4,2023,2665,1844,1880,58,0.692,Swipe ,Entertainment,357.2,0
787518258,Blue,495,0,109,2023-10-22,Week-43,Q4,2023,8549,0,9192,77,0,Chip ,Grocery,1011.12,0
787519683,Blue,405,1,110,2023-10-22,Week-43,Q4,2023,3028,2270,4727,78,0.75,Chip ,Bills,330.89,0
787523283,Blue,200,1,80,2023-10-22,Week-43,Q4,2023,26372,1365,2291,56,0.052,Swipe ,Bills,160.37,0
787529583,Blue,460,1,164,2023-10-22,Week-43,Q4,2023,1588,0,2561,61,0,Swipe ,Entertainment,230.49,0
787532808,Silver,325,1,98,2023-10-22,Week-43,Q4,2023,16386,2236,3293,66,0.136,Swipe ,Grocery,724.46,0
787536933,Blue,250,1,113,2023-10-22,Week-43,Q4,2023,1724,0,4768,80,0,Chip ,Entertainment,524.48,0
787539333,Blue,175,0,116,2023-10-22,Week-43,Q4,2023,7298,2517,7973,88,0.345,Swipe ,Food,2072.98,0
787541883,Blue,435,0,107,2023-10-22,Week-43,Q4,2023,34516,0,1120,27,0,Swipe ,Travel,257.6,0
787543008,Blue,100,0,140,2023-10-22,Week-43,Q4,2023,3851,1695,2349,61,0.44,Swipe ,Bills,281.88,0
787547208,Blue,250,0,113,2023-10-22,Week-43,Q4,2023,7326,1710,1852,62,0.233,Swipe ,Entertainment,240.76,0
787550808,Blue,380,1,87,2023-10-22,Week-43,Q4,2023,12240,1566,1422,26,0.128,Swipe ,Bills,255.96,0
787557258,Blue,200,0,77,2023-10-22,Week-43,Q4,2023,1816,0,4957,78,0,Swipe ,Food,1239.25,0
787558683,Blue,430,1,124,2023-10-22,Week-43,Q4,2023,1850,621,4234,74,0.336,Swipe ,Entertainment,719.78,0
787563858,Blue,400,1,77,2023-10-22,Week-43,Q4,2023,8589,685,3553,63,0.08,Chip ,Grocery,497.42,0
787565433,Blue,375,0,127,2023-10-22,Week-43,Q4,2023,4039,1397,1494,36,0.346,Swipe ,Entertainment,224.1,0
787568433,Blue,270,1,102,2023-10-22,Week-43,Q4,2023,7328,936,4518,79,0.128,Chip ,Fuel,677.7,0
787570758,Blue,220,1,87,2023-10-22,Week-43,Q4,2023,2944,1596,2070,44,0.542,Swipe ,Bills,331.2,0
787573683,Blue,125,0,90,2023-10-22,Week-43,Q4,2023,2624,1319,4189,74,0.503,Swipe ,Bills,544.57,0
787578183,Blue,125,0,107,2023-10-22,Week-43,Q4,2023,1438.3,0,3204,68,0,Swipe ,Grocery,801,0
787581858,Blue,175,0,154,2023-10-22,Week-43,Q4,2023,3132,1466,3612,59,0.468,Swipe ,Bills,433.44,0
787584108,Blue,400,1,118,2023-10-22,Week-43,Q4,2023,3436,2016,1097,33,0.587,Swipe ,Travel,87.76,0
787587033,Blue,125,0,117,2023-10-22,Week-43,Q4,2023,2996,1992,4463,87,0.665,Swipe ,Fuel,1115.75,0
787591008,Blue,340,1,102,2023-10-22,Week-43,Q4,2023,2289,1195,4955,83,0.522,Swipe ,Food,1387.4,0
787593558,Blue,300,1,66,2023-10-22,Week-43,Q4,2023,4562,2258,3740,55,0.495,Chip ,Food,860.2,0
787595658,Blue,365,1,114,2023-10-22,Week-43,Q4,2023,8801,1421,1104,31,0.161,Swipe ,Fuel,320.16,0
787596558,Blue,320,1,153,2023-10-22,Week-43,Q4,2023,7116,981,4748,85,0.138,Chip ,Fuel,1281.96,0
787599258,Blue,390,0,109,2023-10-22,Week-43,Q4,2023,7361,1309,1175,34,0.178,Swipe ,Bills,293.75,1
787605558,Blue,125,0,114,2023-10-22,Week-43,Q4,2023,9816,0,3489,81,0,Swipe ,Grocery,802.47,1
787617483,Blue,490,1,87,2023-10-29,Week-44,Q4,2023,2628,1542,4335,76,0.587,Chip ,Entertainment,390.15,1
787621158,Blue,460,1,70,2023-10-29,Week-44,Q4,2023,6242,491,2187,59,0.079,Swipe ,Bills,240.57,1
787623858,Silver,300,0,89,2023-10-29,Week-44,Q4,2023,34516,1938,1215,45,0.056,Swipe ,Bills,243,1
787638408,Blue,370,1,98,2023-10-29,Week-44,Q4,2023,8440,2087,4161,74,0.247,Chip ,Bills,707.37,1
787643658,Blue,480,1,104,2023-10-29,Week-44,Q4,2023,12554,2169,1422,30,0.173,Swipe ,Entertainment,85.32,1
787655058,Blue,405,0,103,2023-10-29,Week-44,Q4,2023,2568,1875,4254,85,0.73,Chip ,Bills,893.34,0
787659483,Blue,475,0,99,2023-10-29,Week-44,Q4,2023,1438.3,801,4223,60,0.557,Chip ,Grocery,1182.44,0
787665258,Blue,385,1,77,2023-10-29,Week-44,Q4,2023,1438.3,0,2393,36,0,Chip ,Grocery,406.81,0
787669233,Blue,200,0,154,2023-10-29,Week-44,Q4,2023,34516,1046,3435,76,0.03,Swipe ,Fuel,618.3,0
787685658,Blue,405,1,47,2023-10-29,Week-44,Q4,2023,3083,1898,1448,30,0.616,Swipe ,Entertainment,217.2,0
787723758,Blue,345,1,80,2023-10-29,Week-44,Q4,2023,3603,1465,14235,101,0.407,Swipe ,Food,3558.75,0
787747308,Blue,345,0,113,2023-10-29,Week-44,Q4,2023,3468,2517,2494,39,0.726,Swipe ,Entertainment,648.44,0
787770858,Blue,175,1,95,2023-10-29,Week-44,Q4,2023,8333,774,3889,81,0.093,Swipe ,Fuel,1088.92,0
787800108,Blue,300,1,79,2023-10-29,Week-44,Q4,2023,2929,2431,1903,39,0.83,Swipe ,Bills,437.69,0
787833333,Blue,400,1,105,2023-10-29,Week-44,Q4,2023,6361,1292,1571,38,0.203,Swipe ,Bills,424.17,0
787849833,Blue,220,1,159,2023-10-29,Week-44,Q4,2023,13490,1672,4205,75,0.124,Chip ,Fuel,252.3,0
787868958,Blue,95,1,113,2023-10-29,Week-44,Q4,2023,14690,979,2746,68,0.067,Swipe ,Fuel,329.52,0
787909158,Blue,375,0,89,2023-10-29,Week-44,Q4,2023,8694,1117,9523,105,0.128,Swipe ,Grocery,1904.6,0
787918158,Blue,360,0,80,2023-10-29,Week-44,Q4,2023,2156,1114,4106,66,0.517,Chip ,Travel,698.02,0
787921383,Silver,460,1,78,2023-10-29,Week-44,Q4,2023,34516,2297,1461,43,0.067,Online ,Entertainment,87.66,0
787937058,Blue,480,1,106,2023-10-29,Week-44,Q4,2023,12555,1696,1291,24,0.135,Swipe ,Travel,116.19,0
787974108,Blue,325,1,114,2023-10-29,Week-44,Q4,2023,1793,792,2374,40,0.442,Chip ,Entertainment,379.84,0
787983633,Blue,250,1,78,2023-10-29,Week-44,Q4,2023,3187,2517,2072,33,0.79,Swipe ,Food,518,0
787999533,Blue,250,1,106,2023-10-29,Week-44,Q4,2023,6617,2517,3595,68,0.38,Swipe ,Entertainment,719,0
788019483,Blue,225,0,100,2023-10-29,Week-44,Q4,2023,3660,766,14515,122,0.209,Chip ,Travel,2903,0
788030208,Silver,140,0,101,2023-10-29,Week-44,Q4,2023,13453,2517,1904,42,0.187,Swipe ,Grocery,304.64,0
788038383,Blue,385,1,102,2023-10-29,Week-44,Q4,2023,2307,1385,2440,48,0.6,Swipe ,Entertainment,634.4,0
788095158,Blue,450,1,72,2023-10-29,Week-44,Q4,2023,11606,0,2623,39,0,Chip ,Fuel,577.06,0
788107683,Blue,300,1,103,2023-10-29,Week-44,Q4,2023,5325,1318,1814,43,0.248,Swipe ,Bills,326.52,0
788122533,Blue,475,0,145,2023-10-29,Week-44,Q4,2023,1438.3,0,1336,32,0,Online ,Entertainment,106.88,0
788132208,Blue,295,0,98,2023-10-29,Week-44,Q4,2023,1989,1003,5070,70,0.504,Swipe ,Food,557.7,0
788142483,Silver,475,0,99,2023-10-29,Week-44,Q4,2023,34516,1278,4699,73,0.037,Chip ,Entertainment,563.88,0
788159433,Blue,250,0,83,2023-10-29,Week-44,Q4,2023,22558,818,3855,70,0.036,Swipe ,Grocery,655.35,0
788194458,Blue,175,0,112,2023-10-29,Week-44,Q4,2023,3265,2517,1843,35,0.771,Swipe ,Bills,516.04,0
788199858,Blue,125,1,135,2023-10-29,Week-44,Q4,2023,2798,1049,5758,87,0.375,Swipe ,Food,806.12,0
788210583,Blue,450,1,63,2023-10-29,Week-44,Q4,2023,1438.3,0,1843,49,0,Swipe ,Bills,129.01,0
788230158,Silver,485,1,88,2023-10-29,Week-44,Q4,2023,16496,1409,16715,126,0.085,Chip ,Entertainment,1002.9,0
788240358,Silver,365,0,85,2023-10-29,Week-44,Q4,2023,33441,686,8452,83,0.021,Swipe ,Bills,2451.08,0
788246958,Blue,370,0,160,2023-10-29,Week-44,Q4,2023,6038,0,4375,81,0,Swipe ,Entertainment,1181.25,0
788252358,Blue,425,1,41,2023-10-29,Week-44,Q4,2023,8190,1716,3529,84,0.21,Chip ,Fuel,352.9,0
788259558,Blue,390,0,147,2023-10-29,Week-44,Q4,2023,1570,1028,1430,28,0.655,Swipe ,Bills,171.6,0
788269158,Blue,300,1,114,2023-10-29,Week-44,Q4,2023,3280,1806,2534,78,0.551,Swipe ,Bills,430.78,0
788275083,Blue,485,0,104,2023-10-29,Week-44,Q4,2023,15483,1719,4678,80,0.111,Chip ,Bills,1309.84,0
788290383,Blue,270,1,87,2023-10-29,Week-44,Q4,2023,4970,1588,4436,83,0.32,Swipe ,Grocery,532.32,0
788327358,Blue,340,0,68,2023-10-29,Week-44,Q4,2023,9070,2097,8440,102,0.231,Swipe ,Bills,2278.8,0
788350908,Blue,200,1,43,2023-10-29,Week-44,Q4,2023,5362,1110,3548,69,0.207,Online ,Food,603.16,0
788360283,Blue,110,1,88,2023-10-29,Week-44,Q4,2023,1438.3,0,2557,55,0,Swipe ,Entertainment,588.11,0
788370258,Blue,150,1,115,2023-10-29,Week-44,Q4,2023,2578,2517,1830,64,0.976,Swipe ,Entertainment,292.8,0
788379933,Blue,195,0,125,2023-10-29,Week-44,Q4,2023,12420,0,4422,70,0,Swipe ,Bills,795.96,0
788386908,Silver,425,1,86,2023-10-29,Week-44,Q4,2023,34516,1531,1156,29,0.044,Swipe ,Bills,289,0
788407833,Blue,300,1,99,2023-10-29,Week-44,Q4,2023,16424,1368,4025,79,0.083,Swipe ,Fuel,1086.75,0
788418933,Blue,125,0,114,2023-10-29,Week-44,Q4,2023,1613,1085,5000,85,0.673,Swipe ,Grocery,800,0
788440083,Silver,405,0,154,2023-10-29,Week-44,Q4,2023,34516,1384,3807,82,0.04,Swipe ,Grocery,989.82,0
788465583,Blue,150,1,103,2023-10-29,Week-44,Q4,2023,6330,1573,3029,52,0.248,Swipe ,Food,514.93,0
788474658,Blue,435,1,108,2023-10-29,Week-44,Q4,2023,16208,1278,1842,56,0.079,Swipe ,Bills,165.78,0
788485908,Blue,460,1,63,2023-10-29,Week-44,Q4,2023,6224,0,1463,34,0,Swipe ,Entertainment,365.75,0
788502858,Blue,125,0,83,2023-10-29,Week-44,Q4,2023,10021,1952,4431,68,0.195,Swipe ,Bills,487.41,0
788519958,Blue,300,1,117,2023-10-29,Week-44,Q4,2023,1438.3,876,4815,62,0.609,Swipe ,Bills,1011.15,0
788528958,Blue,200,1,50,2023-10-29,Week-44,Q4,2023,9036,0,8356,79,0,Swipe ,Fuel,2256.12,0
788544108,Blue,440,0,112,2023-10-29,Week-44,Q4,2023,6611,1041,4037,74,0.157,Chip ,Travel,1009.25,0
788552658,Blue,300,1,110,2023-10-29,Week-44,Q4,2023,2479,1759,4562,86,0.71,Chip ,Bills,958.02,0
788595183,Blue,275,1,68,2023-10-29,Week-44,Q4,2023,1438.3,686,3499,80,0.477,Swipe ,Fuel,664.81,0
788610258,Blue,175,0,85,2023-10-29,Week-44,Q4,2023,9652,2517,3762,73,0.261,Swipe ,Bills,526.68,0
788618208,Blue,340,0,108,2023-10-29,Week-44,Q4,2023,8325,0,8198,90,0,Swipe ,Food,655.84,0
788620083,Blue,190,0,40,2023-10-29,Week-44,Q4,2023,2382,1419,4563,89,0.596,Swipe ,Food,410.67,0
788621658,Blue,340,1,47,2023-10-29,Week-44,Q4,2023,1909,1753,1457,24,0.918,Online ,Grocery,262.26,0
788630958,Blue,250,1,118,2023-10-29,Week-44,Q4,2023,11627,0,3264,67,0,Chip ,Bills,587.52,0
788633733,Silver,455,0,99,2023-10-29,Week-44,Q4,2023,28174,1173,16258,108,0.042,Chip ,Travel,3089.02,0
788638908,Blue,100,0,160,2023-10-29,Week-44,Q4,2023,2351,2127,4278,71,0.905,Chip ,Bills,385.02,0
788641758,Blue,225,0,139,2023-10-29,Week-44,Q4,2023,14366,888,3868,66,0.062,Swipe ,Grocery,541.52,0
788646858,Blue,100,1,137,2023-10-29,Week-44,Q4,2023,1959,1268,4275,61,0.647,Online ,Bills,384.75,0
788658483,Blue,420,1,107,2023-10-29,Week-44,Q4,2023,2650,1490,1411,28,0.562,Swipe ,Travel,282.2,0
788661408,Blue,455,1,105,2023-10-29,Week-44,Q4,2023,2990,890,4757,79,0.298,Swipe ,Food,951.4,0
788667408,Blue,285,1,93,2023-10-29,Week-44,Q4,2023,2965,1819,4475,66,0.613,Swipe ,Bills,895,0
788671608,Gold,410,1,55,2023-10-29,Week-44,Q4,2023,23051,1836,14393,107,0.08,Swipe ,Fuel,3022.53,0
788673708,Blue,410,1,41,2023-10-29,Week-44,Q4,2023,1438.3,0,1254,35,0,Swipe ,Bills,163.02,0
788675658,Blue,175,1,149,2023-10-29,Week-44,Q4,2023,1923,845,1670,37,0.439,Swipe ,Entertainment,116.9,0
788677533,Blue,300,1,118,2023-10-29,Week-44,Q4,2023,34516,1197,1594,43,0.035,Swipe ,Bills,239.1,0
788684508,Blue,430,0,58,2023-10-29,Week-44,Q4,2023,5846,1732,2056,41,0.296,Swipe ,Fuel,452.32,0
788687133,Gold,100,0,94,2023-10-29,Week-44,Q4,2023,16433,0,13678,125,0,Swipe ,Bills,1778.14,0
788694558,Blue,285,1,98,2023-10-29,Week-44,Q4,2023,1438.3,661,4463,87,0.46,Swipe ,Food,1294.27,0
788699808,Blue,245,1,65,2023-10-29,Week-44,Q4,2023,4394,0,1538,43,0,Swipe ,Bills,123.04,0
788701608,Blue,125,1,104,2023-10-29,Week-44,Q4,2023,2950,1705,1260,32,0.578,Swipe ,Fuel,352.8,0
788705358,Blue,480,1,81,2023-10-29,Week-44,Q4,2023,14527,2070,3965,58,0.142,Swipe ,Grocery,237.9,0
788709408,Gold,425,1,90,2023-10-29,Week-44,Q4,2023,14746,0,14771,127,0,Swipe ,Bills,3988.17,0
788715483,Blue,245,1,83,2023-10-29,Week-44,Q4,2023,1558,879,4805,86,0.564,Swipe ,Bills,288.3,0
788717358,Blue,250,1,105,2023-10-29,Week-44,Q4,2023,7062,1255,3432,68,0.178,Chip ,Grocery,549.12,0
788719533,Blue,245,1,83,2023-10-29,Week-44,Q4,2023,13679,0,4060,61,0,Online ,Fuel,243.6,0
788723133,Blue,245,1,95,2023-10-29,Week-44,Q4,2023,12714,976,2240,53,0.077,Swipe ,Grocery,224,0
788725608,Blue,300,0,79,2023-10-29,Week-44,Q4,2023,8861,1149,8387,102,0.13,Swipe ,Food,2264.49,0
788728608,Blue,125,1,49,2023-10-29,Week-44,Q4,2023,3870,1394,1588,36,0.36,Swipe ,Entertainment,381.12,0
788730933,Blue,195,1,91,2023-10-29,Week-44,Q4,2023,2084,1468,1132,28,0.704,Swipe ,Travel,181.12,0
788734158,Blue,245,1,149,2023-10-29,Week-44,Q4,2023,8374,0,4493,59,0,Swipe ,Grocery,718.88,0
788737083,Blue,200,1,96,2023-10-29,Week-44,Q4,2023,1798,833,4551,84,0.463,Swipe ,Entertainment,819.18,0
788739633,Blue,125,1,83,2023-10-29,Week-44,Q4,2023,2106,238,2136,40,0.113,Swipe ,Fuel,469.92,0
788741733,Blue,200,1,74,2023-10-29,Week-44,Q4,2023,7832,1784,14614,106,0.228,Chip ,Fuel,3653.5,0
788744058,Blue,245,1,83,2023-10-29,Week-44,Q4,2023,4009,1361,4506,80,0.339,Chip ,Food,1081.44,0
788747358,Blue,175,0,93,2023-10-29,Week-44,Q4,2023,5530,2034,4836,68,0.368,Swipe ,Bills,1112.28,0
788752833,Blue,350,1,94,2023-10-29,Week-44,Q4,2023,2427,1581,3857,69,0.651,Online ,Entertainment,424.27,0
788754108,Blue,320,0,103,2023-10-29,Week-44,Q4,2023,4599,637,2608,78,0.139,Swipe ,Entertainment,182.56,0
788755158,Blue,125,1,87,2023-10-29,Week-44,Q4,2023,1438.3,535,3016,80,0.372,Swipe ,Entertainment,422.24,0
788756133,Blue,455,0,72,2023-10-29,Week-44,Q4,2023,2617,1508,4400,60,0.576,Swipe ,Grocery,484,0
788760633,Blue,175,0,111,2023-10-29,Week-44,Q4,2023,13513,1495,3503,68,0.111,Chip ,Entertainment,490.42,0
788761608,Blue,270,1,109,2023-10-29,Week-44,Q4,2023,10286,2286,2564,57,0.222,Swipe ,Bills,692.28,0
788766933,Blue,245,0,89,2023-10-29,Week-44,Q4,2023,34516,714,14279,97,0.021,Swipe ,Food,2855.8,0
788767983,Blue,345,1,81,2023-10-29,Week-44,Q4,2023,4556,0,4273,82,0,Swipe ,Grocery,470.03,0
788768883,Blue,375,0,96,2023-10-29,Week-44,Q4,2023,9231,1642,4676,68,0.178,Swipe ,Grocery,1028.72,0
788769783,Blue,150,0,114,2023-10-29,Week-44,Q4,2023,1878,1024,4707,74,0.545,Swipe ,Grocery,1365.03,0
788770908,Blue,125,0,81,2023-10-29,Week-44,Q4,2023,3035,1498,4275,67,0.494,Chip ,Entertainment,427.5,0
788771733,Blue,200,0,117,2023-10-29,Week-44,Q4,2023,1579,900,4354,70,0.57,Swipe ,Entertainment,609.56,0
788772708,Blue,175,0,122,2023-10-29,Week-44,Q4,2023,13745,0,4432,61,0,Swipe ,Grocery,1285.28,0
788776008,Blue,245,1,79,2023-10-29,Week-44,Q4,2023,4726,1161,4683,91,0.246,Chip ,Grocery,936.6,0
788776908,Blue,275,1,156,2023-10-29,Week-44,Q4,2023,2797,1802,3525,63,0.644,Swipe ,Bills,352.5,0
788778033,Silver,200,1,81,2023-10-29,Week-44,Q4,2023,12338,1277,15869,109,0.104,Swipe ,Grocery,2221.66,0
788779008,Blue,200,0,113,2023-10-29,Week-44,Q4,2023,2736,1822,1211,25,0.666,Online ,Bills,157.43,0
788779983,Platinum,300,1,47,2023-10-29,Week-44,Q4,2023,3742,2517,16401,121,0.673,Chip ,Food,3936.24,0
788780958,Blue,320,0,96,2023-10-29,Week-44,Q4,2023,12781,1253,1073,21,0.098,Online ,Bills,257.52,0
788782008,Gold,455,0,92,2023-10-29,Week-44,Q4,2023,15987,0,4146,69,0,Swipe ,Entertainment,787.74,0
788783133,Blue,200,1,78,2023-10-29,Week-44,Q4,2023,6679,1207,1649,29,0.181,Online ,Food,346.29,0
788784258,Blue,445,0,89,2023-10-29,Week-44,Q4,2023,3007,1664,1475,31,0.553,Swipe ,Fuel,88.5,0
788785083,Blue,125,1,93,2023-10-29,Week-44,Q4,2023,3083,1040,4311,78,0.337,Swipe ,Bills,387.99,0
788786208,Blue,485,1,107,2023-10-29,Week-44,Q4,2023,9881,1794,4725,85,0.182,Swipe ,Entertainment,945,0
788788758,Blue,300,1,85,2023-10-29,Week-44,Q4,2023,7469,1752,2050,46,0.235,Online ,Fuel,574,0
788789658,Blue,125,0,73,2023-10-29,Week-44,Q4,2023,4042,1744,1471,37,0.431,Swipe ,Fuel,205.94,0
788791383,Blue,125,1,118,2023-10-29,Week-44,Q4,2023,5027,0,4850,70,0,Swipe ,Entertainment,727.5,0
788792583,Blue,150,1,165,2023-10-29,Week-44,Q4,2023,7277,0,4458,71,0,Swipe ,Fuel,980.76,0
788794758,Blue,300,1,163,2023-10-29,Week-44,Q4,2023,2979,0,2061,38,0,Swipe ,Grocery,144.27,0
788797983,Blue,370,0,110,2023-10-29,Week-44,Q4,2023,4568,2025,4869,85,0.443,Swipe ,Grocery,1412.01,0
788802483,Blue,460,0,102,2023-10-29,Week-44,Q4,2023,2814,1595,4766,87,0.567,Swipe ,Entertainment,953.2,0
788805108,Blue,420,0,140,2023-10-29,Week-44,Q4,2023,18123,1775,4259,80,0.098,Swipe ,Entertainment,894.39,0
788805858,Blue,400,1,104,2023-10-29,Week-44,Q4,2023,2181,1218,4997,89,0.558,Swipe ,Fuel,649.61,0
788808633,Blue,175,1,123,2023-10-29,Week-44,Q4,2023,2355,1090,1441,29,0.463,Swipe ,Bills,86.46,0
788810658,Blue,345,1,109,2023-10-29,Week-44,Q4,2023,9466,0,2503,70,0,Swipe ,Fuel,575.69,0
788811558,Blue,220,0,119,2023-10-29,Week-44,Q4,2023,1959,1022,7847,65,0.522,Swipe ,Bills,2040.22,0
788812608,Blue,200,0,115,2023-10-29,Week-44,Q4,2023,8767,1684,8066,79,0.192,Swipe ,Fuel,1935.84,0
788813658,Blue,200,0,113,2023-10-29,Week-44,Q4,2023,10503,0,4755,88,0,Swipe ,Bills,427.95,0
788814783,Blue,285,0,97,2023-10-29,Week-44,Q4,2023,9204,845,1820,58,0.092,Swipe ,Bills,418.6,0
788820933,Blue,200,0,101,2023-10-29,Week-44,Q4,2023,16727,1380,3511,73,0.083,Swipe ,Grocery,386.21,0
788824083,Blue,150,1,86,2023-10-29,Week-44,Q4,2023,34516,1022,8202,88,0.03,Swipe ,Bills,1148.28,0
788826408,Blue,345,0,54,2023-10-29,Week-44,Q4,2023,10705,1352,2434,58,0.126,Swipe ,Entertainment,462.46,0
788827308,Blue,150,1,160,2023-10-29,Week-44,Q4,2023,4507,1574,1793,38,0.349,Swipe ,Entertainment,340.67,0
788830683,Blue,250,0,80,2023-10-29,Week-44,Q4,2023,2478,2031,1558,31,0.82,Swipe ,Bills,171.38,0
788832033,Blue,245,1,144,2023-10-29,Week-44,Q4,2023,8599,938,3015,64,0.109,Chip ,Entertainment,241.2,0
788835408,Blue,100,1,114,2023-10-29,Week-44,Q4,2023,2910,0,2648,41,0,Swipe ,Fuel,423.68,0
788838033,Blue,420,0,138,2023-10-29,Week-44,Q4,2023,3841,0,2832,48,0,Chip ,Bills,651.36,0
788840283,Blue,420,0,135,2023-10-29,Week-44,Q4,2023,2120,1527,4741,86,0.72,Chip ,Bills,995.61,0
788842008,Blue,340,0,101,2023-10-29,Week-44,Q4,2023,4060,2336,5173,87,0.575,Swipe ,Grocery,1500.17,0
788846508,Blue,250,0,150,2023-10-29,Week-44,Q4,2023,2690,1903,4567,81,0.707,Chip ,Entertainment,1141.75,0
788848458,Blue,125,0,58,2023-10-29,Week-44,Q4,2023,2803,1747,5089,71,0.623,Swipe ,Fuel,1374.03,0
788853258,Blue,450,1,74,2023-10-29,Week-44,Q4,2023,7984,1503,1734,39,0.188,Swipe ,Bills,468.18,0
788856408,Blue,390,1,88,2023-10-29,Week-44,Q4,2023,3317,1041,4264,75,0.314,Chip ,Bills,1236.56,0
788862333,Blue,250,1,68,2023-10-29,Week-44,Q4,2023,5645,0,1527,32,0,Swipe ,Bills,366.48,0
788864508,Blue,365,1,98,2023-10-29,Week-44,Q4,2023,1554,926,4997,79,0.596,Chip ,Food,799.52,0
788866983,Blue,410,1,67,2023-10-29,Week-44,Q4,2023,1438.3,0,3383,61,0,Chip ,Bills,710.43,0
788868858,Blue,300,0,109,2023-10-29,Week-44,Q4,2023,2702,2517,1658,32,0.932,Swipe ,Bills,165.8,0
788870283,Blue,465,1,132,2023-10-29,Week-44,Q4,2023,1438.3,0,3778,72,0,Swipe ,Fuel,868.94,0
788874333,Blue,175,0,137,2023-10-29,Week-44,Q4,2023,15631,1305,4313,67,0.083,Chip ,Grocery,1207.64,0
788876208,Blue,125,0,157,2023-10-29,Week-44,Q4,2023,2265,0,3826,71,0,Online ,Grocery,994.76,0
788885133,Silver,450,1,78,2023-10-29,Week-44,Q4,2023,12675,2422,3912,63,0.191,Swipe ,Fuel,860.64,0
788890533,Silver,200,1,93,2023-10-29,Week-44,Q4,2023,34516,2305,13756,106,0.067,Chip ,Travel,3989.24,0
788896983,Blue,200,1,115,2023-10-29,Week-44,Q4,2023,7928,1228,1537,37,0.155,Swipe ,Fuel,430.36,0
788898933,Blue,175,1,111,2023-10-29,Week-44,Q4,2023,2043,0,5198,77,0,Swipe ,Fuel,987.62,0
788900883,Blue,370,1,147,2023-10-29,Week-44,Q4,2023,3106,1304,1368,38,0.42,Swipe ,Travel,205.2,0
788907033,Blue,200,0,111,2023-10-29,Week-44,Q4,2023,5238,2077,7321,73,0.397,Swipe ,Fuel,439.26,0
788908308,Blue,490,0,111,2023-10-29,Week-44,Q4,2023,5972,0,14227,116,0,Swipe ,Food,853.62,0
788911458,Blue,365,1,107,2023-10-29,Week-44,Q4,2023,2972,0,3840,69,0,Swipe ,Fuel,345.6,0
788912658,Blue,400,1,78,2023-10-29,Week-44,Q4,2023,3734,0,3144,62,0,Swipe ,Grocery,723.12,0
788915283,Blue,435,1,73,2023-10-29,Week-44,Q4,2023,2304,1589,1273,36,0.69,Swipe ,Bills,318.25,0
788916933,Gold,245,1,71,2023-10-29,Week-44,Q4,2023,34516,1064,8095,81,0.031,Swipe ,Entertainment,1699.95,0
788920308,Blue,250,0,107,2023-10-29,Week-44,Q4,2023,2258,1250,4368,75,0.554,Chip ,Bills,960.96,0
788923758,Blue,245,1,76,2023-10-29,Week-44,Q4,2023,10693,2517,4138,76,0.235,Swipe ,Entertainment,993.12,0
788930358,Blue,175,1,99,2023-10-29,Week-44,Q4,2023,2827,1896,3891,81,0.671,Swipe ,Food,389.1,0
788931558,Blue,465,0,143,2023-10-29,Week-44,Q4,2023,2000,1739,7694,85,0.87,Swipe ,Entertainment,1538.8,0
788937933,Blue,440,0,76,2023-10-29,Week-44,Q4,2023,5494,1356,3566,81,0.247,Chip ,Bills,534.9,0
788939358,Blue,250,1,100,2023-10-29,Week-44,Q4,2023,2458,1399,1563,40,0.569,Swipe ,Bills,328.23,0
788940558,Blue,245,1,119,2023-10-29,Week-44,Q4,2023,2134,1085,4224,75,0.508,Swipe ,Travel,1013.76,0
788941983,Blue,480,0,104,2023-10-29,Week-44,Q4,2023,2013,0,2425,50,0,Chip ,Grocery,194,0
788943333,Silver,445,0,150,2023-10-29,Week-44,Q4,2023,34516,989,4810,55,0.029,Swipe ,Fuel,529.1,0
788946783,Blue,450,0,57,2023-10-29,Week-44,Q4,2023,9697,0,1812,50,0,Swipe ,Entertainment,181.2,0
788950158,Blue,245,1,61,2023-10-29,Week-44,Q4,2023,34516,1652,1283,39,0.048,Swipe ,Bills,307.92,0
788957358,Blue,410,1,53,2023-10-29,Week-44,Q4,2023,4930,2227,4224,77,0.452,Swipe ,Travel,971.52,0
788959758,Blue,150,0,139,2023-10-29,Week-44,Q4,2023,9148,561,3451,59,0.061,Swipe ,Entertainment,828.24,0
788960658,Blue,110,1,104,2023-10-29,Week-44,Q4,2023,2573,1742,4649,88,0.677,Swipe ,Entertainment,464.9,0
788965683,Blue,125,1,61,2023-10-29,Week-44,Q4,2023,1438.3,0,2170,41,0,Swipe ,Entertainment,195.3,0
788966958,Blue,125,1,102,2023-10-29,Week-44,Q4,2023,3112,2023,4613,86,0.65,Chip ,Food,876.47,0
788971308,Blue,175,0,60,2023-10-29,Week-44,Q4,2023,2658,1158,1809,41,0.436,Swipe ,Bills,144.72,0
788974608,Gold,480,1,112,2023-10-29,Week-44,Q4,2023,2829,2342,1561,41,0.828,Swipe ,Bills,421.47,0
788977833,Blue,150,0,79,2023-10-29,Week-44,Q4,2023,5362,1274,1876,41,0.238,Swipe ,Bills,525.28,0
788979258,Silver,190,0,86,2023-10-29,Week-44,Q4,2023,34516,1515,1293,32,0.044,Swipe ,Travel,206.88,0
788980983,Blue,435,1,153,2023-10-29,Week-44,Q4,2023,34516,1583,12192,112,0.046,Swipe ,Fuel,2194.56,0
788989083,Blue,200,1,120,2023-10-29,Week-44,Q4,2023,2817,1864,4535,82,0.662,Chip ,Bills,680.25,0
788990508,Blue,250,1,74,2023-10-29,Week-44,Q4,2023,1540,796,3714,56,0.517,Swipe ,Fuel,817.08,0
788994783,Blue,435,0,85,2023-10-29,Week-44,Q4,2023,1815,557,4519,76,0.307,Swipe ,Bills,1265.32,0
788996058,Blue,395,0,85,2023-10-29,Week-44,Q4,2023,2730,1970,3841,69,0.722,Chip ,Food,998.66,0
788997408,Blue,200,0,49,2023-10-29,Week-44,Q4,2023,2195,1917,4205,65,0.873,Chip ,Entertainment,462.55,0
789008508,Blue,365,0,70,2023-11-05,Week-45,Q4,2023,3472,1687,13999,119,0.486,Chip ,Travel,1119.92,0
789012633,Blue,385,0,103,2023-11-05,Week-45,Q4,2023,4868,1090,2907,69,0.224,Swipe ,Fuel,813.96,0
789013833,Silver,415,0,120,2023-11-05,Week-45,Q4,2023,34516,399,2118,41,0.012,Chip ,Fuel,275.34,0
789016983,Blue,245,0,111,2023-11-05,Week-45,Q4,2023,2948,968,7834,86,0.328,Swipe ,Entertainment,1331.78,0
789022233,Blue,410,0,116,2023-11-05,Week-45,Q4,2023,1438.3,754,4457,69,0.524,Chip ,Travel,668.55,0
789023508,Gold,375,1,91,2023-11-05,Week-45,Q4,2023,34516,1099,15490,110,0.032,Chip ,Travel,2943.1,0
789025083,Blue,380,1,116,2023-11-05,Week-45,Q4,2023,1438.3,860,4655,82,0.598,Chip ,Entertainment,791.35,0
789043008,Blue,175,0,135,2023-11-05,Week-45,Q4,2023,9919,0,2058,70,0,Swipe ,Grocery,452.76,0
789047208,Blue,150,1,104,2023-11-05,Week-45,Q4,2023,2454,1610,4983,79,0.656,Swipe ,Grocery,1445.07,0
789048858,Blue,440,1,57,2023-11-05,Week-45,Q4,2023,2234,1865,2115,59,0.835,Swipe ,Entertainment,253.8,0
789050883,Blue,275,1,92,2023-11-05,Week-45,Q4,2023,5297,0,2655,62,0,Swipe ,Entertainment,504.45,0
789052308,Blue,325,1,95,2023-11-05,Week-45,Q4,2023,4323,0,2451,38,0,Swipe ,Food,367.65,0
789053883,Blue,385,0,145,2023-11-05,Week-45,Q4,2023,11186,2231,3692,84,0.199,Chip ,Fuel,369.2,0
789059958,Gold,390,1,41,2023-11-05,Week-45,Q4,2023,34516,1045,3574,75,0.03,Chip ,Entertainment,285.92,0
789070233,Blue,200,1,145,2023-11-05,Week-45,Q4,2023,2987,1764,4339,72,0.591,Swipe ,Bills,954.58,0
789074358,Platinum,95,0,83,2023-11-05,Week-45,Q4,2023,10325,0,16856,122,0,Chip ,Travel,3371.2,0
789076083,Blue,245,1,108,2023-11-05,Week-45,Q4,2023,2775,1475,4608,84,0.532,Chip ,Bills,1105.92,0
789079758,Blue,125,1,103,2023-11-05,Week-45,Q4,2023,34516,1356,1531,48,0.039,Swipe ,Bills,321.51,0
789081408,Blue,335,1,85,2023-11-05,Week-45,Q4,2023,1438.3,170,2527,45,0.118,Swipe ,Fuel,252.7,0
789082758,Blue,300,1,105,2023-11-05,Week-45,Q4,2023,2734,1661,4981,90,0.608,Swipe ,Entertainment,647.53,0
789087858,Blue,325,1,111,2023-11-05,Week-45,Q4,2023,3361,2473,4589,69,0.736,Swipe ,Fuel,642.46,0
789089958,Silver,245,1,103,2023-11-05,Week-45,Q4,2023,33211,0,3662,81,0,Swipe ,Food,585.92,0
789095958,Blue,110,1,143,2023-11-05,Week-45,Q4,2023,7603,744,2497,42,0.098,Swipe ,Grocery,324.61,0
789097833,Blue,300,0,128,2023-11-05,Week-45,Q4,2023,3927,720,4230,93,0.183,Chip ,Entertainment,1099.8,0
789099783,Blue,245,1,116,2023-11-05,Week-45,Q4,2023,2069,839,4117,70,0.406,Chip ,Fuel,452.87,0
789101883,Blue,360,1,51,2023-11-05,Week-45,Q4,2023,14244,1673,2729,66,0.117,Swipe ,Fuel,218.32,0
789105183,Silver,110,0,93,2023-11-05,Week-45,Q4,2023,34516,2488,4401,87,0.072,Chip ,Entertainment,264.06,0
789109983,Blue,150,1,97,2023-11-05,Week-45,Q4,2023,4464,1418,3870,73,0.318,Swipe ,Grocery,348.3,0
789111483,Blue,150,1,94,2023-11-05,Week-45,Q4,2023,16546,1850,4255,75,0.112,Swipe ,Bills,808.45,0
789114408,Blue,365,0,119,2023-11-05,Week-45,Q4,2023,4182,0,4693,82,0,Online ,Fuel,938.6,0
789115833,Blue,125,1,74,2023-11-05,Week-45,Q4,2023,3233,1034,1256,29,0.32,Swipe ,Bills,125.6,1
789121233,Blue,250,0,108,2023-11-05,Week-45,Q4,2023,2329,2290,4609,76,0.983,Swipe ,Bills,829.62,1
789122808,Blue,250,1,112,2023-11-05,Week-45,Q4,2023,3281,0,2907,45,0,Chip ,Food,552.33,1
789124683,Blue,150,1,117,2023-11-05,Week-45,Q4,2023,12217,0,1110,21,0,Online ,Travel,66.6,1
789125733,Blue,285,1,110,2023-11-05,Week-45,Q4,2023,4002,1402,2114,53,0.35,Swipe ,Fuel,528.5,1
789127533,Blue,125,0,97,2023-11-05,Week-45,Q4,2023,32338,1664,3013,83,0.051,Swipe ,Travel,512.21,1
789129033,Blue,445,1,102,2023-11-05,Week-45,Q4,2023,14910,877,1150,26,0.059,Swipe ,Grocery,333.5,1
789138258,Blue,375,0,75,2023-11-05,Week-45,Q4,2023,2976,2372,4799,83,0.797,Swipe ,Food,959.8,1
789140283,Blue,270,0,94,2023-11-05,Week-45,Q4,2023,2664,2037,1286,29,0.765,Swipe ,Travel,257.2,1
789143283,Blue,395,1,87,2023-11-05,Week-45,Q4,2023,5647,1175,4868,76,0.208,Swipe ,Bills,973.6,1
789144633,Blue,465,1,83,2023-11-05,Week-45,Q4,2023,9705,850,2001,34,0.088,Chip ,Fuel,220.11,1
789150633,Blue,355,0,94,2023-11-05,Week-45,Q4,2023,3026,1888,3687,58,0.624,Swipe ,Grocery,368.7,1
789151983,Blue,390,1,68,2023-11-05,Week-45,Q4,2023,4091,1108,5244,87,0.271,Swipe ,Grocery,996.36,0
789154833,Blue,200,0,119,2023-11-05,Week-45,Q4,2023,19030,912,4137,72,0.048,Chip ,Entertainment,1158.36,0
789158433,Blue,360,0,110,2023-11-05,Week-45,Q4,2023,2497,1674,2922,53,0.67,Swipe ,Bills,759.72,0
789161358,Blue,200,1,91,2023-11-05,Week-45,Q4,2023,3213,2517,2666,46,0.783,Swipe ,Grocery,186.62,0
789164283,Blue,245,0,98,2023-11-05,Week-45,Q4,2023,2596,1929,4726,87,0.743,Swipe ,Grocery,992.46,0
789167658,Blue,475,0,99,2023-11-05,Week-45,Q4,2023,4245,1815,1534,34,0.428,Swipe ,Fuel,199.42,0
789170283,Blue,350,1,111,2023-11-05,Week-45,Q4,2023,6514,978,3084,63,0.15,Swipe ,Bills,555.12,0
789172683,Blue,250,1,81,2023-11-05,Week-45,Q4,2023,2283,1430,1741,27,0.626,Swipe ,Travel,243.74,0
789173958,Blue,410,0,96,2023-11-05,Week-45,Q4,2023,1438.3,877,4283,76,0.61,Chip ,Entertainment,770.94,0
789175683,Silver,350,0,119,2023-11-05,Week-45,Q4,2023,10741,2517,8352,71,0.234,Swipe ,Bills,1586.88,0
789177333,Blue,150,1,42,2023-11-05,Week-45,Q4,2023,1693,1088,2104,40,0.643,Online ,Grocery,568.08,0
789179583,Blue,125,1,79,2023-11-05,Week-45,Q4,2023,11881,1488,4865,87,0.125,Swipe ,Grocery,1118.95,0
789180933,Blue,455,1,101,2023-11-05,Week-45,Q4,2023,2917,2216,4524,67,0.76,Swipe ,Fuel,452.4,0
789182358,Blue,190,1,79,2023-11-05,Week-45,Q4,2023,17628,1414,3991,76,0.08,Chip ,Grocery,518.83,0
789185508,Blue,335,1,75,2023-11-05,Week-45,Q4,2023,5536,756,3918,70,0.137,Chip ,Entertainment,587.7,0
789186858,Blue,250,0,77,2023-11-05,Week-45,Q4,2023,33256,928,7796,97,0.028,Swipe ,Bills,857.56,0
789187908,Blue,150,0,44,2023-11-05,Week-45,Q4,2023,11102,1946,1448,36,0.175,Swipe ,Bills,202.72,0
789191358,Blue,430,1,98,2023-11-05,Week-45,Q4,2023,1854,794,4035,80,0.428,Swipe ,Fuel,685.95,0
789193383,Blue,345,0,159,2023-11-05,Week-45,Q4,2023,2644,1691,3495,70,0.64,Swipe ,Entertainment,209.7,0
789196158,Blue,410,1,114,2023-11-05,Week-45,Q4,2023,2173,1520,1485,26,0.699,Swipe ,Fuel,386.1,0
789197508,Blue,280,1,101,2023-11-05,Week-45,Q4,2023,2240,1580,1518,36,0.705,Online ,Entertainment,227.7,0
789198708,Blue,300,1,93,2023-11-05,Week-45,Q4,2023,27088,0,1135,24,0,Swipe ,Bills,204.3,0
789200208,Blue,110,1,104,2023-11-05,Week-45,Q4,2023,3326,2181,13583,110,0.656,Chip ,Fuel,3939.07,0
789204933,Blue,110,0,119,2023-11-05,Week-45,Q4,2023,8963,0,4511,76,0,Chip ,Entertainment,992.42,0
789209283,Blue,95,1,72,2023-11-05,Week-45,Q4,2023,4361,806,4518,84,0.185,Online ,Bills,1219.86,0
789212883,Blue,150,0,78,2023-11-05,Week-45,Q4,2023,1644,0,2533,44,0,Online ,Fuel,405.28,0
789218433,Blue,365,0,81,2023-11-05,Week-45,Q4,2023,1438.3,0,4528,86,0,Swipe ,Bills,1267.84,0
789220008,Blue,485,1,57,2023-11-05,Week-45,Q4,2023,4531,0,1425,27,0,Swipe ,Entertainment,342,0
789226683,Blue,385,0,73,2023-11-05,Week-45,Q4,2023,4969,1187,3878,82,0.239,Swipe ,Fuel,698.04,0
789228108,Blue,250,0,101,2023-11-05,Week-45,Q4,2023,9091,1306,4378,86,0.144,Swipe ,Fuel,1094.5,0
789231858,Blue,150,1,88,2023-11-05,Week-45,Q4,2023,1438.3,642,5177,79,0.446,Swipe ,Food,1035.4,0
789233808,Blue,125,1,112,2023-11-05,Week-45,Q4,2023,2425,1396,4568,74,0.576,Swipe ,Travel,319.76,0
789235383,Blue,195,0,53,2023-11-05,Week-45,Q4,2023,10386,1909,2119,52,0.184,Swipe ,Bills,360.23,0
789237333,Blue,450,1,120,2023-11-05,Week-45,Q4,2023,20237,1593,15041,102,0.079,Chip ,Travel,2556.97,0
789238683,Blue,200,1,113,2023-11-05,Week-45,Q4,2023,22664,0,4586,89,0,Chip ,Bills,275.16,0
789240258,Blue,245,1,88,2023-11-05,Week-45,Q4,2023,2784,2458,4904,81,0.883,Swipe ,Bills,588.48,0
789241308,Blue,100,0,114,2023-11-05,Week-45,Q4,2023,1438.3,0,2145,41,0,Swipe ,Entertainment,257.4,0
789244308,Blue,325,0,74,2023-11-05,Week-45,Q4,2023,17753,1899,3986,64,0.107,Swipe ,Grocery,757.34,0
789247458,Blue,190,0,68,2023-11-05,Week-45,Q4,2023,2801,1472,2467,54,0.526,Swipe ,Entertainment,444.06,0
789248958,Blue,410,0,157,2023-11-05,Week-45,Q4,2023,2946,2517,5259,89,0.854,Chip ,Fuel,1051.8,0
789261558,Blue,125,0,75,2023-11-05,Week-45,Q4,2023,2212,1392,1387,34,0.629,Swipe ,Bills,180.31,0
789262683,Blue,350,1,58,2023-11-05,Week-45,Q4,2023,3012,0,1315,23,0,Swipe ,Entertainment,118.35,0
789266208,Blue,445,1,88,2023-11-05,Week-45,Q4,2023,5920,1589,1408,28,0.268,Swipe ,Grocery,98.56,0
789267633,Blue,195,1,85,2023-11-05,Week-45,Q4,2023,2573,1760,4404,93,0.684,Swipe ,Entertainment,836.76,0
789270033,Silver,325,0,106,2023-11-05,Week-45,Q4,2023,34516,0,1122,13,0,Swipe ,Bills,89.76,0
789271533,Blue,345,0,113,2023-11-05,Week-45,Q4,2023,1438.3,908,4653,74,0.631,Swipe ,Fuel,884.07,0
789280683,Blue,275,1,77,2023-11-05,Week-45,Q4,2023,11714,898,13956,122,0.077,Chip ,Bills,3768.12,0
789282333,Blue,125,1,53,2023-11-05,Week-45,Q4,2023,10826,1274,1355,34,0.118,Swipe ,Bills,135.5,0
789289383,Silver,125,1,83,2023-11-05,Week-45,Q4,2023,34516,2120,14626,97,0.061,Swipe ,Bills,1608.86,0
789291633,Blue,100,1,50,2023-11-05,Week-45,Q4,2023,5450,967,1526,45,0.177,Online ,Bills,381.5,0
789293358,Blue,150,1,52,2023-11-05,Week-45,Q4,2023,7578,1794,5328,78,0.237,Chip ,Bills,479.52,0
789296133,Blue,150,0,84,2023-11-05,Week-45,Q4,2023,12287,770,4601,65,0.063,Swipe ,Bills,414.09,0
789297558,Blue,95,1,114,2023-11-05,Week-45,Q4,2023,7049,1932,2602,51,0.274,Swipe ,Bills,728.56,0
789298833,Blue,295,0,109,2023-11-05,Week-45,Q4,2023,23453,0,7555,96,0,Swipe ,Entertainment,1284.35,0
789300408,Blue,250,1,113,2023-11-05,Week-45,Q4,2023,1614,700,4293,87,0.434,Chip ,Bills,643.95,0
789301458,Blue,410,1,112,2023-11-05,Week-45,Q4,2023,9139,1620,4675,78,0.177,Swipe ,Fuel,888.25,0
789304983,Silver,485,1,134,2023-11-05,Week-45,Q4,2023,22226,1864,8753,97,0.084,Swipe ,Food,1225.42,0
789307833,Blue,480,0,97,2023-11-05,Week-45,Q4,2023,8874,1590,1849,56,0.179,Swipe ,Grocery,277.35,0
789309558,Blue,380,1,49,2023-11-05,Week-45,Q4,2023,2718,1920,2570,49,0.706,Swipe ,Entertainment,719.6,0
789310833,Blue,125,0,118,2023-11-05,Week-45,Q4,2023,4513,1950,3164,62,0.432,Swipe ,Entertainment,411.32,0
789312033,Blue,300,1,108,2023-11-05,Week-45,Q4,2023,3874,460,4921,51,0.119,Swipe ,Food,1279.46,0
789314133,Blue,295,1,65,2023-11-05,Week-45,Q4,2023,10320,1799,1754,45,0.174,Swipe ,Bills,175.4,0
789317883,Blue,100,1,81,2023-11-05,Week-45,Q4,2023,18750,1705,1200,36,0.091,Swipe ,Bills,276,0
789319458,Blue,300,1,73,2023-11-05,Week-45,Q4,2023,22639,1481,4219,65,0.065,Swipe ,Entertainment,506.28,0
789322833,Blue,485,1,76,2023-11-05,Week-45,Q4,2023,8025,0,673,18,0,Swipe ,Travel,148.06,0
789325008,Blue,190,1,112,2023-11-05,Week-45,Q4,2023,7862,1991,3645,82,0.253,Chip ,Bills,838.35,0
789326808,Blue,290,1,121,2023-11-05,Week-45,Q4,2023,8267,1720,1917,37,0.208,Swipe ,Entertainment,306.72,0
789328083,Blue,200,0,93,2023-11-05,Week-45,Q4,2023,3454,0,2826,39,0,Swipe ,Fuel,565.2,0
789331908,Blue,125,1,111,2023-11-05,Week-45,Q4,2023,8793,918,5342,64,0.104,Swipe ,Fuel,1549.18,0
789334458,Silver,295,1,108,2023-11-05,Week-45,Q4,2023,34516,1858,4197,67,0.054,Swipe ,Fuel,629.55,0
789337233,Blue,125,1,95,2023-11-05,Week-45,Q4,2023,2880,2362,1323,26,0.82,Swipe ,Bills,224.91,0
789338583,Blue,175,0,97,2023-11-05,Week-45,Q4,2023,26222,1073,1988,30,0.041,Swipe ,Bills,437.36,0
789339633,Blue,495,0,89,2023-11-05,Week-45,Q4,2023,30560,0,3736,55,0,Online ,Grocery,784.56,0
789344358,Blue,220,0,100,2023-11-05,Week-45,Q4,2023,3416,2468,1536,42,0.722,Swipe ,Entertainment,230.4,0
789345408,Blue,275,0,105,2023-11-05,Week-45,Q4,2023,1438.3,722,4983,53,0.502,Chip ,Fuel,896.94,0
789347133,Blue,390,1,111,2023-11-05,Week-45,Q4,2023,4468,2395,4690,79,0.536,Swipe ,Bills,1266.3,0
789351783,Blue,175,1,125,2023-11-05,Week-45,Q4,2023,2114,1618,4518,88,0.765,Chip ,Entertainment,406.62,0
789354783,Blue,430,0,138,2023-11-05,Week-45,Q4,2023,2329,1465,4286,86,0.629,Chip ,Grocery,300.02,0
789358908,Blue,365,1,86,2023-11-05,Week-45,Q4,2023,3573,0,2562,36,0,Chip ,Grocery,640.5,0
789362058,Blue,320,0,78,2023-11-05,Week-45,Q4,2023,5693,0,4003,64,0,Swipe ,Fuel,1040.78,0
789363408,Silver,370,0,95,2023-11-05,Week-45,Q4,2023,34516,2517,7427,83,0.073,Swipe ,Bills,965.51,0
789365508,Blue,245,1,140,2023-11-05,Week-45,Q4,2023,14839,512,1453,26,0.035,Swipe ,Bills,334.19,0
789367083,Blue,225,0,47,2023-11-05,Week-45,Q4,2023,2450,1490,3778,64,0.608,Swipe ,Bills,491.14,0
789368658,Blue,300,1,75,2023-11-05,Week-45,Q4,2023,2092,1387,1468,30,0.663,Swipe ,Bills,425.72,0
789370383,Blue,140,0,75,2023-11-05,Week-45,Q4,2023,2807,1845,1346,26,0.657,Swipe ,Entertainment,309.58,0
789373683,Blue,250,1,90,2023-11-05,Week-45,Q4,2023,1438.3,834,4976,70,0.58,Swipe ,Food,348.32,0
789382758,Blue,125,1,97,2023-11-05,Week-45,Q4,2023,5501,0,2050,51,0,Chip ,Bills,369,0
789392883,Blue,495,1,127,2023-11-05,Week-45,Q4,2023,1878,1247,4650,71,0.664,Chip ,Fuel,1302,0
789394833,Blue,110,0,95,2023-11-05,Week-45,Q4,2023,21714,1969,13270,104,0.091,Swipe ,Food,2786.7,0
789396783,Blue,400,1,108,2023-11-05,Week-45,Q4,2023,2112,1109,4729,78,0.525,Chip ,Fuel,993.09,0
789398733,Blue,175,0,55,2023-11-05,Week-45,Q4,2023,5270,779,16179,105,0.148,Swipe ,Fuel,3397.59,0
789407958,Blue,455,1,113,2023-11-05,Week-45,Q4,2023,17165,1153,4063,62,0.067,Swipe ,Bills,243.78,0
789412458,Blue,300,1,76,2023-11-05,Week-45,Q4,2023,23026,2517,4909,52,0.109,Swipe ,Food,687.26,0
789413958,Blue,395,0,107,2023-11-05,Week-45,Q4,2023,11909,1018,1938,53,0.085,Swipe ,Entertainment,523.26,0
789415983,Blue,475,0,107,2023-11-05,Week-45,Q4,2023,12397,1001,1888,42,0.081,Swipe ,Bills,132.16,1
789417708,Blue,245,1,150,2023-11-05,Week-45,Q4,2023,1438.3,1091,4988,90,0.759,Swipe ,Bills,947.72,1
789419658,Blue,380,1,75,2023-11-05,Week-45,Q4,2023,1438.3,0,4503,89,0,Swipe ,Grocery,450.3,1
789420933,Blue,245,1,116,2023-11-05,Week-45,Q4,2023,3108,778,4130,87,0.25,Swipe ,Food,826,1
789430083,Blue,300,0,109,2023-11-05,Week-45,Q4,2023,14987,1425,4470,83,0.095,Swipe ,Bills,804.6,1
789432033,Blue,455,1,96,2023-11-05,Week-45,Q4,2023,4065,230,7844,64,0.057,Chip ,Travel,1725.68,1
789433758,Blue,375,1,90,2023-11-05,Week-45,Q4,2023,6338,2379,1715,39,0.375,Swipe ,Entertainment,291.55,1
789435783,Silver,250,1,155,2023-11-05,Week-45,Q4,2023,2909,1274,1532,26,0.438,Swipe ,Bills,153.2,1
789450408,Silver,175,1,112,2023-11-05,Week-45,Q4,2023,5877,1713,15106,91,0.291,Swipe ,Food,3625.44,1
789454683,Blue,125,1,81,2023-11-05,Week-45,Q4,2023,1912,1281,5046,79,0.67,Swipe ,Travel,1412.88,1
789466008,Blue,320,0,131,2023-11-05,Week-45,Q4,2023,24033,612,3578,75,0.025,Chip ,Bills,1037.62,1
789467508,Blue,300,1,113,2023-11-05,Week-45,Q4,2023,2961,1570,1937,57,0.53,Swipe ,Bills,154.96,0
789469083,Blue,300,1,109,2023-11-05,Week-45,Q4,2023,10795,0,7855,81,0,Swipe ,Fuel,1963.75,0
789472833,Blue,100,1,108,2023-11-05,Week-45,Q4,2023,2283,1690,4377,64,0.74,Swipe ,Grocery,962.94,0
789477483,Blue,245,0,75,2023-11-05,Week-45,Q4,2023,4433,1488,3847,76,0.336,Chip ,Bills,538.58,0
789479058,Blue,375,1,73,2023-11-05,Week-45,Q4,2023,1438.3,0,4459,66,0,Swipe ,Grocery,713.44,0
789481233,Blue,290,1,84,2023-11-05,Week-45,Q4,2023,2220,0,2859,55,0,Chip ,Bills,543.21,0
789483333,Blue,245,1,83,2023-11-05,Week-45,Q4,2023,5214,795,1258,23,0.152,Swipe ,Bills,327.08,0
789485433,Blue,175,0,108,2023-11-05,Week-45,Q4,2023,34516,668,1698,67,0.019,Swipe ,Bills,271.68,0
789487308,Blue,285,0,136,2023-11-05,Week-45,Q4,2023,10033,0,4106,78,0,Swipe ,Grocery,1026.5,0
789491058,Blue,175,0,58,2023-11-05,Week-45,Q4,2023,1620,0,4570,82,0,Swipe ,Travel,411.3,0
789492558,Blue,460,0,93,2023-11-05,Week-45,Q4,2023,2096,1276,4926,82,0.609,Swipe ,Entertainment,443.34,0
789494133,Blue,460,0,82,2023-11-05,Week-45,Q4,2023,2490,1259,2441,53,0.506,Swipe ,Bills,414.97,0
789497283,Blue,195,0,92,2023-11-05,Week-45,Q4,2023,34162,1723,7572,56,0.05,Chip ,Entertainment,1665.84,0
789502308,Blue,465,0,115,2023-11-05,Week-45,Q4,2023,1551,790,2379,46,0.509,Chip ,Fuel,499.59,0
789504183,Blue,445,1,86,2023-11-05,Week-45,Q4,2023,34516,0,2574,62,0,Swipe ,Entertainment,231.66,0
789507408,Blue,405,1,147,2023-11-05,Week-45,Q4,2023,2337,0,5203,90,0,Swipe ,Fuel,832.48,0
789508758,Blue,335,1,69,2023-11-05,Week-45,Q4,2023,4170,641,3669,67,0.154,Swipe ,Food,990.63,0
789513858,Blue,150,0,105,2023-11-05,Week-45,Q4,2023,1438.3,0,891,28,0,Swipe ,Entertainment,196.02,0
789515283,Blue,415,0,91,2023-11-05,Week-45,Q4,2023,2157,1494,4784,69,0.693,Swipe ,Travel,621.92,0
789520533,Blue,355,0,54,2023-11-05,Week-45,Q4,2023,26174,1864,4551,65,0.071,Chip ,Grocery,546.12,0
789523683,Blue,175,0,157,2023-11-05,Week-45,Q4,2023,2180,1865,4348,77,0.856,Swipe ,Fuel,1000.04,0
789525408,Blue,150,1,96,2023-11-05,Week-45,Q4,2023,3749,1594,7990,89,0.425,Swipe ,Fuel,1997.5,0
789526458,Blue,200,0,156,2023-11-05,Week-45,Q4,2023,2534,1706,3965,57,0.673,Swipe ,Travel,237.9,0
789528183,Blue,150,0,120,2023-11-05,Week-45,Q4,2023,1438.3,997,2583,47,0.693,Swipe ,Entertainment,335.79,0
789529158,Blue,425,0,109,2023-11-05,Week-45,Q4,2023,2946,743,8553,88,0.252,Swipe ,Grocery,1026.36,0
789530208,Blue,365,1,72,2023-11-05,Week-45,Q4,2023,2737,2517,1619,37,0.92,Swipe ,Bills,194.28,0
789531633,Blue,350,1,90,2023-11-05,Week-45,Q4,2023,4117,777,5218,88,0.189,Chip ,Food,730.52,0
789533133,Blue,200,1,73,2023-11-05,Week-45,Q4,2023,4995,1766,4389,82,0.354,Swipe ,Bills,702.24,0
789535233,Silver,290,0,95,2023-11-05,Week-45,Q4,2023,34516,1618,11603,109,0.047,Swipe ,Food,812.21,0
789539058,Platinum,440,1,96,2023-11-05,Week-45,Q4,2023,4342,893,17064,116,0.206,Swipe ,Fuel,1023.84,0
789540108,Blue,445,1,112,2023-11-05,Week-45,Q4,2023,2832,1819,4761,75,0.642,Swipe ,Bills,714.15,0
789541458,Blue,415,1,66,2023-11-05,Week-45,Q4,2023,1438.3,977,4840,85,0.679,Swipe ,Bills,1306.8,0
789550458,Silver,110,1,78,2023-11-05,Week-45,Q4,2023,15223,1729,14230,111,0.114,Online ,Food,3984.4,0
789551883,Blue,110,1,68,2023-11-05,Week-45,Q4,2023,14803,985,14426,87,0.067,Swipe ,Food,3895.02,0
789556533,Blue,200,0,77,2023-11-05,Week-45,Q4,2023,23070,1701,8070,81,0.074,Swipe ,Bills,645.6,0
789560433,Blue,360,0,99,2023-11-05,Week-45,Q4,2023,14895,0,5147,53,0,Swipe ,Bills,463.23,0
789562383,Blue,280,1,120,2023-11-05,Week-45,Q4,2023,1438.3,583,1259,24,0.405,Swipe ,Food,188.85,0
789563658,Silver,335,1,101,2023-11-05,Week-45,Q4,2023,12155,0,4618,60,0,Chip ,Bills,969.78,0
789575583,Blue,470,0,59,2023-11-05,Week-45,Q4,2023,6931,1380,4437,64,0.199,Chip ,Entertainment,843.03,0
789577833,Blue,330,0,128,2023-11-05,Week-45,Q4,2023,8902,1932,969,29,0.217,Swipe ,Bills,106.59,0
789579033,Blue,300,1,78,2023-11-05,Week-45,Q4,2023,4878,2098,5021,84,0.43,Swipe ,Bills,1456.09,0
789580908,Blue,190,0,120,2023-11-05,Week-45,Q4,2023,8512,1471,4056,81,0.173,Chip ,Grocery,770.64,0
789582483,Blue,365,0,115,2023-11-05,Week-45,Q4,2023,9369,1813,7699,101,0.194,Swipe ,Food,846.89,0
789586833,Blue,150,0,57,2023-11-05,Week-45,Q4,2023,2883,1732,4053,85,0.601,Chip ,Entertainment,567.42,0
789588933,Blue,380,1,70,2023-11-05,Week-45,Q4,2023,1787,0,3912,79,0,Swipe ,Entertainment,978,0
789593058,Blue,420,0,74,2023-11-05,Week-45,Q4,2023,24248,1020,3311,84,0.042,Swipe ,Bills,430.43,0
789594108,Blue,340,1,100,2023-11-05,Week-45,Q4,2023,3429,1779,14107,99,0.519,Swipe ,Food,2398.19,0
789597408,Silver,340,1,99,2023-11-05,Week-45,Q4,2023,17814,0,4712,76,0,Swipe ,Fuel,801.04,0
789599283,Blue,300,1,78,2023-11-12,Week-46,Q4,2023,2002,1448,3406,62,0.723,Online ,Entertainment,783.38,0
789601308,Blue,245,1,155,2023-11-12,Week-46,Q4,2023,12398,0,4228,93,0,Swipe ,Grocery,718.76,0
789603183,Blue,460,1,45,2023-11-12,Week-46,Q4,2023,9728,0,3756,57,0,Swipe ,Grocery,1014.12,0
789605658,Blue,340,0,53,2023-11-12,Week-46,Q4,2023,2985,2355,1065,27,0.789,Swipe ,Bills,308.85,0
789607983,Blue,245,0,106,2023-11-12,Week-46,Q4,2023,8603,1046,1758,40,0.122,Swipe ,Bills,140.64,0
789611283,Blue,125,0,115,2023-11-12,Week-46,Q4,2023,5452,2091,1347,30,0.384,Swipe ,Bills,175.11,0
789613083,Blue,390,1,77,2023-11-12,Week-46,Q4,2023,1943,0,5108,81,0,Swipe ,Food,1328.08,0
789616158,Blue,195,1,121,2023-11-12,Week-46,Q4,2023,25045,0,3444,52,0,Chip ,Travel,929.88,0
789625383,Blue,200,1,131,2023-11-12,Week-46,Q4,2023,9727,1626,3543,62,0.167,Chip ,Food,248.01,0
789627258,Blue,125,1,44,2023-11-12,Week-46,Q4,2023,1935,1033,2498,60,0.534,Swipe ,Travel,574.54,0
789631908,Blue,495,0,116,2023-11-12,Week-46,Q4,2023,3031,1787,4690,85,0.59,Swipe ,Bills,1266.3,0
789634983,Blue,250,1,89,2023-11-12,Week-46,Q4,2023,4188,2200,4911,86,0.525,Swipe ,Bills,1227.75,0
789637308,Blue,340,1,108,2023-11-12,Week-46,Q4,2023,3076,0,2580,50,0,Swipe ,Food,438.6,0
789643383,Blue,285,1,119,2023-11-12,Week-46,Q4,2023,13435,0,3575,56,0,Swipe ,Fuel,357.5,0
789646158,Blue,140,1,98,2023-11-12,Week-46,Q4,2023,3653,881,3297,66,0.241,Online ,Bills,791.28,0
789656358,Blue,470,0,120,2023-11-12,Week-46,Q4,2023,11115,1292,3956,74,0.116,Swipe ,Fuel,632.96,0
789662283,Blue,245,1,88,2023-11-12,Week-46,Q4,2023,2140,0,2915,50,0,Chip ,Fuel,612.15,0
789666333,Blue,150,1,128,2023-11-12,Week-46,Q4,2023,21679,1073,15581,115,0.049,Online ,Grocery,3895.25,0
789670533,Blue,365,1,104,2023-11-12,Week-46,Q4,2023,1438.3,0,4300,67,0,Swipe ,Entertainment,602,0
789678483,Silver,415,0,92,2023-11-12,Week-46,Q4,2023,13384,0,4773,77,0,Swipe ,Bills,1240.98,0
789681708,Gold,300,0,102,2023-11-12,Week-46,Q4,2023,34516,713,7750,82,0.021,Swipe ,Grocery,697.5,0
789684258,Silver,195,1,82,2023-11-12,Week-46,Q4,2023,34516,1847,7842,61,0.054,Swipe ,Entertainment,705.78,0
789690483,Blue,495,0,80,2023-11-12,Week-46,Q4,2023,8208,0,3135,39,0,Swipe ,Fuel,846.45,0
789692283,Blue,385,1,109,2023-11-12,Week-46,Q4,2023,5950,0,4655,66,0,Chip ,Fuel,1070.65,0
789698733,Blue,455,0,114,2023-11-12,Week-46,Q4,2023,4788,1088,4438,78,0.227,Swipe ,Bills,931.98,0
789701658,Blue,140,1,141,2023-11-12,Week-46,Q4,2023,2047,1196,2180,33,0.584,Swipe ,Fuel,523.2,0
789705408,Blue,455,1,75,2023-11-12,Week-46,Q4,2023,4743,1687,3739,55,0.356,Chip ,Grocery,411.29,0
789707433,Blue,300,1,115,2023-11-12,Week-46,Q4,2023,2515,1313,4370,68,0.522,Chip ,Entertainment,349.6,0
789713208,Blue,325,0,51,2023-11-12,Week-46,Q4,2023,2936,326,2692,29,0.111,Online ,Grocery,296.12,0
789717708,Blue,200,1,48,2023-11-12,Week-46,Q4,2023,3943,1135,4180,82,0.288,Swipe ,Entertainment,1128.6,0
789731433,Blue,435,1,113,2023-11-12,Week-46,Q4,2023,2063,1390,2602,42,0.674,Swipe ,Entertainment,416.32,0
789733008,Blue,475,1,83,2023-11-12,Week-46,Q4,2023,10723,1529,2938,63,0.143,Swipe ,Entertainment,293.8,0
789744033,Blue,405,1,81,2023-11-12,Week-46,Q4,2023,19999,1007,3183,69,0.05,Online ,Fuel,572.94,0
789749433,Blue,300,1,107,2023-11-12,Week-46,Q4,2023,2591,2340,4730,82,0.903,Online ,Bills,1277.1,0
789760233,Blue,300,1,99,2023-11-12,Week-46,Q4,2023,3544,0,2435,63,0,Swipe ,Travel,560.05,0
789772983,Blue,430,0,89,2023-11-12,Week-46,Q4,2023,4694,0,3798,56,0,Swipe ,Fuel,417.78,0
789775308,Blue,200,1,82,2023-11-12,Week-46,Q4,2023,1438.3,1120,4880,77,0.779,Chip ,Entertainment,1073.6,0
789777408,Blue,125,1,46,2023-11-12,Week-46,Q4,2023,1442,1428,1134,26,0.99,Swipe ,Fuel,158.76,0
789780033,Silver,330,1,160,2023-11-12,Week-46,Q4,2023,34516,917,14202,114,0.027,Chip ,Travel,994.14,0
789786258,Blue,150,1,114,2023-11-12,Week-46,Q4,2023,26570,1915,2118,33,0.072,Swipe ,Fuel,614.22,0
789791808,Blue,290,1,119,2023-11-12,Week-46,Q4,2023,7139,1512,14802,112,0.212,Swipe ,Food,3996.54,0
789800358,Blue,360,1,115,2023-11-12,Week-46,Q4,2023,2647,1288,4730,78,0.487,Swipe ,Grocery,898.7,0
789804933,Blue,295,0,96,2023-11-12,Week-46,Q4,2023,23125,1236,2536,69,0.053,Swipe ,Bills,405.76,0
789817833,Blue,290,1,114,2023-11-12,Week-46,Q4,2023,9073,2466,6793,60,0.272,Online ,Food,475.51,0
789820308,Blue,150,1,90,2023-11-12,Week-46,Q4,2023,2925,2065,3913,47,0.706,Swipe ,Entertainment,899.99,0
789823383,Blue,405,1,107,2023-11-12,Week-46,Q4,2023,2786,1635,4532,82,0.587,Chip ,Entertainment,997.04,0
789827208,Blue,250,0,106,2023-11-12,Week-46,Q4,2023,7531,1692,7768,92,0.225,Swipe ,Bills,1475.92,0
789830058,Blue,295,0,128,2023-11-12,Week-46,Q4,2023,21573,1585,1384,36,0.073,Swipe ,Travel,207.6,0
789833583,Blue,250,1,46,2023-11-12,Week-46,Q4,2023,6803,1332,1476,30,0.196,Swipe ,Bills,428.04,0
789842283,Blue,435,0,116,2023-11-12,Week-46,Q4,2023,4320,0,706,21,0,Swipe ,Bills,155.32,0
789849108,Blue,470,0,53,2023-11-12,Week-46,Q4,2023,14365,0,2290,62,0,Swipe ,Bills,458,0
789853533,Blue,245,0,61,2023-11-12,Week-46,Q4,2023,3032,0,1037,14,0,Swipe ,Grocery,197.03,0
789859833,Blue,200,1,106,2023-11-12,Week-46,Q4,2023,2515,1767,4388,67,0.703,Swipe ,Grocery,877.6,0
789863208,Blue,175,0,117,2023-11-12,Week-46,Q4,2023,2027,1480,1702,37,0.73,Swipe ,Bills,102.12,0
789866133,Blue,250,1,83,2023-11-12,Week-46,Q4,2023,4318,2359,12867,118,0.546,Swipe ,Food,2444.73,0
789871233,Blue,175,1,139,2023-11-12,Week-46,Q4,2023,2361,1342,4316,78,0.568,Swipe ,Grocery,431.6,0
789875883,Blue,420,1,94,2023-11-12,Week-46,Q4,2023,2490,627,1391,45,0.252,Swipe ,Entertainment,375.57,0
789878283,Blue,450,1,118,2023-11-12,Week-46,Q4,2023,3152,1174,13670,117,0.372,Swipe ,Food,3417.5,0
789880533,Blue,125,1,105,2023-11-12,Week-46,Q4,2023,5913,1651,2404,39,0.279,Swipe ,Fuel,504.84,0
789886533,Blue,250,1,97,2023-11-12,Week-46,Q4,2023,3947,1746,1110,21,0.442,Swipe ,Bills,244.2,0
789890958,Blue,250,0,111,2023-11-12,Week-46,Q4,2023,10948,482,16230,111,0.044,Chip ,Travel,2272.2,0
789893808,Silver,300,1,88,2023-11-12,Week-46,Q4,2023,34516,1230,2100,38,0.036,Swipe ,Bills,126,0
789900633,Blue,300,0,117,2023-11-12,Week-46,Q4,2023,3263,1522,4288,69,0.466,Chip ,Bills,1114.88,0
789903708,Blue,150,1,86,2023-11-12,Week-46,Q4,2023,4505,1562,3968,68,0.347,Swipe ,Entertainment,1031.68,0
789907533,Blue,390,1,96,2023-11-12,Week-46,Q4,2023,4576,193,3100,54,0.042,Swipe ,Fuel,713,0
789911808,Blue,100,1,111,2023-11-12,Week-46,Q4,2023,2672,1259,2487,52,0.471,Swipe ,Travel,572.01,0
789917208,Blue,300,0,103,2023-11-12,Week-46,Q4,2023,1968,1781,5087,69,0.905,Swipe ,Fuel,1373.49,0
789920883,Blue,490,1,122,2023-11-12,Week-46,Q4,2023,11189,2517,2959,58,0.225,Swipe ,Bills,591.8,0
789923058,Blue,95,1,88,2023-11-12,Week-46,Q4,2023,1816,0,2474,44,0,Swipe ,Grocery,692.72,0
789925833,Blue,125,1,94,2023-11-12,Week-46,Q4,2023,8159,2277,4402,64,0.279,Swipe ,Bills,704.32,0
789937683,Blue,250,0,74,2023-11-12,Week-46,Q4,2023,3645,701,15559,120,0.192,Chip ,Travel,933.54,0
789939558,Blue,335,0,96,2023-11-12,Week-46,Q4,2023,4523,1841,5112,87,0.407,Swipe ,Entertainment,306.72,0
789942033,Blue,125,0,78,2023-11-12,Week-46,Q4,2023,10573,0,2237,43,0,Chip ,Entertainment,201.33,0
789945933,Blue,150,0,116,2023-11-12,Week-46,Q4,2023,1438.3,0,3560,67,0,Chip ,Travel,818.8,1
789948408,Blue,245,1,117,2023-11-12,Week-46,Q4,2023,34516,1718,5220,74,0.05,Chip ,Bills,835.2,1
789952158,Blue,190,0,80,2023-11-12,Week-46,Q4,2023,2318,2069,2689,57,0.893,Swipe ,Bills,161.34,1
789953733,Blue,175,0,99,2023-11-12,Week-46,Q4,2023,2470,1961,4519,78,0.794,Chip ,Bills,271.14,1
789959283,Blue,455,1,69,2023-11-12,Week-46,Q4,2023,4061,1775,1602,40,0.437,Swipe ,Fuel,272.34,1
789960783,Silver,290,0,80,2023-11-12,Week-46,Q4,2023,10398,1630,7702,81,0.157,Swipe ,Grocery,2233.58,1
789963033,Blue,320,1,123,2023-11-12,Week-46,Q4,2023,1438.3,0,1603,39,0,Swipe ,Grocery,336.63,1
789964983,Blue,200,0,64,2023-11-12,Week-46,Q4,2023,9569,0,1724,35,0,Swipe ,Entertainment,224.12,1
789968058,Blue,200,1,127,2023-11-12,Week-46,Q4,2023,9036,2327,1131,18,0.258,Swipe ,Travel,147.03,1
789970233,Blue,330,0,115,2023-11-12,Week-46,Q4,2023,2513,1126,1454,30,0.448,Swipe ,Travel,101.78,1
789973308,Blue,200,1,120,2023-11-12,Week-46,Q4,2023,24312,1932,1341,24,0.079,Swipe ,Travel,308.43,0
789983133,Silver,445,1,88,2023-11-12,Week-46,Q4,2023,34516,1780,14185,98,0.052,Swipe ,Food,3688.1,0
789987183,Blue,375,1,79,2023-11-12,Week-46,Q4,2023,21953,1311,1413,37,0.06,Swipe ,Bills,155.43,0
789990333,Blue,345,1,100,2023-11-12,Week-46,Q4,2023,2303,722,4469,80,0.314,Chip ,Bills,715.04,0
789992733,Blue,250,1,94,2023-11-12,Week-46,Q4,2023,2210,1539,4937,75,0.696,Swipe ,Bills,938.03,0
789996783,Blue,340,1,65,2023-11-12,Week-46,Q4,2023,5393,2509,4769,102,0.465,Swipe ,Fuel,953.8,0
790000608,Blue,125,0,133,2023-11-12,Week-46,Q4,2023,6723,968,3838,67,0.144,Chip ,Fuel,422.18,0
790002783,Blue,425,1,79,2023-11-12,Week-46,Q4,2023,19595,610,4079,65,0.031,Chip ,Grocery,652.64,0
790004883,Blue,150,0,59,2023-11-12,Week-46,Q4,2023,2938,1995,1352,30,0.679,Swipe ,Grocery,81.12,0
790006383,Blue,125,0,112,2023-11-12,Week-46,Q4,2023,9654,2035,4221,67,0.211,Chip ,Entertainment,844.2,0
790017858,Blue,245,0,101,2023-11-12,Week-46,Q4,2023,3979,1319,4598,67,0.331,Swipe ,Entertainment,459.8,0
790021233,Blue,420,1,103,2023-11-12,Week-46,Q4,2023,2300,1598,4287,84,0.695,Swipe ,Entertainment,514.44,0
790023408,Blue,360,0,78,2023-11-12,Week-46,Q4,2023,2915,2422,4037,83,0.831,Swipe ,Entertainment,1130.36,0
790048158,Blue,175,0,81,2023-11-12,Week-46,Q4,2023,8881,1865,2632,54,0.21,Swipe ,Bills,500.08,0
790051758,Blue,200,0,44,2023-11-12,Week-46,Q4,2023,31782,0,4800,53,0,Swipe ,Entertainment,960,0
790069233,Blue,140,1,155,2023-11-12,Week-46,Q4,2023,2052,0,4289,72,0,Swipe ,Bills,343.12,0
790082508,Blue,200,1,70,2023-11-12,Week-46,Q4,2023,34516,1658,2935,65,0.048,Swipe ,Grocery,587,0
790096533,Blue,385,1,82,2023-11-12,Week-46,Q4,2023,8863,1301,1512,27,0.147,Swipe ,Travel,423.36,0
790099758,Blue,480,0,69,2023-11-12,Week-46,Q4,2023,6884,1001,975,11,0.145,Swipe ,Grocery,165.75,0
790102008,Blue,175,0,46,2023-11-12,Week-46,Q4,2023,5924,1023,3305,80,0.173,Swipe ,Entertainment,495.75,0
790108908,Blue,100,0,156,2023-11-12,Week-46,Q4,2023,34058,0,4043,57,0,Swipe ,Fuel,889.46,0
790112133,Blue,340,1,86,2023-11-12,Week-46,Q4,2023,2623,1647,4388,83,0.628,Chip ,Fuel,1228.64,0
790115358,Blue,175,1,158,2023-11-12,Week-46,Q4,2023,4325,2418,4588,77,0.559,Swipe ,Food,1147,0
790119408,Blue,250,1,146,2023-11-12,Week-46,Q4,2023,4960,0,2430,48,0,Swipe ,Travel,194.4,0
790123983,Blue,250,1,103,2023-11-12,Week-46,Q4,2023,2974,2090,4297,88,0.703,Chip ,Bills,300.79,0
790128033,Blue,445,0,86,2023-11-12,Week-46,Q4,2023,16494,1348,1302,36,0.082,Swipe ,Entertainment,130.2,0
790131033,Blue,490,0,98,2023-11-12,Week-46,Q4,2023,3416,2517,14230,105,0.737,Chip ,Bills,1423,0
790134408,Blue,190,1,91,2023-11-12,Week-46,Q4,2023,10741,755,1278,22,0.07,Swipe ,Bills,255.6,0
790139583,Blue,470,0,108,2023-11-12,Week-46,Q4,2023,1438.3,801,4386,64,0.557,Swipe ,Fuel,745.62,0
790141308,Blue,150,0,104,2023-11-12,Week-46,Q4,2023,8241,0,4436,79,0,Chip ,Entertainment,1197.72,0
790145733,Silver,125,1,97,2023-11-12,Week-46,Q4,2023,34516,0,1112,26,0,Swipe ,Fuel,100.08,0
790149483,Blue,245,1,116,2023-11-12,Week-46,Q4,2023,8566,1484,4195,89,0.173,Swipe ,Grocery,251.7,0
790164408,Blue,345,1,112,2023-11-12,Week-46,Q4,2023,2308,2094,4869,77,0.907,Swipe ,Food,584.28,0
790168083,Blue,360,1,114,2023-11-12,Week-46,Q4,2023,22741,2176,8438,100,0.096,Swipe ,Bills,2362.64,0
790174608,Blue,325,0,80,2023-11-12,Week-46,Q4,2023,19300,1181,2660,70,0.061,Swipe ,Grocery,212.8,0
790186458,Blue,100,1,102,2023-11-12,Week-46,Q4,2023,17996,864,1589,30,0.048,Swipe ,Fuel,429.03,0
790201158,Silver,410,1,83,2023-11-12,Week-46,Q4,2023,13062,1731,13609,108,0.133,Chip ,Bills,2449.62,0
790204983,Blue,300,1,83,2023-11-12,Week-46,Q4,2023,3131,0,4507,93,0,Swipe ,Food,270.42,0
790221633,Blue,370,0,114,2023-11-12,Week-46,Q4,2023,3897,2296,4627,77,0.589,Swipe ,Grocery,925.4,0
790225758,Blue,440,1,76,2023-11-12,Week-46,Q4,2023,2647,620,2262,47,0.234,Swipe ,Fuel,407.16,0
791730183,Blue,225,1,89,2023-11-12,Week-46,Q4,2023,7385,1817,5070,50,0.246,Swipe ,Fuel,861.9,0
791754258,Blue,375,1,88,2023-11-12,Week-46,Q4,2023,2557,2351,4342,73,0.919,Swipe ,Grocery,607.88,0
791822733,Blue,460,1,122,2023-11-12,Week-46,Q4,2023,5630,748,4904,81,0.133,Chip ,Bills,735.6,0
791839233,Blue,475,1,59,2023-11-12,Week-46,Q4,2023,17536,1525,1411,28,0.087,Swipe ,Entertainment,380.97,0
791856033,Blue,175,1,109,2023-11-12,Week-46,Q4,2023,34516,0,1041,27,0,Swipe ,Travel,114.51,0
792098883,Blue,410,0,96,2023-11-12,Week-46,Q4,2023,2360,1204,3696,82,0.51,Online ,Fuel,517.44,0
792139308,Blue,175,0,70,2023-11-12,Week-46,Q4,2023,9215,639,13345,114,0.069,Swipe ,Food,1868.3,0
792152283,Blue,395,1,75,2023-11-12,Week-46,Q4,2023,8426,0,14378,103,0,Chip ,Entertainment,3450.72,0
792272658,Blue,375,1,40,2023-11-12,Week-46,Q4,2023,22380,1220,3756,73,0.055,Swipe ,Travel,600.96,0
792300858,Blue,195,1,143,2023-11-12,Week-46,Q4,2023,4269,1852,4178,75,0.434,Swipe ,Grocery,1086.28,0
792345258,Blue,460,1,70,2023-11-12,Week-46,Q4,2023,20080,0,4620,70,0,Swipe ,Food,323.4,0
792402483,Blue,200,1,80,2023-11-12,Week-46,Q4,2023,12280,985,4263,70,0.08,Swipe ,Bills,895.23,0
792524358,Gold,420,0,88,2023-11-12,Week-46,Q4,2023,34516,810,7917,95,0.023,Online ,Entertainment,791.7,0
792565908,Blue,245,1,99,2023-11-12,Week-46,Q4,2023,2684,1474,2346,51,0.549,Swipe ,Grocery,281.52,0
792695808,Blue,250,0,128,2023-11-12,Week-46,Q4,2023,18232,1140,4775,84,0.063,Swipe ,Entertainment,1289.25,0
792795933,Blue,250,0,67,2023-11-12,Week-46,Q4,2023,2669,2397,3847,65,0.898,Swipe ,Grocery,807.87,0
792864858,Blue,470,0,151,2023-11-12,Week-46,Q4,2023,5726,834,2311,58,0.146,Chip ,Fuel,369.76,0
792912708,Silver,225,1,52,2023-11-12,Week-46,Q4,2023,15198,2098,3183,64,0.138,Swipe ,Fuel,827.58,0
792995808,Blue,175,0,105,2023-11-12,Week-46,Q4,2023,7226,1689,3474,67,0.234,Swipe ,Bills,555.84,0
793015083,Blue,220,1,57,2023-11-12,Week-46,Q4,2023,2586,1270,4481,77,0.491,Chip ,Entertainment,1120.25,0
793059108,Blue,125,1,91,2023-11-12,Week-46,Q4,2023,2339,1440,893,22,0.616,Swipe ,Travel,98.23,0
793222008,Blue,420,1,88,2023-11-12,Week-46,Q4,2023,5397,1784,2056,49,0.331,Swipe ,Entertainment,246.72,0
793269933,Silver,275,0,96,2023-11-12,Week-46,Q4,2023,28829,0,4540,78,0,Chip ,Bills,363.2,0
793336383,Blue,95,0,85,2023-11-12,Week-46,Q4,2023,2709,2034,4915,92,0.751,Swipe ,Entertainment,1081.3,0
793345008,Blue,465,0,95,2023-11-12,Week-46,Q4,2023,1438.3,0,4287,80,0,Chip ,Grocery,857.4,0
793355508,Blue,200,0,105,2023-11-12,Week-46,Q4,2023,6942,0,2657,71,0,Swipe ,Bills,478.26,0
793379058,Blue,425,0,127,2023-11-12,Week-46,Q4,2023,2214,1025,5084,82,0.463,Swipe ,Entertainment,1474.36,0
793395933,Blue,465,1,87,2023-11-12,Week-46,Q4,2023,2716,1740,4208,69,0.641,Chip ,Entertainment,715.36,0
793412958,Blue,200,1,100,2023-11-12,Week-46,Q4,2023,2440,1501,4382,88,0.615,Chip ,Fuel,1007.86,0
793428408,Blue,435,0,120,2023-11-12,Week-46,Q4,2023,1596,1185,5235,76,0.742,Swipe ,Food,418.8,0
793449333,Silver,175,0,152,2023-11-12,Week-46,Q4,2023,29974,2114,15190,115,0.071,Chip ,Bills,1519,0
793456983,Blue,425,0,102,2023-11-12,Week-46,Q4,2023,7872,989,13746,104,0.126,Online ,Entertainment,2886.66,0
793461933,Blue,475,1,90,2023-11-12,Week-46,Q4,2023,5699,1006,2835,57,0.177,Swipe ,Entertainment,283.5,0
793473033,Blue,360,0,131,2023-11-12,Week-46,Q4,2023,3228,2517,1349,33,0.78,Swipe ,Bills,296.78,0
793543758,Blue,295,1,51,2023-11-12,Week-46,Q4,2023,10614,784,4601,77,0.074,Chip ,Bills,966.21,0
793550958,Blue,125,1,59,2023-11-12,Week-46,Q4,2023,1438.3,0,1501,40,0,Swipe ,Entertainment,390.26,0
793560033,Silver,150,0,93,2023-11-12,Week-46,Q4,2023,34516,1930,16369,125,0.056,Online ,Grocery,4583.32,0
793581933,Silver,445,1,77,2023-11-12,Week-46,Q4,2023,19853,1513,1878,55,0.076,Swipe ,Bills,431.94,0
793597833,Blue,430,1,100,2023-11-12,Week-46,Q4,2023,2481,1568,4466,69,0.632,Swipe ,Bills,625.24,0
793608258,Silver,455,0,93,2023-11-12,Week-46,Q4,2023,13432,0,4909,50,0,Swipe ,Entertainment,441.81,0
793616883,Blue,250,1,108,2023-11-12,Week-46,Q4,2023,1438.3,668,5205,78,0.464,Online ,Fuel,1197.15,0
793625583,Blue,125,0,100,2023-11-12,Week-46,Q4,2023,3743,2090,4674,67,0.558,Swipe ,Food,1261.98,0
793630083,Blue,220,0,90,2023-11-12,Week-46,Q4,2023,1726,1476,1804,34,0.855,Swipe ,Fuel,414.92,0
793636308,Blue,270,1,59,2023-11-12,Week-46,Q4,2023,4645,1650,1193,33,0.355,Swipe ,Entertainment,250.53,0
793656633,Blue,490,0,75,2023-11-12,Week-46,Q4,2023,2278,1303,5101,76,0.572,Online ,Food,306.06,0
793678608,Silver,175,0,83,2023-11-12,Week-46,Q4,2023,34516,0,3568,57,0,Swipe ,Fuel,463.84,0
793712658,Blue,400,1,106,2023-11-12,Week-46,Q4,2023,15011,2517,1821,36,0.168,Chip ,Entertainment,455.25,0
793717608,Blue,200,1,162,2023-11-12,Week-46,Q4,2023,10452,1120,3592,79,0.107,Chip ,Bills,898,0
793720908,Blue,360,1,100,2023-11-12,Week-46,Q4,2023,7333,875,3636,48,0.119,Swipe ,Grocery,690.84,0
793736958,Blue,455,0,87,2023-11-12,Week-46,Q4,2023,21680,1587,4410,86,0.073,Swipe ,Food,793.8,0
793842558,Blue,245,1,87,2023-11-12,Week-46,Q4,2023,2001,1430,4509,69,0.715,Swipe ,Bills,766.53,0
793889508,Blue,355,1,118,2023-11-12,Week-46,Q4,2023,4076,0,1235,37,0,Swipe ,Fuel,358.15,0
793952133,Blue,430,0,119,2023-11-12,Week-46,Q4,2023,2778,2312,1680,33,0.832,Swipe ,Fuel,302.4,0
794054058,Blue,125,0,94,2023-11-12,Week-46,Q4,2023,2765,0,4010,59,0,Swipe ,Grocery,922.3,0
794068308,Gold,360,0,83,2023-11-12,Week-46,Q4,2023,23981,1684,4141,73,0.07,Swipe ,Food,1035.25,0
794113758,Blue,450,1,81,2023-11-12,Week-46,Q4,2023,9592,1968,1821,55,0.205,Swipe ,Bills,437.04,0
794124708,Blue,100,1,134,2023-11-12,Week-46,Q4,2023,21325,2197,7053,69,0.103,Swipe ,Food,423.18,0
794132808,Blue,345,1,120,2023-11-12,Week-46,Q4,2023,13035,1285,14585,97,0.099,Chip ,Grocery,2187.75,0
794160408,Blue,175,1,79,2023-11-12,Week-46,Q4,2023,3044,1973,4747,73,0.648,Swipe ,Grocery,901.93,0
794172033,Blue,405,1,80,2023-11-12,Week-46,Q4,2023,1817,0,2347,45,0,Swipe ,Fuel,680.63,0
794191008,Blue,190,1,95,2023-11-12,Week-46,Q4,2023,34516,1649,7552,87,0.048,Swipe ,Grocery,906.24,0
794217108,Blue,325,1,151,2023-11-12,Week-46,Q4,2023,14315,1348,3694,67,0.094,Chip ,Grocery,443.28,0
794227308,Blue,300,1,140,2023-11-12,Week-46,Q4,2023,10214,1433,4493,79,0.14,Swipe ,Bills,718.88,0
794253108,Blue,430,0,88,2023-11-12,Week-46,Q4,2023,13090,0,3851,78,0,Chip ,Food,654.67,0
794273283,Blue,125,1,101,2023-11-12,Week-46,Q4,2023,25670,0,2709,51,0,Chip ,Bills,650.16,0
794293908,Blue,245,1,74,2023-11-12,Week-46,Q4,2023,8696,1482,2847,67,0.17,Swipe ,Fuel,683.28,0
794340033,Blue,320,0,77,2023-11-12,Week-46,Q4,2023,2799,1762,1817,39,0.63,Online ,Bills,526.93,0
794462133,Blue,125,1,59,2023-11-12,Week-46,Q4,2023,3735,1978,1749,41,0.53,Online ,Bills,139.92,0
794475483,Silver,355,1,91,2023-11-12,Week-46,Q4,2023,34516,1043,4654,59,0.03,Swipe ,Bills,1349.66,0
794482158,Silver,100,1,92,2023-11-12,Week-46,Q4,2023,34516,1954,7594,69,0.057,Swipe ,Grocery,1822.56,0
794485158,Blue,380,1,138,2023-11-12,Week-46,Q4,2023,2172,1475,2447,46,0.679,Swipe ,Bills,415.99,0
794490858,Silver,125,1,87,2023-11-12,Week-46,Q4,2023,15713,1387,4775,61,0.088,Swipe ,Fuel,1241.5,0
794494308,Platinum,425,0,94,2023-11-19,Week-47,Q4,2023,34516,2070,13781,102,0.06,Online ,Entertainment,2067.15,0
794496033,Blue,420,0,50,2023-11-19,Week-47,Q4,2023,23008,2280,1302,36,0.099,Swipe ,Grocery,364.56,0
794498733,Blue,405,0,112,2023-11-19,Week-47,Q4,2023,20056,1602,1687,46,0.08,Swipe ,Entertainment,219.31,0
794504658,Blue,300,0,93,2023-11-19,Week-47,Q4,2023,5746,1829,1562,44,0.318,Swipe ,Fuel,359.26,0
794507133,Blue,290,0,109,2023-11-19,Week-47,Q4,2023,1900,0,2880,46,0,Swipe ,Bills,835.2,0
794510358,Blue,195,0,42,2023-11-19,Week-47,Q4,2023,33408,0,3754,77,0,Swipe ,Fuel,488.02,0
794514108,Blue,125,1,101,2023-11-19,Week-47,Q4,2023,3604,0,4051,65,0,Swipe ,Grocery,567.14,0
794516508,Blue,125,1,83,2023-11-19,Week-47,Q4,2023,1484,0,4838,81,0,Swipe ,Bills,435.42,0
794524833,Blue,250,1,75,2023-11-19,Week-47,Q4,2023,2265,1345,4009,73,0.594,Chip ,Fuel,841.89,0
794528283,Blue,100,1,92,2023-11-19,Week-47,Q4,2023,2748,878,3383,67,0.32,Chip ,Grocery,304.47,0
794530608,Blue,390,0,112,2023-11-19,Week-47,Q4,2023,27229,0,13264,120,0,Chip ,Travel,3050.72,0
794540883,Blue,420,1,113,2023-11-19,Week-47,Q4,2023,3485,1465,4776,87,0.42,Swipe ,Food,764.16,0
794543958,Blue,360,0,101,2023-11-19,Week-47,Q4,2023,34516,1219,1590,27,0.035,Swipe ,Travel,429.3,0
794545983,Blue,175,1,109,2023-11-19,Week-47,Q4,2023,12208,1980,1409,34,0.162,Swipe ,Bills,140.9,0
794551383,Blue,245,0,65,2023-11-19,Week-47,Q4,2023,4419,1218,4535,75,0.276,Swipe ,Bills,453.5,0
794554683,Blue,150,1,56,2023-11-19,Week-47,Q4,2023,3159,0,2925,46,0,Swipe ,Food,614.25,0
794556333,Blue,420,1,104,2023-11-19,Week-47,Q4,2023,3287,1697,5236,77,0.516,Online ,Entertainment,366.52,0
794558658,Blue,465,1,114,2023-11-19,Week-47,Q4,2023,2560,1430,4783,86,0.559,Chip ,Grocery,430.47,0
794560833,Blue,325,1,85,2023-11-19,Week-47,Q4,2023,5496,0,1913,34,0,Swipe ,Entertainment,267.82,0
794562783,Blue,150,1,155,2023-11-19,Week-47,Q4,2023,21691,661,2534,51,0.03,Swipe ,Entertainment,304.08,0
794567133,Blue,200,1,99,2023-11-19,Week-47,Q4,2023,1954,808,4897,70,0.414,Swipe ,Entertainment,1322.19,0
794571108,Silver,295,0,82,2023-11-19,Week-47,Q4,2023,17894,304,4691,63,0.017,Swipe ,Fuel,844.38,0
794573883,Silver,430,1,115,2023-11-19,Week-47,Q4,2023,17894,2517,15305,111,0.141,Chip ,Food,4438.45,0
794576058,Blue,390,1,139,2023-11-19,Week-47,Q4,2023,8480,1339,4070,76,0.158,Swipe ,Food,569.8,0
794579658,Blue,275,0,110,2023-11-19,Week-47,Q4,2023,23424,2517,3537,73,0.107,Swipe ,Fuel,990.36,0
794581533,Blue,380,1,68,2023-11-19,Week-47,Q4,2023,2749,1380,3882,90,0.502,Chip ,Fuel,1125.78,0
794627208,Blue,125,1,108,2023-11-19,Week-47,Q4,2023,7189,1550,1935,52,0.216,Swipe ,Bills,425.7,0
794632308,Silver,190,0,109,2023-11-19,Week-47,Q4,2023,28822,2517,1504,35,0.087,Swipe ,Bills,406.08,0
794637333,Silver,480,0,83,2023-11-19,Week-47,Q4,2023,13138,0,3881,77,0,Swipe ,Entertainment,310.48,0
794649858,Blue,330,1,113,2023-11-19,Week-47,Q4,2023,2210,1624,1287,37,0.735,Swipe ,Entertainment,347.49,0
794653983,Blue,250,1,89,2023-11-19,Week-47,Q4,2023,1480,1017,5245,80,0.687,Chip ,Entertainment,576.95,0
794664183,Blue,140,1,71,2023-11-19,Week-47,Q4,2023,3238,2146,1501,45,0.663,Swipe ,Entertainment,225.15,0
794665608,Blue,125,1,91,2023-11-19,Week-47,Q4,2023,5724,582,4510,59,0.102,Swipe ,Food,766.7,0
794675058,Blue,150,1,107,2023-11-19,Week-47,Q4,2023,5015,1963,2491,43,0.391,Swipe ,Bills,323.83,0
794682483,Blue,175,1,82,2023-11-19,Week-47,Q4,2023,4284,1094,3095,64,0.255,Swipe ,Bills,588.05,0
794692158,Silver,370,1,136,2023-11-19,Week-47,Q4,2023,17328,0,15367,105,0,Swipe ,Grocery,2151.38,0
794707083,Blue,220,1,85,2023-11-19,Week-47,Q4,2023,3495,0,2131,41,0,Chip ,Entertainment,234.41,0
794719983,Blue,320,0,93,2023-11-19,Week-47,Q4,2023,2616,2505,2576,42,0.958,Swipe ,Fuel,257.6,0
794740458,Silver,200,1,114,2023-11-19,Week-47,Q4,2023,10186,1608,14023,106,0.158,Chip ,Entertainment,3645.98,0
794771208,Blue,320,1,95,2023-11-19,Week-47,Q4,2023,2735,1942,3724,66,0.71,Swipe ,Entertainment,297.92,0
794784633,Blue,150,1,79,2023-11-19,Week-47,Q4,2023,2214,2123,4478,77,0.959,Chip ,Fuel,447.8,0
794818833,Blue,250,1,76,2023-11-19,Week-47,Q4,2023,5494,2078,2661,58,0.378,Swipe ,Grocery,159.66,0
794831733,Blue,175,0,87,2023-11-19,Week-47,Q4,2023,2156,1208,1345,28,0.56,Swipe ,Entertainment,134.5,0
794843883,Blue,125,0,42,2023-11-19,Week-47,Q4,2023,34516,1202,1353,33,0.035,Swipe ,Bills,270.6,0
794856033,Blue,125,0,99,2023-11-19,Week-47,Q4,2023,5242,470,4306,77,0.09,Chip ,Entertainment,818.14,0
794866983,Blue,430,1,76,2023-11-19,Week-47,Q4,2023,7336,1031,3812,67,0.141,Chip ,Bills,343.08,0
794947683,Blue,365,0,144,2023-11-19,Week-47,Q4,2023,2118,1189,4541,60,0.561,Chip ,Entertainment,544.92,0
794962983,Blue,110,1,106,2023-11-19,Week-47,Q4,2023,9947,2496,14576,110,0.251,Swipe ,Food,1603.36,0
794965233,Silver,445,0,110,2023-11-19,Week-47,Q4,2023,13199,781,1927,44,0.059,Online ,Fuel,423.94,0
794967408,Blue,300,0,107,2023-11-19,Week-47,Q4,2023,9106,975,3863,74,0.107,Chip ,Grocery,849.86,0
794977533,Blue,455,0,96,2023-11-19,Week-47,Q4,2023,8077,0,906,16,0,Online ,Bills,108.72,0
795052083,Blue,370,1,119,2023-11-19,Week-47,Q4,2023,1438.3,0,3630,71,0,Swipe ,Bills,726,0
795155433,Gold,190,1,74,2023-11-19,Week-47,Q4,2023,12918,1345,1562,33,0.104,Swipe ,Entertainment,109.34,0
795218883,Blue,300,1,109,2023-11-19,Week-47,Q4,2023,4207,1556,15312,122,0.37,Chip ,Fuel,3215.52,0
795232683,Blue,375,0,89,2023-11-19,Week-47,Q4,2023,2154,930,1439,26,0.432,Swipe ,Bills,316.58,0
795237183,Blue,270,1,102,2023-11-19,Week-47,Q4,2023,5930,0,2041,32,0,Swipe ,Fuel,204.1,0
795266208,Blue,285,1,147,2023-11-19,Week-47,Q4,2023,8842,0,4493,79,0,Chip ,Grocery,629.02,0
795343683,Blue,150,1,166,2023-11-19,Week-47,Q4,2023,1707,989,3935,76,0.579,Online ,Entertainment,1062.45,0
795392433,Blue,340,1,100,2023-11-19,Week-47,Q4,2023,2423,0,4651,69,0,Chip ,Grocery,604.63,0
795573333,Blue,270,0,74,2023-11-19,Week-47,Q4,2023,8376,1165,4142,67,0.139,Chip ,Fuel,372.78,0
795599883,Blue,125,1,104,2023-11-19,Week-47,Q4,2023,2404,284,2511,51,0.118,Swipe ,Fuel,225.99,0
795613233,Blue,325,1,106,2023-11-19,Week-47,Q4,2023,10514,1494,4949,76,0.142,Swipe ,Entertainment,593.88,0
795684783,Blue,395,0,104,2023-11-19,Week-47,Q4,2023,2384,1596,3149,59,0.669,Swipe ,Food,283.41,0
795713058,Blue,450,1,117,2023-11-19,Week-47,Q4,2023,4409,1753,4292,76,0.398,Swipe ,Food,515.04,1
795784008,Blue,300,0,95,2023-11-19,Week-47,Q4,2023,3889,2517,1718,37,0.647,Swipe ,Bills,206.16,1
795795408,Blue,125,1,76,2023-11-19,Week-47,Q4,2023,5579,1423,1514,47,0.255,Swipe ,Bills,121.12,1
795810633,Blue,420,0,78,2023-11-19,Week-47,Q4,2023,10144,1295,1234,24,0.128,Swipe ,Bills,160.42,1
795823383,Blue,250,0,150,2023-11-19,Week-47,Q4,2023,2419,0,3888,63,0,Chip ,Food,894.24,1
795844983,Blue,470,1,82,2023-11-19,Week-47,Q4,2023,2851,0,3916,64,0,Swipe ,Grocery,1135.64,1
795855258,Blue,250,0,84,2023-11-19,Week-47,Q4,2023,1438.3,0,5045,82,0,Swipe ,Travel,857.65,1
795869583,Blue,175,1,95,2023-11-19,Week-47,Q4,2023,3733,1620,15200,118,0.434,Swipe ,Food,2432,1
795904233,Blue,345,1,101,2023-11-19,Week-47,Q4,2023,26945,727,1579,40,0.027,Swipe ,Fuel,363.17,1
795920358,Blue,440,0,134,2023-11-19,Week-47,Q4,2023,7185,0,2679,45,0,Swipe ,Bills,562.59,1
795979833,Blue,175,0,47,2023-11-19,Week-47,Q4,2023,3445,1074,1074,31,0.312,Swipe ,Bills,182.58,1
795991758,Blue,440,1,103,2023-11-19,Week-47,Q4,2023,7553,660,4079,67,0.087,Swipe ,Grocery,1142.12,1
795997908,Blue,350,1,118,2023-11-19,Week-47,Q4,2023,16050,1480,3215,56,0.092,Swipe ,Bills,192.9,0
796029483,Blue,365,0,86,2023-11-19,Week-47,Q4,2023,2174,785,3890,78,0.361,Swipe ,Bills,272.3,0
796083783,Blue,380,0,93,2023-11-19,Week-47,Q4,2023,1438.3,0,2278,57,0,Swipe ,Entertainment,318.92,0
796145133,Blue,295,0,46,2023-11-19,Week-47,Q4,2023,6083,1716,4528,86,0.282,Swipe ,Travel,769.76,0
796170933,Blue,460,0,72,2023-11-19,Week-47,Q4,2023,30622,0,3600,66,0,Swipe ,Grocery,612,0
796174983,Blue,350,0,107,2023-11-19,Week-47,Q4,2023,25737,1168,7722,94,0.045,Swipe ,Fuel,463.32,0
796196733,Blue,420,1,103,2023-11-19,Week-47,Q4,2023,4259,0,4389,80,0,Swipe ,Entertainment,570.57,0
796236258,Blue,125,1,87,2023-11-19,Week-47,Q4,2023,2465,1128,4030,86,0.458,Chip ,Grocery,1128.4,0
796326483,Blue,285,0,108,2023-11-19,Week-47,Q4,2023,1681,0,5416,82,0,Swipe ,Entertainment,1029.04,0
796330983,Blue,360,1,151,2023-11-19,Week-47,Q4,2023,2138,1283,4785,85,0.6,Chip ,Fuel,765.6,0
796336833,Blue,95,0,52,2023-11-19,Week-47,Q4,2023,32096,0,2619,69,0,Swipe ,Fuel,157.14,0
796343058,Blue,125,1,106,2023-11-19,Week-47,Q4,2023,3538,0,1265,38,0,Swipe ,Bills,177.1,0
796532958,Blue,150,1,165,2023-11-19,Week-47,Q4,2023,5512,1124,1975,49,0.204,Swipe ,Bills,217.25,0
796544133,Blue,125,1,100,2023-11-19,Week-47,Q4,2023,2456,1654,4468,84,0.673,Swipe ,Food,938.28,0
796791258,Blue,330,1,58,2023-11-19,Week-47,Q4,2023,3104,1791,4006,76,0.577,Swipe ,Food,320.48,0
796903083,Blue,125,0,113,2023-11-19,Week-47,Q4,2023,1438.3,0,2584,42,0,Swipe ,Grocery,620.16,0
796931508,Blue,200,1,97,2023-11-19,Week-47,Q4,2023,1871,0,2593,48,0,Chip ,Grocery,285.23,0
796990908,Silver,250,0,107,2023-11-19,Week-47,Q4,2023,34516,1872,2227,61,0.054,Swipe ,Bills,289.51,0
797138883,Blue,125,1,84,2023-11-19,Week-47,Q4,2023,10800,1491,3966,77,0.138,Swipe ,Bills,634.56,0
797150733,Blue,450,0,132,2023-11-19,Week-47,Q4,2023,1643,0,1754,39,0,Swipe ,Grocery,420.96,0
797166633,Blue,200,1,101,2023-11-19,Week-47,Q4,2023,10606,1713,2694,61,0.162,Swipe ,Grocery,242.46,0
797169633,Blue,475,1,72,2023-11-19,Week-47,Q4,2023,34516,825,3127,51,0.024,Chip ,Food,250.16,0
797218233,Blue,390,1,40,2023-11-19,Week-47,Q4,2023,1757,0,4550,82,0,Swipe ,Food,591.5,0
797228883,Blue,375,1,109,2023-11-19,Week-47,Q4,2023,3981,0,14340,114,0,Chip ,Entertainment,3298.2,0
797232183,Blue,325,1,105,2023-11-19,Week-47,Q4,2023,2676,1962,5020,75,0.733,Swipe ,Entertainment,1305.2,0
797234508,Silver,300,1,89,2023-11-19,Week-47,Q4,2023,30899,0,1481,20,0,Chip ,Grocery,266.58,0
797238108,Blue,250,0,88,2023-11-19,Week-47,Q4,2023,3232,824,3915,74,0.255,Chip ,Entertainment,626.4,0
797241108,Blue,345,1,91,2023-11-19,Week-47,Q4,2023,9036,1080,4500,83,0.12,Swipe ,Entertainment,540,0
797389758,Silver,220,1,81,2023-11-19,Week-47,Q4,2023,16290,0,4232,79,0,Online ,Entertainment,973.36,0
797410983,Blue,95,0,95,2023-11-19,Week-47,Q4,2023,1438.3,745,5020,83,0.518,Swipe ,Fuel,1305.2,0
797414733,Blue,250,0,106,2023-11-19,Week-47,Q4,2023,2005,1517,2439,61,0.757,Swipe ,Fuel,536.58,0
797466033,Blue,395,1,83,2023-11-19,Week-47,Q4,2023,2576,1754,2880,69,0.681,Swipe ,Fuel,547.2,0
797468658,Blue,320,1,108,2023-11-19,Week-47,Q4,2023,19081,2431,1536,31,0.127,Swipe ,Grocery,276.48,0
797488158,Blue,475,0,52,2023-11-19,Week-47,Q4,2023,14316,1081,1313,36,0.076,Swipe ,Entertainment,315.12,0
797491683,Silver,175,1,109,2023-11-19,Week-47,Q4,2023,34516,1964,2234,49,0.057,Chip ,Grocery,469.14,0
797495958,Blue,250,1,99,2023-11-19,Week-47,Q4,2023,3015,0,4277,80,0,Swipe ,Entertainment,1240.33,0
797638383,Blue,300,1,138,2023-11-19,Week-47,Q4,2023,4852,2016,3561,73,0.415,Swipe ,Fuel,213.66,0
797641683,Blue,425,1,107,2023-11-19,Week-47,Q4,2023,14840,2043,16256,111,0.138,Chip ,Travel,2438.4,0
797643708,Blue,150,1,111,2023-11-19,Week-47,Q4,2023,27858,1314,1772,53,0.047,Swipe ,Entertainment,106.32,0
797666358,Blue,345,1,133,2023-11-19,Week-47,Q4,2023,1474,843,4452,65,0.572,Swipe ,Fuel,267.12,0
797668983,Blue,125,1,87,2023-11-19,Week-47,Q4,2023,1438.3,0,4396,70,0,Chip ,Fuel,791.28,0
797707008,Blue,225,1,90,2023-11-19,Week-47,Q4,2023,7222,0,920,18,0,Swipe ,Bills,230,0
797743233,Blue,385,1,103,2023-11-19,Week-47,Q4,2023,5996,865,4542,77,0.144,Swipe ,Bills,681.3,0
797748708,Blue,175,1,94,2023-11-19,Week-47,Q4,2023,3936,2024,5001,66,0.514,Chip ,Bills,1000.2,0
797753283,Blue,320,1,119,2023-11-19,Week-47,Q4,2023,2707,2036,1926,33,0.752,Swipe ,Bills,173.34,0
797757333,Gold,100,1,113,2023-11-19,Week-47,Q4,2023,34516,1580,4149,86,0.046,Swipe ,Bills,829.8,0
797898858,Blue,325,0,127,2023-11-19,Week-47,Q4,2023,4748,2085,7288,88,0.439,Swipe ,Bills,2040.64,0
797998158,Blue,370,1,91,2023-11-19,Week-47,Q4,2023,4555,0,3646,66,0,Chip ,Bills,692.74,0
798007308,Blue,285,1,67,2023-11-19,Week-47,Q4,2023,8362,0,1175,41,0,Swipe ,Entertainment,329,0
798011733,Blue,140,1,97,2023-11-19,Week-47,Q4,2023,1562,751,4574,81,0.481,Swipe ,Grocery,1326.46,0
798022683,Blue,140,0,70,2023-11-19,Week-47,Q4,2023,25517,321,2508,44,0.013,Swipe ,Bills,426.36,0
798030933,Blue,140,1,94,2023-11-19,Week-47,Q4,2023,15594,0,4745,75,0,Chip ,Grocery,1233.7,0
798035358,Blue,250,1,69,2023-11-19,Week-47,Q4,2023,3556,2172,1221,41,0.611,Swipe ,Fuel,134.31,0
798041508,Blue,430,0,98,2023-11-19,Week-47,Q4,2023,3201,2517,1880,42,0.786,Online ,Bills,131.6,0
798045708,Blue,420,0,81,2023-11-19,Week-47,Q4,2023,7434,0,4182,76,0,Swipe ,Food,669.12,0
798047583,Blue,175,1,120,2023-11-19,Week-47,Q4,2023,1438.3,0,4596,71,0,Swipe ,Entertainment,1011.12,0
798110358,Blue,295,1,107,2023-11-19,Week-47,Q4,2023,1438.3,0,1417,35,0,Swipe ,Entertainment,226.72,0
798114033,Blue,400,1,80,2023-11-19,Week-47,Q4,2023,7949,1514,3355,58,0.19,Swipe ,Bills,972.95,0
798120858,Blue,465,1,112,2023-11-19,Week-47,Q4,2023,3797,1425,2555,44,0.375,Swipe ,Fuel,740.95,0
798140283,Blue,440,0,77,2023-11-19,Week-47,Q4,2023,10711,1970,1180,29,0.184,Swipe ,Entertainment,212.4,0
798158808,Blue,175,0,47,2023-11-19,Week-47,Q4,2023,6605,1479,2017,47,0.224,Swipe ,Entertainment,544.59,0
798238008,Blue,330,0,102,2023-11-19,Week-47,Q4,2023,5070,0,4644,85,0,Swipe ,Fuel,1346.76,0
798280683,Blue,365,1,95,2023-11-19,Week-47,Q4,2023,2626,1736,4714,93,0.661,Swipe ,Fuel,1084.22,0
798281808,Blue,150,0,80,2023-11-19,Week-47,Q4,2023,3879,1214,5158,79,0.313,Swipe ,Fuel,825.28,0
798308058,Blue,455,1,90,2023-11-19,Week-47,Q4,2023,2255,0,4412,81,0,Swipe ,Food,705.92,0
798451908,Blue,410,1,87,2023-11-19,Week-47,Q4,2023,5723,0,12403,120,0,Swipe ,Bills,3224.78,0
798457833,Blue,125,1,109,2023-11-19,Week-47,Q4,2023,3595,1087,4534,71,0.302,Swipe ,Fuel,589.42,0
798473808,Blue,125,1,76,2023-11-19,Week-47,Q4,2023,7477,0,1159,32,0,Swipe ,Bills,185.44,0
798481383,Blue,250,0,84,2023-11-19,Week-47,Q4,2023,2694,0,2684,38,0,Chip ,Entertainment,563.64,0
798489258,Blue,125,0,119,2023-11-19,Week-47,Q4,2023,3709,1197,5557,82,0.323,Swipe ,Food,444.56,0
798546408,Blue,200,0,139,2023-11-19,Week-47,Q4,2023,8283,1444,7553,104,0.174,Swipe ,Fuel,1208.48,0
798553158,Blue,350,1,119,2023-11-19,Week-47,Q4,2023,3109,0,5470,72,0,Swipe ,Grocery,437.6,0
798558783,Blue,150,0,122,2023-11-19,Week-47,Q4,2023,5833,1747,3732,75,0.3,Swipe ,Bills,634.44,0
798687258,Blue,355,1,65,2023-11-19,Week-47,Q4,2023,2577,1812,4134,62,0.703,Swipe ,Fuel,248.04,0
798699033,Blue,175,0,122,2023-11-19,Week-47,Q4,2023,8961,1382,4408,80,0.154,Swipe ,Entertainment,925.68,0
798717783,Blue,125,0,83,2023-11-19,Week-47,Q4,2023,3250,0,4752,84,0,Chip ,Grocery,285.12,0
798769458,Blue,425,0,115,2023-11-19,Week-47,Q4,2023,3318,927,3011,83,0.279,Swipe ,Fuel,361.32,0
798773208,Blue,100,0,98,2023-11-19,Week-47,Q4,2023,26496,1406,3691,75,0.053,Chip ,Entertainment,406.01,0
798777708,Blue,245,0,69,2023-11-19,Week-47,Q4,2023,3089,1177,5237,75,0.381,Swipe ,Entertainment,1518.73,0
798783858,Blue,200,0,70,2023-11-19,Week-47,Q4,2023,9742,2517,13082,92,0.258,Online ,Entertainment,2485.58,0
798786333,Blue,200,1,86,2023-11-19,Week-47,Q4,2023,1438.3,510,3399,66,0.355,Chip ,Entertainment,883.74,0
798788958,Blue,200,1,87,2023-11-19,Week-47,Q4,2023,6407,1130,14471,93,0.176,Chip ,Bills,2749.49,0
798792408,Blue,250,0,111,2023-11-19,Week-47,Q4,2023,9959,0,805,24,0,Swipe ,Bills,185.15,0
798796233,Blue,475,1,109,2023-11-19,Week-47,Q4,2023,1586,1038,1724,24,0.654,Swipe ,Entertainment,344.8,0
798917883,Blue,300,1,84,2023-11-19,Week-47,Q4,2023,4150,2517,4620,76,0.607,Swipe ,Grocery,1293.6,0
798962058,Blue,445,1,100,2023-11-19,Week-47,Q4,2023,3103,2399,1836,48,0.773,Swipe ,Entertainment,440.64,0
798972183,Blue,360,0,106,2023-11-19,Week-47,Q4,2023,1643,526,2520,38,0.32,Swipe ,Bills,554.4,0
798983508,Gold,245,1,74,2023-11-19,Week-47,Q4,2023,34516,1440,1575,34,0.042,Swipe ,Bills,283.5,0
798988983,Blue,480,1,117,2023-11-19,Week-47,Q4,2023,7165,2037,3553,78,0.284,Swipe ,Bills,923.78,0
798996183,Blue,280,1,74,2023-11-19,Week-47,Q4,2023,2194,1512,4069,80,0.689,Chip ,Bills,447.59,0
799000008,Blue,455,1,127,2023-11-19,Week-47,Q4,2023,26437,1472,1244,36,0.056,Swipe ,Travel,323.44,0
799011558,Gold,410,1,99,2023-11-19,Week-47,Q4,2023,16909,1171,15740,120,0.069,Chip ,Travel,1101.8,0
799020258,Blue,495,0,116,2023-11-19,Week-47,Q4,2023,16553,0,4797,82,0,Swipe ,Entertainment,287.82,0
799026633,Blue,150,1,123,2023-11-19,Week-47,Q4,2023,16254,1518,2502,55,0.093,Swipe ,Entertainment,425.34,0
799031958,Blue,275,0,82,2023-11-19,Week-47,Q4,2023,18379,999,4122,70,0.054,Swipe ,Grocery,1195.38,0
799224108,Blue,300,0,97,2023-11-19,Week-47,Q4,2023,6265,1942,1715,43,0.31,Swipe ,Bills,291.55,0
799239033,Blue,150,0,104,2023-11-19,Week-47,Q4,2023,1714,0,2279,46,0,Chip ,Grocery,615.33,0
799242033,Blue,245,0,95,2023-11-19,Week-47,Q4,2023,1438.3,1162,4598,86,0.808,Swipe ,Bills,367.84,0
799249833,Blue,405,0,118,2023-11-19,Week-47,Q4,2023,4439,844,2858,71,0.19,Swipe ,Fuel,657.34,0
799253808,Silver,150,0,130,2023-11-19,Week-47,Q4,2023,34516,1294,13845,120,0.037,Chip ,Travel,1799.85,0
799468083,Blue,175,0,111,2023-11-19,Week-47,Q4,2023,11467,1146,14373,97,0.1,Swipe ,Grocery,1006.11,0
799471833,Blue,410,1,111,2023-11-19,Week-47,Q4,2023,3133,1510,1435,38,0.482,Swipe ,Fuel,86.1,0
799475658,Blue,150,0,85,2023-11-19,Week-47,Q4,2023,2238,1300,4508,79,0.581,Swipe ,Bills,856.52,0
799486158,Blue,335,1,170,2023-11-19,Week-47,Q4,2023,1438.3,949,4222,65,0.66,Chip ,Entertainment,295.54,0
799498158,Blue,175,0,44,2023-11-19,Week-47,Q4,2023,2685,1580,1642,36,0.588,Swipe ,Entertainment,197.04,0
799700208,Silver,450,1,95,2023-11-19,Week-47,Q4,2023,26988,1587,3732,70,0.059,Swipe ,Fuel,597.12,0
799707858,Blue,345,1,87,2023-11-19,Week-47,Q4,2023,7115,2000,3584,57,0.281,Swipe ,Grocery,716.8,0
799711833,Blue,125,0,83,2023-11-19,Week-47,Q4,2023,24735,2296,7910,95,0.093,Swipe ,Food,4214.8,0
799717458,Blue,245,0,77,2023-11-19,Week-47,Q4,2023,2515,1453,4025,74,0.578,Swipe ,Entertainment,442.75,0
799720158,Blue,285,1,77,2023-11-19,Week-47,Q4,2023,3370,1133,4726,86,0.336,Swipe ,Bills,1323.28,0
799723908,Blue,95,0,120,2023-11-19,Week-47,Q4,2023,19458,1435,1217,27,0.074,Swipe ,Travel,158.21,0
799731033,Blue,110,0,86,2023-11-19,Week-47,Q4,2023,1438.3,0,3044,91,0,Swipe ,Fuel,608.8,0
799825758,Blue,125,1,85,2023-11-19,Week-47,Q4,2023,3263,1674,1251,35,0.513,Swipe ,Bills,350.28,0
800164083,Blue,100,0,96,2023-11-19,Week-47,Q4,2023,20783,1257,3819,76,0.06,Chip ,Entertainment,496.47,0
800758233,Blue,225,1,158,2023-11-19,Week-47,Q4,2023,4109,0,8642,77,0,Swipe ,Bills,691.36,0
800869758,Blue,175,0,110,2023-11-19,Week-47,Q4,2023,2191,1414,3967,76,0.645,Chip ,Entertainment,1150.43,0
801036033,Platinum,300,1,83,2023-11-19,Week-47,Q4,2023,4493,1388,17744,104,0.309,Chip ,Travel,1596.96,0
801037833,Blue,370,1,82,2023-11-19,Week-47,Q4,2023,3192,2517,4236,87,0.789,Swipe ,Entertainment,720.12,0
801048483,Blue,395,1,46,2023-11-19,Week-47,Q4,2023,9180,1814,2646,49,0.198,Swipe ,Fuel,238.14,0
801053208,Blue,350,1,107,2023-11-19,Week-47,Q4,2023,1968,1270,4199,84,0.645,Swipe ,Bills,839.8,0
801056358,Blue,95,0,125,2023-11-26,Week-48,Q4,2023,13287,1864,3851,75,0.14,Chip ,Bills,462.12,0
801064833,Blue,225,1,86,2023-11-26,Week-48,Q4,2023,30117,2129,7930,91,0.071,Swipe ,Grocery,2061.8,0
801083133,Blue,325,1,104,2023-11-26,Week-48,Q4,2023,3545,1446,3691,69,0.408,Chip ,Food,295.28,0
801363633,Blue,300,0,60,2023-11-26,Week-48,Q4,2023,3356,1664,5200,81,0.496,Swipe ,Bills,468,0
801366783,Blue,370,1,71,2023-11-26,Week-48,Q4,2023,4860,1772,4329,80,0.365,Chip ,Food,346.32,0
801369258,Blue,245,0,77,2023-11-26,Week-48,Q4,2023,4466,777,1757,59,0.174,Swipe ,Entertainment,509.53,0
801373833,Blue,245,1,67,2023-11-26,Week-48,Q4,2023,1922,710,2920,46,0.369,Swipe ,Grocery,408.8,0
801380808,Blue,270,1,111,2023-11-26,Week-48,Q4,2023,25894,2517,4847,49,0.097,Swipe ,Fuel,581.64,0
801383808,Blue,100,1,154,2023-11-26,Week-48,Q4,2023,23090,839,1198,24,0.036,Swipe ,Bills,203.66,0
801385458,Blue,350,1,78,2023-11-26,Week-48,Q4,2023,8596,2019,4017,80,0.235,Swipe ,Grocery,281.19,0
801497508,Blue,125,0,86,2023-11-26,Week-48,Q4,2023,1584,1311,4203,73,0.828,Swipe ,Grocery,420.3,0
801499908,Blue,200,1,80,2023-11-26,Week-48,Q4,2023,4724,2056,1232,31,0.435,Swipe ,Bills,234.08,0
801502008,Blue,445,1,82,2023-11-26,Week-48,Q4,2023,20144,1195,14287,106,0.059,Online ,Travel,4000.36,0
801508383,Blue,365,1,118,2023-11-26,Week-48,Q4,2023,25658,1721,4498,85,0.067,Swipe ,Food,944.58,0
801516183,Blue,175,1,120,2023-11-26,Week-48,Q4,2023,3231,2215,4610,90,0.686,Swipe ,Food,783.7,0
801518958,Blue,495,0,102,2023-11-26,Week-48,Q4,2023,5338,0,4139,69,0,Swipe ,Fuel,538.07,0
801700233,Blue,420,0,75,2023-11-26,Week-48,Q4,2023,3174,2462,3140,74,0.776,Swipe ,Bills,502.4,0
801709308,Blue,150,1,73,2023-11-26,Week-48,Q4,2023,5366,968,4558,56,0.18,Swipe ,Grocery,866.02,0
801715383,Blue,445,0,150,2023-11-26,Week-48,Q4,2023,12890,0,2216,51,0,Swipe ,Bills,642.64,0
801726933,Blue,310,1,83,2023-11-26,Week-48,Q4,2023,13384,1853,1899,33,0.138,Swipe ,Bills,455.76,0
801728658,Blue,245,1,157,2023-11-26,Week-48,Q4,2023,13848,1389,1773,38,0.1,Swipe ,Entertainment,354.6,0
801783108,Blue,350,1,113,2023-11-26,Week-48,Q4,2023,1438.3,0,4833,69,0,Swipe ,Entertainment,966.6,0
801786483,Blue,295,0,118,2023-11-26,Week-48,Q4,2023,10648,2517,4930,89,0.236,Swipe ,Grocery,295.8,0
801977733,Blue,365,1,71,2023-11-26,Week-48,Q4,2023,2395,1437,4481,82,0.6,Swipe ,Bills,492.91,0
801989733,Blue,100,0,88,2023-11-26,Week-48,Q4,2023,7667,1193,3915,76,0.156,Swipe ,Bills,743.85,0
801994458,Blue,295,1,166,2023-11-26,Week-48,Q4,2023,3880,2517,3163,65,0.649,Swipe ,Bills,917.27,0
802002858,Blue,175,1,100,2023-11-26,Week-48,Q4,2023,8990,0,747,19,0,Swipe ,Entertainment,134.46,0
802013583,Blue,395,1,78,2023-11-26,Week-48,Q4,2023,9689,2250,1158,19,0.232,Swipe ,Bills,196.86,0
802031583,Blue,335,0,80,2023-11-26,Week-48,Q4,2023,22855,0,3711,83,0,Swipe ,Grocery,853.53,0
802087683,Blue,355,1,111,2023-11-26,Week-48,Q4,2023,5478,1491,2456,55,0.272,Swipe ,Bills,442.08,0
802101858,Blue,225,0,46,2023-11-26,Week-48,Q4,2023,4757,1978,4220,71,0.416,Chip ,Bills,1139.4,0
802243458,Blue,175,0,79,2023-11-26,Week-48,Q4,2023,2760,0,1759,34,0,Online ,Grocery,510.11,0
802247658,Blue,420,1,116,2023-11-26,Week-48,Q4,2023,2699,2422,2599,43,0.897,Chip ,Fuel,207.92,0
802276683,Blue,245,0,74,2023-11-26,Week-48,Q4,2023,8022,1372,1794,31,0.171,Swipe ,Bills,287.04,0
802449933,Silver,125,1,161,2023-11-26,Week-48,Q4,2023,8147,1750,14912,114,0.215,Swipe ,Bills,2087.68,0
802455633,Blue,125,1,120,2023-11-26,Week-48,Q4,2023,1698,0,4371,74,0,Swipe ,Entertainment,699.36,0
802460433,Blue,200,1,136,2023-11-26,Week-48,Q4,2023,1438.3,0,2607,37,0,Swipe ,Grocery,625.68,0
802464033,Blue,175,0,111,2023-11-26,Week-48,Q4,2023,4460,1262,1877,41,0.283,Swipe ,Entertainment,506.79,0
802600233,Blue,150,1,81,2023-11-26,Week-48,Q4,2023,1438.3,869,4124,59,0.604,Swipe ,Entertainment,412.4,0
802622733,Blue,110,1,100,2023-11-26,Week-48,Q4,2023,3657,0,14802,95,0,Swipe ,Entertainment,4144.56,0
802662858,Blue,125,1,105,2023-11-26,Week-48,Q4,2023,3949,2024,3495,64,0.513,Chip ,Food,419.4,0
802666083,Blue,245,1,69,2023-11-26,Week-48,Q4,2023,2055,0,3656,63,0,Swipe ,Grocery,987.12,0
802668333,Blue,125,0,165,2023-11-26,Week-48,Q4,2023,2384,1919,3512,50,0.805,Swipe ,Grocery,842.88,0
802673508,Blue,320,1,82,2023-11-26,Week-48,Q4,2023,8760,0,2460,39,0,Chip ,Grocery,295.2,0
802675983,Blue,430,0,161,2023-11-26,Week-48,Q4,2023,3794,1544,7872,80,0.407,Swipe ,Bills,1102.08,0
802795608,Blue,175,1,132,2023-11-26,Week-48,Q4,2023,1517,556,4981,82,0.367,Online ,Food,1344.87,0
802817358,Blue,405,0,50,2023-11-26,Week-48,Q4,2023,11594,2072,2320,51,0.179,Swipe ,Bills,487.2,0
802822833,Blue,430,1,92,2023-11-26,Week-48,Q4,2023,21328,0,3825,76,0,Swipe ,Travel,267.75,0
802834158,Blue,370,1,96,2023-11-26,Week-48,Q4,2023,6743,1737,1934,30,0.258,Chip ,Bills,522.18,0
802856508,Blue,195,1,99,2023-11-26,Week-48,Q4,2023,26690,0,4363,76,0,Swipe ,Fuel,567.19,0
802867683,Blue,430,0,92,2023-11-26,Week-48,Q4,2023,1536,728,4133,78,0.474,Chip ,Fuel,991.92,0
802875333,Blue,125,0,84,2023-11-26,Week-48,Q4,2023,2458,0,3377,54,0,Swipe ,Entertainment,236.39,0
802878408,Blue,400,1,95,2023-11-26,Week-48,Q4,2023,2799,0,4116,88,0,Swipe ,Entertainment,823.2,0
802884933,Blue,455,0,103,2023-11-26,Week-48,Q4,2023,3264,1348,1665,32,0.413,Swipe ,Bills,299.7,0
802890333,Blue,340,1,72,2023-11-26,Week-48,Q4,2023,2182,1558,1660,34,0.714,Swipe ,Fuel,381.8,0
802937058,Blue,245,1,84,2023-11-26,Week-48,Q4,2023,2540,1859,4480,80,0.732,Swipe ,Food,806.4,0
803026008,Blue,355,1,89,2023-11-26,Week-48,Q4,2023,6805,1448,3463,65,0.213,Swipe ,Entertainment,692.6,0
803028858,Blue,475,0,110,2023-11-26,Week-48,Q4,2023,3775,0,2031,36,0,Swipe ,Bills,365.58,0
803043933,Silver,125,1,83,2023-11-26,Week-48,Q4,2023,11127,1835,1546,25,0.165,Swipe ,Bills,324.66,0
803097333,Blue,270,1,111,2023-11-26,Week-48,Q4,2023,10873,1514,5089,82,0.139,Swipe ,Bills,407.12,0
803113383,Blue,405,1,150,2023-11-26,Week-48,Q4,2023,3292,0,2222,54,0,Chip ,Bills,599.94,0
803115258,Blue,250,1,115,2023-11-26,Week-48,Q4,2023,3477,0,2113,40,0,Swipe ,Travel,380.34,0
803124408,Blue,300,1,72,2023-11-26,Week-48,Q4,2023,11538,0,1926,53,0,Swipe ,Fuel,211.86,0
803132733,Blue,490,1,107,2023-11-26,Week-48,Q4,2023,6814,1570,1339,30,0.23,Swipe ,Bills,348.14,0
803148033,Blue,470,0,86,2023-11-26,Week-48,Q4,2023,12169,1935,1599,38,0.159,Swipe ,Fuel,191.88,0
803197833,Blue,270,1,119,2023-11-26,Week-48,Q4,2023,2597,1871,3637,69,0.72,Swipe ,Entertainment,800.14,0
803205258,Blue,150,1,78,2023-11-26,Week-48,Q4,2023,2420,2379,4348,86,0.983,Chip ,Grocery,739.16,0
803214108,Blue,425,1,100,2023-11-26,Week-48,Q4,2023,2252,1826,5055,68,0.811,Chip ,Bills,454.95,0
803216433,Silver,220,0,99,2023-11-26,Week-48,Q4,2023,14806,2517,4804,57,0.17,Swipe ,Bills,816.68,0
803231058,Blue,450,0,90,2023-11-26,Week-48,Q4,2023,3351,1474,4294,66,0.44,Swipe ,Bills,901.74,0
803319633,Blue,220,0,171,2023-11-26,Week-48,Q4,2023,3183,1358,3988,81,0.427,Swipe ,Entertainment,1076.76,0
803335008,Blue,425,1,107,2023-11-26,Week-48,Q4,2023,7791,1472,13945,107,0.189,Swipe ,Food,2789,0
803339583,Blue,175,1,105,2023-11-26,Week-48,Q4,2023,1644,0,4898,82,0,Swipe ,Entertainment,1126.54,1
803342358,Blue,125,0,88,2023-11-26,Week-48,Q4,2023,5668,2517,3382,56,0.444,Chip ,Entertainment,744.04,1
803347908,Gold,420,1,51,2023-11-26,Week-48,Q4,2023,15987,0,2327,65,0,Swipe ,Travel,372.32,1
803355408,Blue,440,1,78,2023-11-26,Week-48,Q4,2023,2205,1659,4813,77,0.752,Chip ,Bills,770.08,1
803366358,Blue,480,1,107,2023-11-26,Week-48,Q4,2023,14596,2192,1300,25,0.15,Swipe ,Bills,260,1
803380383,Blue,425,0,151,2023-11-26,Week-48,Q4,2023,1592,925,4615,90,0.581,Swipe ,Entertainment,369.2,1
803398983,Blue,95,1,111,2023-11-26,Week-48,Q4,2023,1511,864,4823,64,0.572,Swipe ,Bills,578.76,1
803406558,Blue,400,0,69,2023-11-26,Week-48,Q4,2023,7536,1272,4189,86,0.169,Chip ,Bills,879.69,1
803408733,Blue,440,0,96,2023-11-26,Week-48,Q4,2023,2239,1338,2466,60,0.598,Swipe ,Grocery,493.2,1
803415183,Silver,125,1,100,2023-11-26,Week-48,Q4,2023,34516,657,4614,76,0.019,Swipe ,Entertainment,876.66,1
803418783,Blue,365,0,80,2023-11-26,Week-48,Q4,2023,9974,2185,4680,87,0.219,Swipe ,Grocery,936,1
803421108,Blue,245,1,105,2023-11-26,Week-48,Q4,2023,20701,2517,14374,113,0.122,Chip ,Bills,3593.5,1
803587533,Blue,350,1,45,2023-11-26,Week-48,Q4,2023,2618,1812,3319,86,0.692,Swipe ,Fuel,497.85,0
803595858,Blue,475,1,115,2023-11-26,Week-48,Q4,2023,1438.3,0,594,14,0,Swipe ,Bills,59.4,0
803606958,Blue,280,0,112,2023-11-26,Week-48,Q4,2023,3085,0,3946,73,0,Swipe ,Bills,749.74,0
803648508,Blue,385,0,102,2023-11-26,Week-48,Q4,2023,13882,758,1646,42,0.055,Swipe ,Bills,263.36,0
803652633,Blue,475,0,71,2023-11-26,Week-48,Q4,2023,2092,1575,5124,70,0.753,Online ,Fuel,614.88,0
803655333,Silver,110,1,68,2023-11-26,Week-48,Q4,2023,29038,2295,12025,103,0.079,Swipe ,Bills,721.5,0
803657133,Blue,360,1,110,2023-11-26,Week-48,Q4,2023,1848,1408,4757,75,0.762,Chip ,Bills,380.56,0
803665983,Blue,100,0,68,2023-11-26,Week-48,Q4,2023,2742,2184,3829,72,0.796,Swipe ,Fuel,804.09,0
803776533,Blue,245,0,54,2023-11-26,Week-48,Q4,2023,10077,0,2118,52,0,Swipe ,Bills,550.68,0
803796708,Blue,455,0,117,2023-11-26,Week-48,Q4,2023,13354,0,1097,28,0,Chip ,Fuel,208.43,0
803800533,Blue,150,1,110,2023-11-26,Week-48,Q4,2023,2088,975,2866,59,0.467,Chip ,Fuel,716.5,0
803805483,Blue,435,0,73,2023-11-26,Week-48,Q4,2023,10600,0,4697,67,0,Chip ,Entertainment,610.61,0
803833608,Silver,465,1,106,2023-11-26,Week-48,Q4,2023,21308,564,1322,38,0.026,Online ,Food,330.5,0
803880108,Blue,300,0,70,2023-11-26,Week-48,Q4,2023,1721,1355,4474,58,0.787,Swipe ,Food,850.06,0
803938908,Blue,410,0,144,2023-11-26,Week-48,Q4,2023,2659,0,4546,81,0,Chip ,Entertainment,772.82,0
803952408,Blue,175,1,118,2023-11-26,Week-48,Q4,2023,2516,1486,3987,77,0.591,Swipe ,Entertainment,318.96,0
803957508,Blue,125,1,93,2023-11-26,Week-48,Q4,2023,15904,1024,1433,33,0.064,Swipe ,Entertainment,415.57,0
803963808,Blue,295,1,88,2023-11-26,Week-48,Q4,2023,19074,0,3762,74,0,Swipe ,Fuel,790.02,0
803968233,Silver,245,1,144,2023-11-26,Week-48,Q4,2023,14386,2517,13377,114,0.175,Chip ,Grocery,1872.78,0
803973483,Blue,245,1,111,2023-11-26,Week-48,Q4,2023,1546,0,4496,83,0,Chip ,Grocery,449.6,0
803977008,Blue,330,1,100,2023-11-26,Week-48,Q4,2023,5219,1826,1715,35,0.35,Swipe ,Travel,360.15,0
804045933,Blue,455,0,106,2023-11-26,Week-48,Q4,2023,5302,2414,4284,74,0.455,Swipe ,Bills,1156.68,0
804158583,Silver,365,1,110,2023-11-26,Week-48,Q4,2023,13399,1456,16493,122,0.109,Chip ,Grocery,2309.02,0
804310758,Blue,300,1,105,2023-11-26,Week-48,Q4,2023,17934,1578,2005,48,0.088,Swipe ,Bills,320.8,0
804337233,Blue,340,1,142,2023-11-26,Week-48,Q4,2023,1502,0,4890,61,0,Swipe ,Food,635.7,0
804344733,Blue,200,0,115,2023-11-26,Week-48,Q4,2023,1937,916,4303,89,0.473,Swipe ,Bills,258.18,0
804359133,Blue,125,1,117,2023-11-26,Week-48,Q4,2023,3805,2233,1743,27,0.587,Swipe ,Bills,174.3,0
804371733,Blue,150,1,80,2023-11-26,Week-48,Q4,2023,9109,1347,3991,84,0.148,Swipe ,Bills,359.19,0
804403908,Blue,300,1,116,2023-11-26,Week-48,Q4,2023,21872,1118,1806,31,0.051,Online ,Bills,288.96,0
804413508,Blue,220,1,89,2023-11-26,Week-48,Q4,2023,12084,1638,4506,90,0.136,Swipe ,Entertainment,1261.68,0
804415083,Blue,290,0,84,2023-11-26,Week-48,Q4,2023,4097,655,2611,51,0.16,Swipe ,Entertainment,469.98,0
804424383,Blue,100,1,69,2023-11-26,Week-48,Q4,2023,10215,1010,1904,40,0.099,Swipe ,Travel,380.8,0
804426858,Blue,275,0,100,2023-11-26,Week-48,Q4,2023,2593,1660,1974,33,0.64,Swipe ,Grocery,513.24,0
804428958,Blue,150,1,135,2023-11-26,Week-48,Q4,2023,1626,0,4847,78,0,Swipe ,Fuel,1308.69,0
804431283,Blue,150,1,70,2023-11-26,Week-48,Q4,2023,7882,1101,14651,120,0.14,Chip ,Travel,4248.79,0
804434058,Silver,405,1,71,2023-11-26,Week-48,Q4,2023,27437,0,4660,79,0,Swipe ,Food,699,0
804437658,Blue,335,1,82,2023-11-26,Week-48,Q4,2023,9778,2154,3413,66,0.22,Swipe ,Grocery,887.38,1
804462633,Blue,270,0,88,2023-11-26,Week-48,Q4,2023,7084,0,2287,44,0,Swipe ,Entertainment,457.4,1
804481608,Blue,320,0,58,2023-11-26,Week-48,Q4,2023,9661,0,2825,60,0,Swipe ,Bills,480.25,1
804577833,Blue,245,1,68,2023-11-26,Week-48,Q4,2023,6861,2101,3974,63,0.306,Swipe ,Travel,715.32,1
804583833,Blue,465,1,101,2023-11-26,Week-48,Q4,2023,1796,1243,4316,87,0.692,Swipe ,Fuel,345.28,1
804595158,Blue,150,0,112,2023-11-26,Week-48,Q4,2023,7000,2517,1112,23,0.36,Swipe ,Bills,100.08,1
804598908,Blue,250,1,97,2023-11-26,Week-48,Q4,2023,6510,2055,2238,49,0.316,Swipe ,Bills,134.28,1
804601833,Silver,470,1,67,2023-11-26,Week-48,Q4,2023,34516,1601,7491,86,0.046,Swipe ,Bills,1273.47,1
804606033,Blue,200,1,113,2023-11-26,Week-48,Q4,2023,8738,1172,3121,60,0.134,Chip ,Food,561.78,1
804610908,Blue,355,0,116,2023-11-26,Week-48,Q4,2023,3397,1962,3295,66,0.578,Swipe ,Entertainment,461.3,0
804649833,Blue,250,1,109,2023-11-26,Week-48,Q4,2023,2533,1126,3436,74,0.445,Swipe ,Grocery,584.12,0
804658833,Blue,400,0,94,2023-11-26,Week-48,Q4,2023,1657,0,4068,73,0,Chip ,Fuel,894.96,0
804661083,Blue,225,1,86,2023-11-26,Week-48,Q4,2023,2135,1506,4821,77,0.705,Chip ,Bills,1108.83,0
804663258,Blue,200,1,159,2023-11-26,Week-48,Q4,2023,14015,2065,1903,49,0.147,Swipe ,Fuel,247.39,0
804668658,Blue,125,1,120,2023-11-26,Week-48,Q4,2023,1438.3,0,947,20,0,Online ,Bills,66.29,0
804670758,Gold,470,0,117,2023-11-26,Week-48,Q4,2023,20974,2249,15903,121,0.107,Chip ,Travel,954.18,0
804673308,Blue,445,1,111,2023-11-26,Week-48,Q4,2023,3893,0,1866,37,0,Swipe ,Grocery,149.28,0
804708633,Blue,360,1,109,2023-11-26,Week-48,Q4,2023,7323,0,4666,87,0,Swipe ,Entertainment,466.6,0
804820233,Blue,455,1,103,2023-11-26,Week-48,Q4,2023,11777,1781,2763,62,0.151,Swipe ,Entertainment,773.64,0
804829533,Blue,380,1,67,2023-11-26,Week-48,Q4,2023,24621,471,2864,51,0.019,Chip ,Fuel,372.32,0
804833058,Blue,380,1,113,2023-11-26,Week-48,Q4,2023,4384,0,1832,49,0,Swipe ,Fuel,329.76,0
804840033,Blue,480,0,157,2023-11-26,Week-48,Q4,2023,16611,0,1960,48,0,Swipe ,Travel,490,0
804847308,Blue,190,0,86,2023-11-26,Week-48,Q4,2023,1564,0,4018,69,0,Swipe ,Entertainment,1084.86,0
804867183,Blue,220,1,112,2023-11-26,Week-48,Q4,2023,16043,0,2599,47,0,Swipe ,Bills,493.81,0
805229133,Blue,290,1,96,2023-11-26,Week-48,Q4,2023,11250,0,4514,70,0,Swipe ,Fuel,1038.22,0
805254708,Blue,410,1,90,2023-11-26,Week-48,Q4,2023,15700,1276,2229,48,0.081,Swipe ,Bills,378.93,0
805259733,Blue,280,0,62,2023-11-26,Week-48,Q4,2023,11341,0,1731,46,0,Swipe ,Entertainment,173.1,0
805261983,Blue,125,0,109,2023-11-26,Week-48,Q4,2023,1626,979,2847,61,0.602,Swipe ,Fuel,654.81,0
805282908,Blue,200,0,104,2023-11-26,Week-48,Q4,2023,7599,1100,4401,71,0.145,Swipe ,Entertainment,1012.23,0
805313808,Blue,370,0,85,2023-11-26,Week-48,Q4,2023,8018,134,2409,38,0.017,Chip ,Bills,433.62,0
805453908,Blue,460,1,85,2023-11-26,Week-48,Q4,2023,2507,1592,4355,79,0.635,Swipe ,Grocery,304.85,0
805458933,Blue,290,1,109,2023-11-26,Week-48,Q4,2023,13984,632,4727,83,0.045,Swipe ,Entertainment,945.4,0
805461783,Blue,95,0,151,2023-11-26,Week-48,Q4,2023,1438.3,0,4735,87,0,Swipe ,Fuel,426.15,0
805485933,Blue,300,1,117,2023-11-26,Week-48,Q4,2023,4010,2517,14354,101,0.628,Swipe ,Grocery,3732.04,0
805516608,Silver,325,1,47,2023-11-26,Week-48,Q4,2023,34516,925,7755,84,0.027,Swipe ,Food,1395.9,0
805522758,Blue,140,1,111,2023-11-26,Week-48,Q4,2023,2311,1830,1701,33,0.792,Swipe ,Entertainment,493.29,0
805524708,Blue,285,0,162,2023-11-26,Week-48,Q4,2023,6629,2517,2599,50,0.38,Swipe ,Grocery,623.76,0
805534608,Blue,200,0,93,2023-11-26,Week-48,Q4,2023,8769,1314,3817,60,0.15,Swipe ,Bills,534.38,0
805543158,Blue,280,1,90,2023-11-26,Week-48,Q4,2023,11086,2207,1523,40,0.199,Swipe ,Bills,395.98,0
805546308,Blue,250,1,66,2023-11-26,Week-48,Q4,2023,5951,2517,4554,83,0.423,Chip ,Grocery,1275.12,0
806140383,Blue,485,1,133,2023-11-26,Week-48,Q4,2023,2791,2396,2658,43,0.858,Swipe ,Grocery,558.18,0
806160108,Blue,470,1,74,2023-11-26,Week-48,Q4,2023,3193,2517,1336,30,0.788,Swipe ,Bills,93.52,0
806165208,Blue,455,1,52,2023-11-26,Week-48,Q4,2023,20979,1800,1178,27,0.086,Swipe ,Travel,294.5,0
806170158,Gold,175,0,65,2023-11-26,Week-48,Q4,2023,34516,542,3899,78,0.016,Swipe ,Bills,389.9,0
806179683,Blue,140,1,75,2023-11-26,Week-48,Q4,2023,3071,2044,4433,68,0.666,Swipe ,Bills,354.64,0
806189658,Blue,350,1,111,2023-11-26,Week-48,Q4,2023,1780,893,4630,73,0.502,Swipe ,Food,1342.7,0
806219808,Blue,125,0,92,2023-11-26,Week-48,Q4,2023,5119,1972,5146,88,0.385,Chip ,Entertainment,1337.96,0
806226933,Blue,350,1,71,2023-11-26,Week-48,Q4,2023,34516,0,3660,59,0,Swipe ,Grocery,585.6,0
806232408,Blue,475,1,97,2023-11-26,Week-48,Q4,2023,11905,0,4022,65,0,Chip ,Food,925.06,0
806244183,Blue,195,0,65,2023-11-26,Week-48,Q4,2023,2267,0,4544,84,0,Swipe ,Fuel,908.8,0
806250783,Blue,245,1,84,2023-11-26,Week-48,Q4,2023,1441,0,2742,58,0,Online ,Bills,191.94,0
806256333,Blue,150,1,94,2023-11-26,Week-48,Q4,2023,1438.3,312,1786,26,0.217,Swipe ,Bills,357.2,0
806264958,Blue,125,1,64,2023-11-26,Week-48,Q4,2023,7030,994,3211,69,0.141,Swipe ,Grocery,513.76,0
806392908,Blue,290,0,100,2023-11-26,Week-48,Q4,2023,7469,2338,1212,33,0.313,Swipe ,Bills,133.32,0
806407308,Blue,370,1,103,2023-11-26,Week-48,Q4,2023,13184,0,2047,33,0,Swipe ,Fuel,368.46,0
806415183,Blue,125,0,67,2023-11-26,Week-48,Q4,2023,13623,1432,4534,83,0.105,Swipe ,Bills,1224.18,0
806428908,Blue,320,1,91,2023-11-26,Week-48,Q4,2023,13397,0,5049,75,0,Online ,Fuel,1262.25,0
806432433,Blue,175,0,109,2023-11-26,Week-48,Q4,2023,2544,1713,8006,88,0.673,Swipe ,Food,1120.84,0
806619333,Blue,410,0,70,2023-11-26,Week-48,Q4,2023,2909,2085,5154,80,0.717,Chip ,Bills,1443.12,0
806624208,Blue,395,1,159,2023-11-26,Week-48,Q4,2023,4785,1362,1045,38,0.285,Swipe ,Bills,114.95,0
806634783,Blue,390,1,119,2023-11-26,Week-48,Q4,2023,3420,1405,4267,75,0.411,Swipe ,Fuel,469.37,0
806637558,Blue,125,1,90,2023-11-26,Week-48,Q4,2023,1438.3,0,1539,40,0,Swipe ,Grocery,184.68,0
806641683,Silver,470,1,86,2023-11-26,Week-48,Q4,2023,34516,1461,3416,70,0.042,Swipe ,Bills,717.36,0
806649333,Gold,485,1,78,2023-11-26,Week-48,Q4,2023,16998,1404,13977,127,0.083,Swipe ,Entertainment,3913.56,0
806652483,Blue,365,0,81,2023-11-26,Week-48,Q4,2023,1561,1169,4391,67,0.749,Swipe ,Bills,1053.84,0
806656083,Blue,465,0,88,2023-11-26,Week-48,Q4,2023,9559,1514,4064,70,0.158,Swipe ,Entertainment,406.4,0
806694333,Blue,360,1,81,2023-11-26,Week-48,Q4,2023,2771,1779,8268,73,0.642,Swipe ,Fuel,496.08,0
806752533,Blue,450,1,98,2023-11-26,Week-48,Q4,2023,2965,1635,2553,59,0.551,Swipe ,Fuel,689.31,0
806824908,Blue,175,0,43,2023-11-26,Week-48,Q4,2023,16476,1374,4717,71,0.083,Chip ,Fuel,660.38,0
806889633,Blue,175,1,79,2023-11-26,Week-48,Q4,2023,20117,1226,2906,58,0.061,Swipe ,Bills,813.68,0
806894133,Blue,430,0,50,2023-11-26,Week-48,Q4,2023,1617,1347,2546,55,0.833,Swipe ,Entertainment,458.28,0
806900508,Blue,355,1,78,2023-11-26,Week-48,Q4,2023,2036,1716,4161,75,0.843,Swipe ,Fuel,332.88,0
806908608,Blue,245,0,74,2023-11-26,Week-48,Q4,2023,1438.3,0,3942,78,0,Swipe ,Fuel,512.46,0
806914158,Blue,405,1,71,2023-11-26,Week-48,Q4,2023,4047,0,2134,34,0,Swipe ,Entertainment,128.04,0
806917983,Silver,150,0,94,2023-11-26,Week-48,Q4,2023,33779,1526,15200,126,0.045,Chip ,Travel,912,0
806947308,Blue,125,1,112,2023-12-03,Week-49,Q4,2023,20178,1553,1735,44,0.077,Online ,Grocery,347,0
806970033,Blue,125,1,92,2023-12-03,Week-49,Q4,2023,1753,1434,4588,77,0.818,Swipe ,Entertainment,734.08,0
806989008,Blue,410,1,72,2023-12-03,Week-49,Q4,2023,12917,1157,4108,82,0.09,Chip ,Fuel,575.12,0
806992533,Blue,150,1,85,2023-12-03,Week-49,Q4,2023,8284,797,13092,102,0.096,Swipe ,Fuel,3534.84,0
806995683,Blue,405,1,83,2023-12-03,Week-49,Q4,2023,4783,2517,2870,50,0.526,Chip ,Fuel,401.8,0
807014583,Blue,125,0,69,2023-12-03,Week-49,Q4,2023,1469,0,4331,89,0,Chip ,Bills,822.89,0
807030858,Blue,415,1,88,2023-12-03,Week-49,Q4,2023,34516,2274,1795,47,0.066,Swipe ,Bills,376.95,0
807044958,Blue,280,1,61,2023-12-03,Week-49,Q4,2023,2937,869,2171,45,0.296,Swipe ,Fuel,586.17,0
807136758,Blue,125,1,134,2023-12-03,Week-49,Q4,2023,1944,0,2412,40,0,Swipe ,Grocery,458.28,0
807137808,Blue,455,1,67,2023-12-03,Week-49,Q4,2023,17576,0,3494,67,0,Online ,Fuel,698.8,0
807141183,Blue,300,1,81,2023-12-03,Week-49,Q4,2023,14938,1412,1930,36,0.095,Swipe ,Bills,135.1,0
807149058,Blue,290,1,117,2023-12-03,Week-49,Q4,2023,2876,1628,4752,80,0.566,Swipe ,Bills,902.88,0
807157833,Blue,200,0,74,2023-12-03,Week-49,Q4,2023,3334,1272,4284,73,0.382,Chip ,Food,514.08,0
807161508,Blue,250,0,116,2023-12-03,Week-49,Q4,2023,2590,1748,2804,52,0.675,Swipe ,Entertainment,280.4,0
807165033,Blue,415,0,72,2023-12-03,Week-49,Q4,2023,15027,0,3533,59,0,Swipe ,Bills,989.24,0
807173358,Blue,190,1,72,2023-12-03,Week-49,Q4,2023,3617,878,5416,76,0.243,Swipe ,Fuel,433.28,0
807209808,Blue,445,1,150,2023-12-03,Week-49,Q4,2023,2319,1630,3739,68,0.703,Swipe ,Entertainment,336.51,0
807226683,Blue,140,1,111,2023-12-03,Week-49,Q4,2023,5279,1115,1642,41,0.211,Swipe ,Bills,279.14,0
807237783,Blue,430,0,80,2023-12-03,Week-49,Q4,2023,20437,1020,4166,66,0.05,Swipe ,Bills,1041.5,0
807244983,Blue,95,1,151,2023-12-03,Week-49,Q4,2023,1438.3,680,2283,55,0.473,Swipe ,Entertainment,593.58,0
807275733,Blue,125,1,104,2023-12-03,Week-49,Q4,2023,7130,873,2498,37,0.122,Swipe ,Entertainment,324.74,0
807349158,Blue,455,0,128,2023-12-03,Week-49,Q4,2023,34516,1491,2243,60,0.043,Swipe ,Grocery,358.88,0
807369708,Blue,425,0,94,2023-12-03,Week-49,Q4,2023,6355,0,4009,74,0,Chip ,Bills,440.99,0
807379833,Blue,200,1,106,2023-12-03,Week-49,Q4,2023,9104,145,2563,34,0.016,Swipe ,Fuel,538.23,0
807393558,Silver,495,1,102,2023-12-03,Week-49,Q4,2023,34516,1279,4615,49,0.037,Swipe ,Bills,507.65,0
807426033,Blue,330,0,107,2023-12-03,Week-49,Q4,2023,2865,1176,3462,61,0.41,Chip ,Entertainment,900.12,0
807523008,Blue,320,1,94,2023-12-03,Week-49,Q4,2023,4397,2007,2473,47,0.456,Swipe ,Bills,494.6,0
807584958,Blue,355,1,123,2023-12-03,Week-49,Q4,2023,21096,0,1882,39,0,Chip ,Grocery,489.32,0
807587433,Blue,100,1,112,2023-12-03,Week-49,Q4,2023,1438.3,0,2229,40,0,Swipe ,Fuel,178.32,0
807589908,Blue,175,0,77,2023-12-03,Week-49,Q4,2023,1778,822,4189,80,0.462,Swipe ,Grocery,377.01,0
807593058,Blue,125,1,97,2023-12-03,Week-49,Q4,2023,5317,0,2003,29,0,Swipe ,Grocery,520.78,0
807596358,Blue,175,0,88,2023-12-03,Week-49,Q4,2023,13884,1204,4650,70,0.087,Swipe ,Grocery,883.5,0
807600633,Blue,375,1,100,2023-12-03,Week-49,Q4,2023,9856,671,5408,83,0.068,Chip ,Fuel,811.2,0
807604233,Blue,300,0,83,2023-12-03,Week-49,Q4,2023,11114,2482,5044,81,0.223,Swipe ,Entertainment,756.6,0
807722658,Blue,370,0,116,2023-12-03,Week-49,Q4,2023,2429,1250,4761,99,0.515,Swipe ,Bills,285.66,0
807915408,Blue,250,0,85,2023-12-03,Week-49,Q4,2023,6602,0,4479,82,0,Swipe ,Bills,761.43,0
807946833,Blue,125,0,49,2023-12-03,Week-49,Q4,2023,1791,0,2771,36,0,Swipe ,Travel,554.2,0
807964908,Blue,480,0,77,2023-12-03,Week-49,Q4,2023,8013,2025,1481,45,0.253,Swipe ,Fuel,103.67,0
807971658,Blue,290,0,91,2023-12-03,Week-49,Q4,2023,3669,2517,13931,112,0.686,Swipe ,Food,2368.27,0
807977808,Blue,245,0,94,2023-12-03,Week-49,Q4,2023,3246,2517,13671,103,0.775,Chip ,Food,1367.1,0
807986133,Blue,245,1,113,2023-12-03,Week-49,Q4,2023,6584,1817,1353,35,0.276,Swipe ,Bills,230.01,0
807990108,Blue,150,0,91,2023-12-03,Week-49,Q4,2023,11362,0,3197,61,0,Chip ,Food,799.25,0
808045833,Blue,375,1,84,2023-12-03,Week-49,Q4,2023,7659,1698,15860,105,0.222,Chip ,Grocery,1586,0
808169358,Blue,295,1,81,2023-12-03,Week-49,Q4,2023,12291,2289,1683,50,0.186,Swipe ,Fuel,471.24,0
808273533,Blue,195,0,50,2023-12-03,Week-49,Q4,2023,1818,0,2054,55,0,Swipe ,Entertainment,205.4,0
808279158,Blue,440,1,138,2023-12-03,Week-49,Q4,2023,11765,1429,8914,99,0.121,Swipe ,Food,1069.68,0
808281483,Blue,360,1,95,2023-12-03,Week-49,Q4,2023,2665,2157,4249,76,0.809,Swipe ,Entertainment,1232.21,0
808284783,Blue,200,0,83,2023-12-03,Week-49,Q4,2023,1438.3,0,1951,44,0,Swipe ,Bills,468.24,0
808287408,Blue,175,1,78,2023-12-03,Week-49,Q4,2023,29227,1151,8420,100,0.039,Swipe ,Bills,1347.2,0
808292958,Blue,175,1,47,2023-12-03,Week-49,Q4,2023,1438.3,495,2546,40,0.344,Swipe ,Food,534.66,0
808527183,Blue,390,0,108,2023-12-03,Week-49,Q4,2023,1489,949,4669,94,0.637,Swipe ,Food,513.59,0
808669083,Blue,300,1,70,2023-12-03,Week-49,Q4,2023,1438.3,0,5015,68,0,Swipe ,Food,601.8,0
808675083,Blue,325,1,103,2023-12-03,Week-49,Q4,2023,4235,1675,3862,76,0.396,Chip ,Food,1004.12,0
808681158,Blue,405,1,76,2023-12-03,Week-49,Q4,2023,2564,2379,1343,35,0.928,Swipe ,Fuel,161.16,0
808705758,Blue,420,1,111,2023-12-03,Week-49,Q4,2023,20348,1732,1624,27,0.085,Swipe ,Grocery,211.12,0
808732458,Blue,100,0,143,2023-12-03,Week-49,Q4,2023,6626,1558,2838,49,0.235,Swipe ,Fuel,539.22,0
808743558,Blue,360,1,69,2023-12-03,Week-49,Q4,2023,4540,2517,4804,66,0.554,Swipe ,Grocery,576.48,0
808747233,Silver,365,1,99,2023-12-03,Week-49,Q4,2023,34516,0,2573,55,0,Swipe ,Grocery,617.52,1
808750458,Blue,385,1,110,2023-12-03,Week-49,Q4,2023,10029,606,2192,58,0.06,Swipe ,Fuel,613.76,1
808753758,Blue,300,0,81,2023-12-03,Week-49,Q4,2023,29695,1525,4109,71,0.051,Swipe ,Fuel,657.44,1
808756458,Blue,200,0,65,2023-12-03,Week-49,Q4,2023,13189,1205,3821,83,0.091,Chip ,Fuel,305.68,1
808796208,Blue,355,1,118,2023-12-03,Week-49,Q4,2023,5476,2517,1532,44,0.46,Swipe ,Entertainment,413.64,1
808891983,Blue,100,1,116,2023-12-03,Week-49,Q4,2023,6250,1835,4042,60,0.294,Swipe ,Fuel,444.62,1
808897683,Blue,440,1,120,2023-12-03,Week-49,Q4,2023,30271,1406,3231,47,0.046,Swipe ,Bills,743.13,1
808903308,Blue,435,1,88,2023-12-03,Week-49,Q4,2023,2471,0,2519,35,0,Swipe ,Entertainment,453.42,1
808909008,Blue,365,1,107,2023-12-03,Week-49,Q4,2023,1438.3,0,1448,31,0,Swipe ,Bills,362,1
808950108,Blue,325,1,161,2023-12-03,Week-49,Q4,2023,1438.3,859,4409,72,0.597,Swipe ,Bills,529.08,1
808964433,Blue,195,1,75,2023-12-03,Week-49,Q4,2023,8693,1378,1594,45,0.159,Swipe ,Bills,334.74,1
808967883,Blue,350,1,107,2023-12-03,Week-49,Q4,2023,2089,1262,5069,76,0.604,Swipe ,Food,1368.63,0
808981608,Blue,125,1,77,2023-12-03,Week-49,Q4,2023,5452,540,4220,66,0.099,Swipe ,Fuel,759.6,0
809068983,Blue,245,1,101,2023-12-03,Week-49,Q4,2023,3511,0,5238,82,0,Chip ,Bills,523.8,0
809071083,Blue,445,1,116,2023-12-03,Week-49,Q4,2023,2346,2150,4592,90,0.916,Swipe ,Fuel,688.8,0
809092458,Blue,455,1,135,2023-12-03,Week-49,Q4,2023,2517,1336,5211,83,0.531,Swipe ,Bills,1094.31,0
809127858,Blue,150,0,99,2023-12-03,Week-49,Q4,2023,2275,1219,4807,72,0.536,Swipe ,Entertainment,1249.82,0
809147283,Gold,150,0,89,2023-12-03,Week-49,Q4,2023,15987,1372,15058,109,0.086,Chip ,Grocery,2258.7,0
809164083,Blue,405,0,52,2023-12-03,Week-49,Q4,2023,2619,1779,1450,37,0.679,Swipe ,Bills,188.5,0
809169858,Blue,300,1,169,2023-12-03,Week-49,Q4,2023,18224,1383,7728,93,0.076,Swipe ,Bills,695.52,0
809276808,Blue,225,1,146,2023-12-03,Week-49,Q4,2023,7299,0,4678,83,0,Swipe ,Food,1263.06,0
809290308,Blue,435,1,95,2023-12-03,Week-49,Q4,2023,3540,1173,1912,45,0.331,Swipe ,Bills,420.64,0
809292483,Silver,390,1,51,2023-12-03,Week-49,Q4,2023,8128,1846,1224,32,0.227,Swipe ,Entertainment,171.36,0
809296308,Blue,245,1,95,2023-12-03,Week-49,Q4,2023,21526,2332,1313,37,0.108,Swipe ,Bills,183.82,0
809307108,Blue,95,1,81,2023-12-03,Week-49,Q4,2023,2021,1182,4209,77,0.585,Swipe ,Food,968.07,0
809311758,Silver,295,0,104,2023-12-03,Week-49,Q4,2023,25219,1503,4429,87,0.06,Swipe ,Fuel,1240.12,0
809320908,Blue,300,0,92,2023-12-03,Week-49,Q4,2023,5951,0,4160,84,0,Swipe ,Entertainment,915.2,0
809342208,Blue,390,0,105,2023-12-03,Week-49,Q4,2023,1438.3,0,2005,47,0,Swipe ,Fuel,300.75,0
809358708,Blue,250,0,130,2023-12-03,Week-49,Q4,2023,34516,2135,3514,63,0.062,Swipe ,Grocery,386.54,0
809360883,Blue,245,1,58,2023-12-03,Week-49,Q4,2023,17673,1783,3160,59,0.101,Chip ,Bills,600.4,0
809363958,Blue,100,0,54,2023-12-03,Week-49,Q4,2023,3881,0,4177,66,0,Chip ,Food,626.55,0
809378133,Blue,445,1,87,2023-12-03,Week-49,Q4,2023,1521,0,4880,79,0,Swipe ,Bills,390.4,0
809425533,Silver,300,0,69,2023-12-03,Week-49,Q4,2023,15785,1174,8097,105,0.074,Swipe ,Bills,1862.31,0
809440008,Blue,125,1,90,2023-12-03,Week-49,Q4,2023,2069,550,2716,43,0.266,Swipe ,Entertainment,706.16,0
809445858,Blue,200,1,99,2023-12-03,Week-49,Q4,2023,1755,750,5000,79,0.427,Swipe ,Food,1100,0
809452383,Blue,340,1,100,2023-12-03,Week-49,Q4,2023,1438.3,0,4733,89,0,Swipe ,Bills,1230.58,0
809459733,Blue,330,0,81,2023-12-03,Week-49,Q4,2023,3220,0,13339,90,0,Swipe ,Entertainment,1600.68,0
809464608,Silver,355,0,65,2023-12-03,Week-49,Q4,2023,34516,2517,2691,42,0.073,Swipe ,Grocery,753.48,0
809538783,Blue,125,0,81,2023-12-03,Week-49,Q4,2023,1438.3,1058,4109,72,0.736,Chip ,Travel,821.8,0
809540733,Blue,150,1,81,2023-12-03,Week-49,Q4,2023,11358,1425,14327,92,0.125,Swipe ,Food,859.62,0
809559933,Blue,490,0,45,2023-12-03,Week-49,Q4,2023,4462,706,2526,41,0.158,Chip ,Entertainment,505.2,0
809565183,Blue,225,1,72,2023-12-03,Week-49,Q4,2023,1842,625,2650,43,0.339,Chip ,Fuel,424,0
809582058,Blue,125,1,172,2023-12-03,Week-49,Q4,2023,1761,1249,4410,73,0.709,Chip ,Food,1058.4,0
809589783,Silver,320,0,160,2023-12-03,Week-49,Q4,2023,16268,817,13969,120,0.05,Chip ,Travel,2374.73,0
809599158,Silver,110,1,66,2023-12-03,Week-49,Q4,2023,34516,0,1626,28,0,Chip ,Food,390.24,0
809608533,Blue,385,0,110,2023-12-03,Week-49,Q4,2023,18206,1586,1439,48,0.087,Swipe ,Travel,86.34,0
809616108,Blue,360,1,97,2023-12-03,Week-49,Q4,2023,1568,0,2812,59,0,Swipe ,Bills,281.2,0
809620833,Blue,430,1,76,2023-12-03,Week-49,Q4,2023,9293,0,2314,59,0,Swipe ,Bills,555.36,0
809626983,Blue,485,1,90,2023-12-03,Week-49,Q4,2023,1670,0,2790,37,0,Swipe ,Food,585.9,0
809631483,Blue,495,1,43,2023-12-03,Week-49,Q4,2023,32106,0,4452,83,0,Swipe ,Bills,356.16,0
809797158,Blue,150,0,91,2023-12-03,Week-49,Q4,2023,19366,1592,3627,66,0.082,Swipe ,Entertainment,435.24,0
809809008,Blue,470,0,51,2023-12-03,Week-49,Q4,2023,3111,1541,4570,68,0.495,Online ,Entertainment,1142.5,0
809811858,Blue,100,0,81,2023-12-03,Week-49,Q4,2023,1504,0,2530,43,0,Swipe ,Bills,278.3,0
809818008,Blue,405,1,113,2023-12-03,Week-49,Q4,2023,12893,1620,2300,60,0.126,Swipe ,Travel,437,0
809825358,Blue,420,1,91,2023-12-03,Week-49,Q4,2023,3428,1566,1155,34,0.457,Swipe ,Entertainment,69.3,0
809844108,Blue,290,0,73,2023-12-03,Week-49,Q4,2023,8086,0,4775,78,0,Swipe ,Fuel,1002.75,0
809846283,Blue,100,1,41,2023-12-03,Week-49,Q4,2023,1438.3,0,4154,78,0,Online ,Entertainment,1080.04,0
809849358,Blue,125,0,54,2023-12-03,Week-49,Q4,2023,1720,0,2719,36,0,Chip ,Bills,543.8,0
809855808,Blue,450,1,96,2023-12-03,Week-49,Q4,2023,5207,1650,1339,20,0.317,Swipe ,Bills,80.34,0
809937933,Blue,100,1,88,2023-12-03,Week-49,Q4,2023,2470,2013,4384,82,0.815,Chip ,Entertainment,1139.84,0
809941233,Silver,175,1,90,2023-12-03,Week-49,Q4,2023,3074,2390,1377,38,0.777,Swipe ,Fuel,316.71,0
809951133,Blue,220,0,111,2023-12-03,Week-49,Q4,2023,34516,0,2115,24,0,Swipe ,Entertainment,423,0
809954133,Blue,320,1,73,2023-12-03,Week-49,Q4,2023,5013,0,5223,84,0,Swipe ,Fuel,626.76,0
809959683,Blue,405,0,77,2023-12-03,Week-49,Q4,2023,19159,2108,1813,52,0.11,Swipe ,Bills,108.78,0
809962908,Blue,125,1,41,2023-12-03,Week-49,Q4,2023,8171,852,1909,52,0.104,Swipe ,Entertainment,324.53,0
809966058,Blue,355,1,101,2023-12-03,Week-49,Q4,2023,2835,1860,4569,81,0.656,Swipe ,Fuel,1187.94,0
809967783,Blue,355,1,96,2023-12-03,Week-49,Q4,2023,3038,1539,2189,54,0.507,Swipe ,Entertainment,612.92,0
809976033,Blue,350,0,149,2023-12-03,Week-49,Q4,2023,7819,1560,1582,25,0.2,Swipe ,Bills,158.2,0
809978733,Blue,245,0,83,2023-12-03,Week-49,Q4,2023,1438.3,746,4415,77,0.519,Chip ,Bills,1192.05,0
809984133,Blue,270,1,113,2023-12-03,Week-49,Q4,2023,32056,1887,2730,68,0.059,Swipe ,Grocery,737.1,0
809990883,Blue,360,1,111,2023-12-03,Week-49,Q4,2023,2423,1773,2038,64,0.732,Swipe ,Bills,203.8,0
810040908,Blue,100,0,82,2023-12-03,Week-49,Q4,2023,3787,824,16220,120,0.218,Swipe ,Grocery,4379.4,0
810201783,Blue,140,1,82,2023-12-03,Week-49,Q4,2023,3119,1328,2740,62,0.426,Swipe ,Bills,520.6,0
810220833,Silver,300,1,116,2023-12-03,Week-49,Q4,2023,15871,2086,1562,43,0.131,Swipe ,Bills,93.72,0
810261633,Blue,405,1,123,2023-12-03,Week-49,Q4,2023,9682,1727,14991,95,0.178,Swipe ,Fuel,2398.56,0
810271083,Blue,200,0,97,2023-12-03,Week-49,Q4,2023,14897,0,2164,53,0,Swipe ,Grocery,151.48,0
810321933,Blue,125,1,93,2023-12-03,Week-49,Q4,2023,11229,1054,1898,36,0.094,Swipe ,Bills,322.66,0
810347208,Silver,370,1,86,2023-12-03,Week-49,Q4,2023,34516,2264,1330,31,0.066,Swipe ,Travel,199.5,0
810449883,Blue,250,0,93,2023-12-03,Week-49,Q4,2023,2215,1915,1270,27,0.865,Swipe ,Bills,88.9,0
810493458,Blue,250,0,103,2023-12-03,Week-49,Q4,2023,4058,1349,4388,72,0.332,Chip ,Entertainment,526.56,0
810545733,Blue,275,1,103,2023-12-03,Week-49,Q4,2023,2373,1480,4228,63,0.624,Online ,Fuel,422.8,0
810586833,Blue,370,1,81,2023-12-03,Week-49,Q4,2023,29638,857,3429,78,0.029,Chip ,Entertainment,342.9,0
810667158,Blue,425,1,76,2023-12-03,Week-49,Q4,2023,2430,974,4344,75,0.401,Chip ,Fuel,347.52,0
810789708,Blue,125,1,78,2023-12-03,Week-49,Q4,2023,2256,0,4587,92,0,Swipe ,Grocery,779.79,0
810856833,Blue,225,1,110,2023-12-03,Week-49,Q4,2023,11962,1025,1907,52,0.086,Swipe ,Bills,457.68,0
810868758,Blue,175,0,101,2023-12-03,Week-49,Q4,2023,12078,1687,2384,52,0.14,Swipe ,Fuel,166.88,0
810875958,Blue,95,1,63,2023-12-03,Week-49,Q4,2023,2016,395,2473,44,0.196,Chip ,Bills,544.06,0
810974958,Blue,290,1,63,2023-12-03,Week-49,Q4,2023,4123,1760,2447,40,0.427,Chip ,Bills,367.05,0
810986883,Blue,175,1,111,2023-12-03,Week-49,Q4,2023,2557,1898,4808,83,0.742,Swipe ,Fuel,336.56,0
811005858,Blue,440,0,119,2023-12-03,Week-49,Q4,2023,1438.3,0,2914,70,0,Swipe ,Entertainment,233.12,0
811013658,Blue,245,1,92,2023-12-03,Week-49,Q4,2023,10816,871,3221,68,0.081,Swipe ,Entertainment,611.99,0
811035483,Silver,175,0,74,2023-12-03,Week-49,Q4,2023,34516,0,1641,35,0,Swipe ,Bills,393.84,0
811076883,Blue,175,0,81,2023-12-03,Week-49,Q4,2023,7979,0,5056,63,0,Swipe ,Bills,556.16,0
811081083,Blue,300,0,82,2023-12-03,Week-49,Q4,2023,1532,1183,4359,78,0.772,Swipe ,Bills,871.8,0
811095483,Silver,415,0,43,2023-12-03,Week-49,Q4,2023,21163,2517,1732,35,0.119,Chip ,Fuel,433,0
811111083,Blue,320,1,114,2023-12-03,Week-49,Q4,2023,2863,2517,1458,39,0.879,Swipe ,Fuel,393.66,0
811140933,Blue,485,0,98,2023-12-03,Week-49,Q4,2023,2616,1786,5219,63,0.683,Chip ,Fuel,417.52,0
811457058,Blue,125,0,66,2023-12-03,Week-49,Q4,2023,5881,2005,1931,56,0.341,Swipe ,Entertainment,386.2,0
811463283,Blue,345,1,97,2023-12-03,Week-49,Q4,2023,22437,1389,3283,50,0.062,Chip ,Entertainment,492.45,0
811467708,Blue,490,0,96,2023-12-03,Week-49,Q4,2023,22399,1431,2390,62,0.064,Swipe ,Travel,167.3,0
811475733,Blue,245,1,109,2023-12-03,Week-49,Q4,2023,3339,0,2432,48,0,Chip ,Bills,340.48,0
811527933,Silver,295,0,105,2023-12-03,Week-49,Q4,2023,10885,1758,2291,39,0.162,Chip ,Entertainment,481.11,0
811532208,Silver,330,1,102,2023-12-03,Week-49,Q4,2023,16277,1170,3634,62,0.072,Swipe ,Grocery,399.74,0
811534983,Blue,100,1,77,2023-12-03,Week-49,Q4,2023,2031,1069,1943,47,0.526,Swipe ,Bills,330.31,0
811554708,Blue,200,0,95,2023-12-03,Week-49,Q4,2023,26516,1434,3609,76,0.054,Swipe ,Grocery,1046.61,0
811571733,Blue,125,1,96,2023-12-03,Week-49,Q4,2023,2600,1876,2625,45,0.722,Swipe ,Fuel,735,0
811604133,Blue,300,1,66,2023-12-03,Week-49,Q4,2023,2492,1560,1126,23,0.626,Swipe ,Bills,157.64,0
811697958,Blue,300,0,73,2023-12-03,Week-49,Q4,2023,1488,755,4451,65,0.507,Chip ,Entertainment,534.12,0
811700058,Gold,225,0,101,2023-12-03,Week-49,Q4,2023,34516,687,4822,57,0.02,Swipe ,Grocery,1157.28,0
811705233,Blue,100,1,130,2023-12-03,Week-49,Q4,2023,7037,0,4099,71,0,Swipe ,Fuel,1147.72,0
811713408,Blue,225,1,112,2023-12-03,Week-49,Q4,2023,2642,1249,4897,81,0.473,Swipe ,Entertainment,489.7,0
811721133,Blue,140,1,89,2023-12-03,Week-49,Q4,2023,2359,1242,2021,50,0.526,Swipe ,Bills,282.94,0
811762383,Blue,95,0,86,2023-12-03,Week-49,Q4,2023,2250,1788,4908,71,0.795,Swipe ,Entertainment,1177.92,0
811775883,Blue,385,1,100,2023-12-03,Week-49,Q4,2023,5397,2336,4734,96,0.433,Swipe ,Food,331.38,0
811793433,Silver,485,1,115,2023-12-03,Week-49,Q4,2023,34516,2381,15071,103,0.069,Swipe ,Fuel,3315.62,0
811889808,Blue,245,1,103,2023-12-03,Week-49,Q4,2023,23459,2305,7279,83,0.098,Swipe ,Bills,1455.8,0
811898133,Blue,285,0,109,2023-12-03,Week-49,Q4,2023,2555,2117,1334,32,0.829,Swipe ,Bills,253.46,0
811907583,Blue,175,0,77,2023-12-03,Week-49,Q4,2023,7600,1574,4240,67,0.207,Swipe ,Bills,1144.8,0
811912608,Blue,250,0,157,2023-12-03,Week-49,Q4,2023,2741,1639,5077,87,0.598,Swipe ,Travel,507.7,0
811915383,Blue,140,1,101,2023-12-03,Week-49,Q4,2023,3152,1986,2530,50,0.63,Swipe ,Entertainment,480.7,0
811942983,Blue,125,1,115,2023-12-03,Week-49,Q4,2023,17627,1756,4836,74,0.1,Online ,Food,1015.56,0
811965558,Blue,460,0,117,2023-12-03,Week-49,Q4,2023,13743,0,9406,106,0,Swipe ,Food,846.54,0
811970808,Blue,405,1,117,2023-12-03,Week-49,Q4,2023,5972,1885,3491,65,0.316,Swipe ,Bills,837.84,0
811974483,Blue,110,0,88,2023-12-03,Week-49,Q4,2023,1466,723,5110,86,0.493,Swipe ,Bills,562.1,0
811980858,Blue,460,0,76,2023-12-03,Week-49,Q4,2023,7667,0,1501,35,0,Swipe ,Grocery,150.1,0
811989858,Silver,360,0,82,2023-12-03,Week-49,Q4,2023,32244,0,3501,65,0,Chip ,Fuel,560.16,0
812019933,Blue,415,1,107,2023-12-03,Week-49,Q4,2023,2468,2021,1797,46,0.819,Swipe ,Bills,251.58,0
812089383,Blue,355,0,116,2023-12-03,Week-49,Q4,2023,1438.3,892,4426,88,0.62,Swipe ,Bills,752.42,0
812218908,Blue,100,0,74,2023-12-03,Week-49,Q4,2023,4065,2517,2899,51,0.619,Swipe ,Fuel,318.89,0
812222208,Blue,300,1,110,2023-12-03,Week-49,Q4,2023,9733,863,5228,71,0.089,Swipe ,Grocery,1097.88,0
812224983,Blue,225,0,69,2023-12-03,Week-49,Q4,2023,4675,1340,8037,100,0.287,Swipe ,Grocery,562.59,0
812230308,Blue,300,0,85,2023-12-03,Week-49,Q4,2023,2430,1657,8444,100,0.682,Swipe ,Grocery,1773.24,0
812235108,Blue,380,1,56,2023-12-03,Week-49,Q4,2023,4057,755,4301,58,0.186,Swipe ,Bills,516.12,0
812247033,Blue,370,1,113,2023-12-03,Week-49,Q4,2023,3536,0,3281,39,0,Swipe ,Food,590.58,0
812406183,Blue,200,0,94,2023-12-03,Week-49,Q4,2023,1438.3,0,2207,41,0,Swipe ,Grocery,419.33,0
812408058,Blue,425,0,142,2023-12-03,Week-49,Q4,2023,34516,1082,7845,92,0.031,Swipe ,Grocery,2275.05,0
812411058,Blue,150,1,98,2023-12-03,Week-49,Q4,2023,2094,0,2690,46,0,Swipe ,Fuel,457.3,0
812420358,Blue,300,1,72,2023-12-03,Week-49,Q4,2023,2122,554,949,17,0.261,Swipe ,Bills,66.43,0
812441358,Blue,405,1,102,2023-12-10,Week-50,Q4,2023,1438.3,0,2660,89,0,Swipe ,Entertainment,691.6,0
812443458,Blue,140,1,70,2023-12-10,Week-50,Q4,2023,25808,0,7794,94,0,Swipe ,Food,2182.32,0
812446158,Blue,425,0,97,2023-12-10,Week-50,Q4,2023,1719,0,4869,65,0,Swipe ,Fuel,1071.18,0
812449758,Blue,250,0,94,2023-12-10,Week-50,Q4,2023,12254,0,2129,42,0,Swipe ,Grocery,404.51,0
812453283,Blue,355,1,117,2023-12-10,Week-50,Q4,2023,3161,1788,13692,117,0.566,Swipe ,Food,3423,0
812465958,Blue,125,1,148,2023-12-10,Week-50,Q4,2023,12286,997,4960,83,0.081,Chip ,Fuel,496,0
812488608,Blue,300,1,100,2023-12-10,Week-50,Q4,2023,5024,2209,4908,73,0.44,Chip ,Entertainment,981.6,0
812493033,Blue,420,0,60,2023-12-10,Week-50,Q4,2023,3410,1110,5102,63,0.326,Online ,Grocery,1173.46,0
812501358,Blue,175,1,108,2023-12-10,Week-50,Q4,2023,1752,611,4864,76,0.349,Swipe ,Bills,1070.08,0
812534958,Silver,345,0,112,2023-12-10,Week-50,Q4,2023,19000,1568,8443,97,0.083,Swipe ,Food,1182.02,0
812597508,Blue,150,1,42,2023-12-10,Week-50,Q4,2023,4489,2498,2153,58,0.556,Swipe ,Travel,387.54,0
812618883,Silver,295,0,71,2023-12-10,Week-50,Q4,2023,34516,2019,7774,95,0.058,Swipe ,Fuel,2098.98,0
812627208,Blue,410,1,87,2023-12-10,Week-50,Q4,2023,1438.3,738,1226,33,0.513,Swipe ,Travel,269.72,0
812653383,Blue,420,1,96,2023-12-10,Week-50,Q4,2023,1843,1520,4729,92,0.825,Swipe ,Fuel,472.9,0
812671758,Blue,445,0,94,2023-12-10,Week-50,Q4,2023,4345,2176,2458,44,0.501,Online ,Entertainment,270.38,0
812785158,Blue,395,1,67,2023-12-10,Week-50,Q4,2023,2411,1797,4331,63,0.745,Swipe ,Fuel,866.2,0
812788233,Blue,125,1,73,2023-12-10,Week-50,Q4,2023,6315,1305,2205,43,0.207,Swipe ,Fuel,396.9,0
812794983,Blue,300,1,95,2023-12-10,Week-50,Q4,2023,4086,1974,7932,87,0.483,Swipe ,Fuel,1665.72,0
812801958,Blue,220,0,107,2023-12-10,Week-50,Q4,2023,3566,1401,2425,54,0.393,Swipe ,Fuel,557.75,0
812809083,Blue,325,1,70,2023-12-10,Week-50,Q4,2023,19636,1566,2595,58,0.08,Swipe ,Bills,389.25,0
812956983,Blue,420,1,104,2023-12-10,Week-50,Q4,2023,3458,1989,3409,59,0.575,Swipe ,Fuel,715.89,0
812973708,Blue,250,1,120,2023-12-10,Week-50,Q4,2023,2793,1661,3247,69,0.595,Chip ,Fuel,746.81,1
812979408,Silver,280,0,114,2023-12-10,Week-50,Q4,2023,15142,0,2458,41,0,Chip ,Bills,270.38,1
813053733,Blue,200,1,126,2023-12-10,Week-50,Q4,2023,34516,278,3029,49,0.008,Swipe ,Bills,424.06,1
813153108,Blue,200,1,136,2023-12-10,Week-50,Q4,2023,31091,966,14565,108,0.031,Chip ,Grocery,1019.55,1
813182658,Blue,425,0,134,2023-12-10,Week-50,Q4,2023,1656,929,4408,79,0.561,Chip ,Grocery,925.68,1
813200058,Blue,200,0,120,2023-12-10,Week-50,Q4,2023,6500,1786,1497,27,0.275,Swipe ,Bills,164.67,1
813213558,Blue,300,0,105,2023-12-10,Week-50,Q4,2023,2267,1469,3709,64,0.648,Swipe ,Bills,667.62,1
813230208,Blue,280,1,88,2023-12-10,Week-50,Q4,2023,2900,1782,4686,64,0.614,Swipe ,Bills,1124.64,1
813234108,Blue,375,0,74,2023-12-10,Week-50,Q4,2023,2922,1212,3895,70,0.415,Chip ,Grocery,623.2,1
813240408,Blue,225,0,87,2023-12-10,Week-50,Q4,2023,24880,836,1208,25,0.034,Swipe ,Entertainment,84.56,0
813247083,Blue,405,1,161,2023-12-10,Week-50,Q4,2023,16059,618,1357,26,0.038,Swipe ,Bills,325.68,0
813261408,Blue,125,0,96,2023-12-10,Week-50,Q4,2023,2151,1338,3446,58,0.622,Swipe ,Bills,447.98,0
813338733,Blue,250,1,74,2023-12-10,Week-50,Q4,2023,5884,1382,4477,82,0.235,Chip ,Entertainment,1208.79,0
813380058,Blue,190,1,81,2023-12-10,Week-50,Q4,2023,4100,863,3593,51,0.21,Swipe ,Fuel,323.37,0
813427833,Blue,200,1,84,2023-12-10,Week-50,Q4,2023,2110,844,4812,77,0.4,Chip ,Fuel,1347.36,0
813435108,Blue,360,0,109,2023-12-10,Week-50,Q4,2023,3537,0,4726,78,0,Chip ,Bills,1039.72,0
813449508,Blue,150,0,88,2023-12-10,Week-50,Q4,2023,9918,850,2485,40,0.086,Swipe ,Entertainment,447.3,0
813453408,Blue,250,1,119,2023-12-10,Week-50,Q4,2023,2448,1693,1269,30,0.692,Swipe ,Bills,203.04,0
813469458,Blue,290,1,56,2023-12-10,Week-50,Q4,2023,1438.3,673,2167,48,0.468,Swipe ,Fuel,498.41,0
813499458,Blue,440,1,55,2023-12-10,Week-50,Q4,2023,1438.3,0,2132,31,0,Swipe ,Entertainment,405.08,0
813573333,Blue,250,0,92,2023-12-10,Week-50,Q4,2023,2661,1466,1354,25,0.551,Swipe ,Fuel,135.4,0
813752433,Blue,470,1,76,2023-12-10,Week-50,Q4,2023,4075,1986,2449,27,0.487,Swipe ,Fuel,367.35,0
813755658,Blue,455,1,40,2023-12-10,Week-50,Q4,2023,11524,0,3598,72,0,Chip ,Bills,323.82,0
813764283,Gold,460,0,82,2023-12-10,Week-50,Q4,2023,17978,1820,15657,114,0.101,Swipe ,Grocery,4227.39,0
813804783,Blue,200,0,110,2023-12-10,Week-50,Q4,2023,2667,0,4399,54,0,Swipe ,Bills,1231.72,0
813807258,Blue,355,1,86,2023-12-10,Week-50,Q4,2023,1438.3,0,4670,82,0,Chip ,Entertainment,980.7,0
813810333,Blue,250,0,145,2023-12-10,Week-50,Q4,2023,2049,0,2703,54,0,Swipe ,Entertainment,513.57,0
813814008,Blue,245,0,81,2023-12-10,Week-50,Q4,2023,2324,1576,1272,37,0.678,Swipe ,Bills,101.76,0
813890883,Blue,430,1,87,2023-12-10,Week-50,Q4,2023,1555,0,3811,65,0,Online ,Bills,724.09,0
813895458,Blue,380,1,80,2023-12-10,Week-50,Q4,2023,2874,0,4617,89,0,Chip ,Grocery,923.4,0
813901458,Silver,190,0,106,2023-12-10,Week-50,Q4,2023,34516,1642,14954,95,0.048,Chip ,Travel,1644.94,0
813905508,Blue,355,0,87,2023-12-10,Week-50,Q4,2023,2002,1188,3735,73,0.593,Chip ,Bills,859.05,0
813915933,Blue,125,1,77,2023-12-10,Week-50,Q4,2023,2259,954,1393,35,0.422,Online ,Bills,320.39,0
813952233,Blue,150,1,88,2023-12-10,Week-50,Q4,2023,2978,2134,1413,46,0.717,Swipe ,Food,268.47,0
813961233,Blue,125,0,67,2023-12-10,Week-50,Q4,2023,4237,1676,2465,88,0.396,Swipe ,Bills,221.85,0
813964383,Blue,150,0,81,2023-12-10,Week-50,Q4,2023,8969,1226,2568,59,0.137,Online ,Entertainment,179.76,0
813967983,Blue,480,1,130,2023-12-10,Week-50,Q4,2023,1701,775,4471,71,0.456,Swipe ,Food,625.94,0
813971283,Blue,175,1,61,2023-12-10,Week-50,Q4,2023,2510,1508,3623,63,0.601,Chip ,Bills,362.3,0
813990483,Blue,125,0,87,2023-12-10,Week-50,Q4,2023,1864,1384,1662,32,0.742,Swipe ,Travel,299.16,0
814086333,Blue,375,1,43,2023-12-10,Week-50,Q4,2023,2220,1337,1685,44,0.602,Online ,Food,320.15,0
814091058,Blue,400,1,116,2023-12-10,Week-50,Q4,2023,3119,2517,2492,50,0.807,Swipe ,Bills,373.8,0
814092858,Blue,200,0,69,2023-12-10,Week-50,Q4,2023,2222,694,4372,65,0.312,Swipe ,Grocery,612.08,0
814181433,Blue,250,0,77,2023-12-10,Week-50,Q4,2023,3914,1683,4242,64,0.43,Swipe ,Food,1102.92,0
814191333,Blue,95,1,80,2023-12-10,Week-50,Q4,2023,24250,278,2153,41,0.011,Chip ,Grocery,495.19,0
814195758,Blue,480,0,89,2023-12-10,Week-50,Q4,2023,2596,1210,4642,78,0.466,Swipe ,Grocery,510.62,0
814219008,Blue,415,0,99,2023-12-10,Week-50,Q4,2023,1456,867,3953,69,0.595,Chip ,Entertainment,553.42,0
814312308,Blue,495,1,120,2023-12-10,Week-50,Q4,2023,5335,1373,1435,29,0.257,Swipe ,Entertainment,243.95,0
814364808,Blue,485,0,76,2023-12-10,Week-50,Q4,2023,3002,1002,2624,46,0.334,Swipe ,Fuel,314.88,0
814459833,Blue,470,0,114,2023-12-10,Week-50,Q4,2023,8017,0,3042,55,0,Swipe ,Grocery,395.46,0
814471983,Blue,435,0,71,2023-12-10,Week-50,Q4,2023,27310,0,1537,41,0,Swipe ,Fuel,368.88,0
814483608,Blue,200,1,160,2023-12-10,Week-50,Q4,2023,5798,2517,1860,43,0.434,Chip ,Entertainment,204.6,0
814489683,Blue,390,0,64,2023-12-10,Week-50,Q4,2023,5387,795,2596,59,0.148,Online ,Entertainment,311.52,0
814497483,Blue,320,0,95,2023-12-10,Week-50,Q4,2023,6479,1393,1618,47,0.215,Swipe ,Bills,291.24,0
814513008,Blue,250,1,88,2023-12-10,Week-50,Q4,2023,9620,2033,1735,43,0.211,Swipe ,Entertainment,416.4,0
814529508,Blue,390,0,91,2023-12-10,Week-50,Q4,2023,15370,686,4106,71,0.045,Swipe ,Fuel,698.02,0
814571058,Blue,270,1,98,2023-12-10,Week-50,Q4,2023,3450,2517,2545,64,0.73,Swipe ,Grocery,178.15,0
814586958,Blue,470,0,130,2023-12-10,Week-50,Q4,2023,3264,2042,4624,75,0.626,Swipe ,Food,1156,0
814590483,Blue,245,1,86,2023-12-10,Week-50,Q4,2023,3592,865,12777,95,0.241,Swipe ,Fuel,2683.17,0
814593858,Blue,200,1,101,2023-12-10,Week-50,Q4,2023,6103,1798,1468,34,0.295,Swipe ,Fuel,234.88,0
814611633,Blue,100,0,160,2023-12-10,Week-50,Q4,2023,2271,2154,4150,69,0.948,Swipe ,Bills,622.5,0
814752558,Blue,245,0,115,2023-12-10,Week-50,Q4,2023,2151,1163,2513,62,0.541,Swipe ,Grocery,150.78,0
814760358,Blue,175,1,154,2023-12-10,Week-50,Q4,2023,14627,1997,7766,82,0.137,Swipe ,Grocery,2096.82,0
814765533,Blue,320,1,149,2023-12-10,Week-50,Q4,2023,10587,2517,2971,54,0.238,Swipe ,Entertainment,386.23,0
814776033,Blue,150,1,60,2023-12-10,Week-50,Q4,2023,13395,1678,2650,69,0.125,Swipe ,Bills,344.5,0
814785108,Blue,320,0,103,2023-12-10,Week-50,Q4,2023,2493,1655,4473,76,0.664,Swipe ,Food,402.57,0
814829583,Blue,390,1,58,2023-12-10,Week-50,Q4,2023,6453,0,4822,74,0,Swipe ,Grocery,675.08,0
814833408,Blue,250,1,61,2023-12-10,Week-50,Q4,2023,6036,1409,1741,45,0.233,Swipe ,Fuel,104.46,0
814840833,Blue,250,1,52,2023-12-10,Week-50,Q4,2023,7924,2517,2393,37,0.318,Chip ,Bills,598.25,0
814845933,Blue,380,0,111,2023-12-10,Week-50,Q4,2023,1438.3,0,3628,74,0,Chip ,Grocery,399.08,0
814852533,Blue,430,0,117,2023-12-10,Week-50,Q4,2023,16813,1185,1482,46,0.07,Swipe ,Bills,414.96,0
814987983,Blue,380,1,112,2023-12-10,Week-50,Q4,2023,3680,683,4835,77,0.186,Swipe ,Entertainment,870.3,0
814989933,Blue,175,1,84,2023-12-10,Week-50,Q4,2023,1795,1058,5575,73,0.589,Online ,Bills,557.5,0
814995933,Blue,335,0,72,2023-12-10,Week-50,Q4,2023,5798,1794,1724,45,0.309,Swipe ,Bills,310.32,0
815001108,Blue,100,1,83,2023-12-10,Week-50,Q4,2023,5945,1685,3598,67,0.283,Swipe ,Bills,971.46,0
815015283,Blue,250,0,74,2023-12-10,Week-50,Q4,2023,2655,1650,4025,62,0.621,Chip ,Food,885.5,0
815062383,Blue,245,0,116,2023-12-10,Week-50,Q4,2023,4549,1193,1914,33,0.262,Swipe ,Entertainment,497.64,0
815072283,Blue,140,0,103,2023-12-10,Week-50,Q4,2023,1789,1156,5110,75,0.646,Swipe ,Entertainment,1379.7,0
815078433,Blue,300,0,151,2023-12-10,Week-50,Q4,2023,6551,1718,13363,99,0.262,Swipe ,Fuel,2672.6,0
815085708,Blue,100,1,119,2023-12-10,Week-50,Q4,2023,10882,2517,1861,46,0.231,Swipe ,Fuel,353.59,0
815088483,Blue,335,1,165,2023-12-10,Week-50,Q4,2023,2543,1156,3864,64,0.455,Chip ,Food,966,0
815091333,Blue,95,0,141,2023-12-10,Week-50,Q4,2023,3119,2196,4705,77,0.704,Chip ,Bills,423.45,0
815104608,Blue,320,1,51,2023-12-10,Week-50,Q4,2023,3818,584,2947,87,0.153,Swipe ,Fuel,707.28,0
815230458,Silver,125,1,78,2023-12-10,Week-50,Q4,2023,15504,1277,14181,126,0.082,Swipe ,Food,1276.29,0
815240358,Blue,125,0,138,2023-12-10,Week-50,Q4,2023,25027,1501,3357,62,0.06,Chip ,Grocery,637.83,0
815253708,Blue,465,0,100,2023-12-10,Week-50,Q4,2023,2841,1807,4144,73,0.636,Swipe ,Entertainment,663.04,0
815288583,Blue,470,0,60,2023-12-10,Week-50,Q4,2023,4815,1591,2501,36,0.33,Swipe ,Bills,450.18,0
815299833,Blue,470,0,106,2023-12-10,Week-50,Q4,2023,2228,1717,2334,61,0.771,Swipe ,Entertainment,653.52,0
815308683,Blue,355,0,87,2023-12-10,Week-50,Q4,2023,18927,887,3101,54,0.047,Chip ,Entertainment,186.06,0
815315058,Blue,465,1,121,2023-12-10,Week-50,Q4,2023,1438.3,0,2520,45,0,Swipe ,Grocery,403.2,0
815320383,Blue,125,1,120,2023-12-10,Week-50,Q4,2023,4710,0,2690,43,0,Swipe ,Food,699.4,0
815324433,Blue,350,0,86,2023-12-10,Week-50,Q4,2023,1438.3,0,4200,86,0,Chip ,Bills,798,0
815353083,Silver,300,1,54,2023-12-10,Week-50,Q4,2023,34516,2361,1853,36,0.068,Chip ,Bills,444.72,0
815472108,Blue,150,1,73,2023-12-10,Week-50,Q4,2023,2247,1045,1300,31,0.465,Swipe ,Entertainment,325,0
815484783,Blue,190,1,105,2023-12-10,Week-50,Q4,2023,8377,1211,1797,44,0.145,Swipe ,Grocery,197.67,0
815498733,Blue,370,0,164,2023-12-10,Week-50,Q4,2023,4333,1848,7643,85,0.426,Swipe ,Entertainment,1146.45,0
815500983,Blue,435,0,70,2023-12-10,Week-50,Q4,2023,2890,2001,1860,36,0.692,Swipe ,Travel,502.2,0
815504583,Blue,465,1,83,2023-12-10,Week-50,Q4,2023,1538,0,2275,43,0,Swipe ,Bills,591.5,0
815510883,Blue,200,1,110,2023-12-10,Week-50,Q4,2023,11862,2282,2576,74,0.192,Swipe ,Bills,231.84,0
815515158,Blue,285,1,96,2023-12-10,Week-50,Q4,2023,2147,1402,4240,69,0.653,Swipe ,Grocery,1017.6,0
815520333,Blue,125,1,99,2023-12-10,Week-50,Q4,2023,5282,1144,13513,115,0.217,Swipe ,Fuel,3243.12,0
815525508,Blue,320,1,111,2023-12-10,Week-50,Q4,2023,1515,0,3894,60,0,Chip ,Entertainment,973.5,0
815539233,Silver,125,1,115,2023-12-10,Week-50,Q4,2023,34516,214,1201,22,0.006,Swipe ,Fuel,72.06,0
815582358,Blue,390,1,116,2023-12-10,Week-50,Q4,2023,2519,1584,8852,95,0.629,Swipe ,Grocery,708.16,0
815589558,Blue,375,0,88,2023-12-10,Week-50,Q4,2023,1867,1478,4097,70,0.792,Chip ,Entertainment,983.28,0
815596608,Blue,275,1,158,2023-12-10,Week-50,Q4,2023,2866,921,4615,72,0.321,Chip ,Grocery,692.25,0
815598858,Blue,330,1,70,2023-12-10,Week-50,Q4,2023,2423,1779,4035,74,0.734,Chip ,Bills,807,0
815613033,Silver,375,0,96,2023-12-10,Week-50,Q4,2023,12518,1722,14276,96,0.138,Swipe ,Bills,856.56,0
815727183,Blue,340,0,88,2023-12-10,Week-50,Q4,2023,5228,1443,2683,62,0.276,Swipe ,Fuel,536.6,0
815756058,Blue,280,1,105,2023-12-10,Week-50,Q4,2023,2930,2266,4752,72,0.773,Swipe ,Grocery,1188,0
815761908,Silver,190,1,106,2023-12-10,Week-50,Q4,2023,34516,0,3722,72,0,Chip ,Bills,893.28,0
815767983,Blue,440,0,112,2023-12-10,Week-50,Q4,2023,1438.3,0,4869,66,0,Chip ,Grocery,292.14,0
815772333,Blue,290,1,76,2023-12-10,Week-50,Q4,2023,1438.3,0,4059,89,0,Swipe ,Travel,730.62,0
815789883,Blue,100,1,115,2023-12-10,Week-50,Q4,2023,2485,861,4728,81,0.346,Swipe ,Fuel,472.8,0
815812683,Blue,245,0,90,2023-12-10,Week-50,Q4,2023,8856,1433,5072,77,0.162,Chip ,Travel,912.96,0
815826708,Blue,370,1,82,2023-12-10,Week-50,Q4,2023,4442,1107,14437,109,0.249,Swipe ,Fuel,3320.51,0
815830083,Blue,220,0,96,2023-12-10,Week-50,Q4,2023,1953,1215,4253,72,0.622,Swipe ,Grocery,1020.72,0
815838633,Blue,125,0,53,2023-12-10,Week-50,Q4,2023,3890,2286,1889,51,0.588,Swipe ,Bills,510.03,0
815840283,Gold,375,0,76,2023-12-10,Week-50,Q4,2023,7744,1893,16059,124,0.244,Swipe ,Entertainment,2890.62,0
815845758,Blue,425,1,108,2023-12-10,Week-50,Q4,2023,1438.3,0,1354,24,0,Swipe ,Entertainment,81.24,0
815851233,Blue,250,0,116,2023-12-10,Week-50,Q4,2023,19032,0,1726,42,0,Swipe ,Grocery,189.86,0
815860008,Blue,125,1,94,2023-12-10,Week-50,Q4,2023,3140,2183,5109,78,0.695,Chip ,Grocery,357.63,0
815908908,Blue,365,1,120,2023-12-10,Week-50,Q4,2023,6263,2517,2613,50,0.402,Chip ,Grocery,600.99,0
816013383,Blue,200,0,107,2023-12-10,Week-50,Q4,2023,6184,0,1712,27,0,Swipe ,Fuel,136.96,0
816033783,Blue,125,1,69,2023-12-10,Week-50,Q4,2023,1672,957,2099,34,0.572,Swipe ,Entertainment,251.88,0
816073983,Blue,425,0,110,2023-12-10,Week-50,Q4,2023,8259,1182,7957,88,0.143,Swipe ,Entertainment,2148.39,0
816078708,Blue,415,1,97,2023-12-10,Week-50,Q4,2023,5662,1952,4014,61,0.345,Swipe ,Bills,240.84,0
816082233,Blue,245,0,134,2023-12-10,Week-50,Q4,2023,8547,1666,1311,33,0.195,Swipe ,Bills,301.53,0
816084333,Gold,345,1,121,2023-12-10,Week-50,Q4,2023,34516,1230,3260,63,0.036,Swipe ,Bills,717.2,0
816086508,Blue,150,0,113,2023-12-10,Week-50,Q4,2023,1438.3,0,4624,73,0,Swipe ,Entertainment,508.64,0
816089433,Blue,140,0,84,2023-12-10,Week-50,Q4,2023,3343,1581,1545,31,0.473,Swipe ,Entertainment,185.4,0
816091608,Blue,150,0,103,2023-12-10,Week-50,Q4,2023,1976,0,4424,73,0,Swipe ,Entertainment,486.64,0
816094233,Blue,300,0,93,2023-12-10,Week-50,Q4,2023,17393,1409,1692,38,0.081,Swipe ,Fuel,423,0
816129258,Blue,420,1,78,2023-12-10,Week-50,Q4,2023,2509,1897,4837,74,0.756,Swipe ,Fuel,919.03,0
816261858,Blue,395,0,89,2023-12-10,Week-50,Q4,2023,3984,2245,1821,39,0.564,Swipe ,Bills,145.68,0
816263808,Blue,380,1,77,2023-12-10,Week-50,Q4,2023,18026,755,2760,56,0.042,Swipe ,Entertainment,496.8,0
816310158,Blue,410,1,99,2023-12-10,Week-50,Q4,2023,12375,2263,14500,106,0.183,Swipe ,Bills,1160,0
816312633,Blue,150,0,86,2023-12-10,Week-50,Q4,2023,4717,0,2349,66,0,Swipe ,Fuel,446.31,0
816315558,Blue,225,1,66,2023-12-10,Week-50,Q4,2023,1503,879,4439,77,0.585,Swipe ,Food,1242.92,0
816319008,Blue,415,1,63,2023-12-10,Week-50,Q4,2023,13276,1917,1901,33,0.144,Swipe ,Travel,380.2,0
816325533,Blue,125,1,59,2023-12-10,Week-50,Q4,2023,6458,1802,2315,49,0.279,Swipe ,Fuel,162.05,0
816328308,Blue,200,1,75,2023-12-10,Week-50,Q4,2023,3773,0,14264,118,0,Swipe ,Fuel,3280.72,0
816378033,Gold,250,0,102,2023-12-10,Week-50,Q4,2023,34516,1104,1989,47,0.032,Chip ,Entertainment,377.91,0
816476658,Blue,340,0,96,2023-12-10,Week-50,Q4,2023,1812,1798,2921,44,0.992,Swipe ,Bills,175.26,0
816513108,Blue,290,0,115,2023-12-10,Week-50,Q4,2023,5269,1099,2195,63,0.209,Swipe ,Bills,504.85,0
816517683,Blue,300,1,83,2023-12-10,Week-50,Q4,2023,7530,1336,14719,115,0.177,Chip ,Food,1177.52,0
816528333,Blue,280,1,71,2023-12-10,Week-50,Q4,2023,2609,1115,4546,59,0.427,Chip ,Entertainment,954.66,0
816533733,Blue,285,1,113,2023-12-10,Week-50,Q4,2023,33951,0,1567,44,0,Swipe ,Bills,282.06,0
816549933,Blue,400,1,72,2023-12-10,Week-50,Q4,2023,1687,992,4342,82,0.588,Chip ,Food,1085.5,0
816594183,Blue,495,1,40,2023-12-10,Week-50,Q4,2023,2019,1380,2005,62,0.684,Swipe ,Entertainment,240.6,0
816596583,Blue,200,1,99,2023-12-10,Week-50,Q4,2023,11710,693,1749,50,0.059,Swipe ,Bills,227.37,0
816600933,Blue,415,1,60,2023-12-10,Week-50,Q4,2023,14501,0,1031,25,0,Swipe ,Bills,268.06,0
816606333,Blue,140,0,103,2023-12-10,Week-50,Q4,2023,32409,0,4218,66,0,Chip ,Food,632.7,0
816608808,Blue,495,1,118,2023-12-10,Week-50,Q4,2023,8916,0,2773,62,0,Chip ,Fuel,332.76,0
816613158,Blue,125,0,47,2023-12-10,Week-50,Q4,2023,2559,1514,4117,69,0.592,Online ,Food,1111.59,0
816615633,Blue,470,0,71,2023-12-10,Week-50,Q4,2023,3256,2035,7075,89,0.625,Swipe ,Bills,849,0
816756783,Blue,485,1,92,2023-12-10,Week-50,Q4,2023,2993,2249,4106,81,0.751,Chip ,Fuel,287.42,0
816761433,Blue,245,1,123,2023-12-10,Week-50,Q4,2023,5821,764,5291,96,0.131,Swipe ,Food,1534.39,0
816772908,Silver,200,1,91,2023-12-10,Week-50,Q4,2023,34516,1793,4533,78,0.052,Swipe ,Bills,861.27,0
816776283,Gold,405,0,53,2023-12-10,Week-50,Q4,2023,34516,1797,1534,30,0.052,Swipe ,Grocery,291.46,0
816826008,Blue,250,1,120,2023-12-10,Week-50,Q4,2023,1950,998,4630,84,0.512,Online ,Entertainment,324.1,0
816829608,Blue,195,1,100,2023-12-10,Week-50,Q4,2023,1438.3,0,1495,39,0,Swipe ,Fuel,194.35,0
816832383,Blue,190,1,97,2023-12-10,Week-50,Q4,2023,3421,2266,6932,75,0.662,Swipe ,Entertainment,970.48,0
816834933,Silver,125,0,118,2023-12-10,Week-50,Q4,2023,30702,673,2652,64,0.022,Swipe ,Bills,556.92,0
816841083,Blue,175,1,129,2023-12-10,Week-50,Q4,2023,2493,1566,4867,90,0.628,Swipe ,Entertainment,1411.43,0
816843933,Blue,220,1,97,2023-12-10,Week-50,Q4,2023,8823,1541,1961,32,0.175,Online ,Entertainment,156.88,0
816850458,Blue,225,0,107,2023-12-10,Week-50,Q4,2023,1698,0,2448,40,0,Chip ,Bills,660.96,0
816864483,Blue,110,1,91,2023-12-10,Week-50,Q4,2023,10264,803,4003,74,0.078,Online ,Fuel,600.45,0
816890883,Blue,270,1,118,2023-12-10,Week-50,Q4,2023,21695,1257,2266,74,0.058,Swipe ,Entertainment,249.26,0
817029108,Blue,405,0,95,2023-12-10,Week-50,Q4,2023,6885,1611,3804,67,0.234,Chip ,Fuel,1065.12,0
817035108,Silver,440,1,67,2023-12-10,Week-50,Q4,2023,6933,1870,15585,115,0.27,Chip ,Fuel,3117,0
817038333,Blue,395,1,114,2023-12-10,Week-50,Q4,2023,1513,725,4042,72,0.479,Chip ,Fuel,1172.18,0
817041408,Blue,300,1,113,2023-12-10,Week-50,Q4,2023,4169,1549,4519,82,0.372,Chip ,Entertainment,723.04,0
817086783,Blue,95,1,76,2023-12-10,Week-50,Q4,2023,2826,2162,2005,32,0.765,Chip ,Entertainment,140.35,0
817089408,Blue,410,1,116,2023-12-10,Week-50,Q4,2023,19114,1754,4413,69,0.092,Swipe ,Grocery,926.73,0
817094283,Blue,190,0,159,2023-12-17,Week-51,Q4,2023,8597,903,5173,78,0.105,Online ,Entertainment,1396.71,0
817108083,Blue,125,0,76,2023-12-17,Week-51,Q4,2023,14266,1341,1625,34,0.094,Swipe ,Fuel,178.75,0
817142433,Blue,250,0,47,2023-12-17,Week-51,Q4,2023,8082,2307,1725,29,0.285,Swipe ,Entertainment,293.25,0
817144458,Blue,480,0,86,2023-12-17,Week-51,Q4,2023,1438.3,1228,2580,67,0.854,Swipe ,Entertainment,670.8,0
817188408,Blue,480,0,68,2023-12-17,Week-51,Q4,2023,2795,1832,4679,67,0.655,Swipe ,Entertainment,982.59,0
817197333,Blue,420,1,86,2023-12-17,Week-51,Q4,2023,12007,956,2678,50,0.08,Swipe ,Food,642.72,0
817236708,Blue,325,1,105,2023-12-17,Week-51,Q4,2023,13546,1720,3943,73,0.127,Swipe ,Entertainment,946.32,0
817240833,Blue,375,1,108,2023-12-17,Week-51,Q4,2023,4970,1591,5023,78,0.32,Swipe ,Food,1105.06,0
817245183,Blue,410,0,43,2023-12-17,Week-51,Q4,2023,19715,1014,1979,40,0.051,Swipe ,Bills,415.59,0
817247658,Blue,300,1,88,2023-12-17,Week-51,Q4,2023,21317,0,3814,67,0,Chip ,Entertainment,800.94,0
817285758,Blue,125,0,110,2023-12-17,Week-51,Q4,2023,16435,0,1721,56,0,Swipe ,Travel,206.52,0
817288458,Blue,430,1,113,2023-12-17,Week-51,Q4,2023,5141,1737,5859,82,0.338,Swipe ,Fuel,996.03,0
817293258,Blue,175,0,116,2023-12-17,Week-51,Q4,2023,3183,2517,4017,63,0.791,Swipe ,Entertainment,843.57,0
817332483,Blue,440,1,128,2023-12-17,Week-51,Q4,2023,7306,0,2445,43,0,Chip ,Entertainment,342.3,0
817337958,Blue,285,0,108,2023-12-17,Week-51,Q4,2023,5814,1176,3796,74,0.202,Swipe ,Fuel,1062.88,0
817382958,Blue,245,0,49,2023-12-17,Week-51,Q4,2023,2317,0,4894,89,0,Chip ,Bills,1272.44,0
817422408,Blue,125,0,89,2023-12-17,Week-51,Q4,2023,2059,1118,4110,71,0.543,Chip ,Bills,904.2,0
817607358,Gold,380,1,150,2023-12-17,Week-51,Q4,2023,34516,0,2227,44,0,Swipe ,Fuel,334.05,0
817616433,Blue,345,0,118,2023-12-17,Week-51,Q4,2023,7613,0,4268,69,0,Chip ,Bills,256.08,0
817663908,Blue,325,1,74,2023-12-17,Week-51,Q4,2023,5903,1335,1137,27,0.226,Swipe ,Bills,102.33,0
817686633,Blue,380,0,116,2023-12-17,Week-51,Q4,2023,1438.3,737,2856,39,0.512,Swipe ,Entertainment,514.08,0
817887408,Blue,125,1,158,2023-12-17,Week-51,Q4,2023,6904,1148,3485,84,0.166,Chip ,Fuel,662.15,0
817889583,Blue,300,0,111,2023-12-17,Week-51,Q4,2023,9721,0,2260,46,0,Swipe ,Bills,135.6,0
817892208,Blue,470,0,104,2023-12-17,Week-51,Q4,2023,1438.3,0,4006,72,0,Chip ,Fuel,801.2,0
817908783,Silver,450,1,79,2023-12-17,Week-51,Q4,2023,34516,2123,14242,107,0.062,Swipe ,Bills,1993.88,0
817925058,Blue,200,0,105,2023-12-17,Week-51,Q4,2023,5660,2401,1932,35,0.424,Swipe ,Bills,154.56,0
817951083,Silver,250,0,120,2023-12-17,Week-51,Q4,2023,15928,1527,14678,125,0.096,Swipe ,Fuel,1174.24,0
817958733,Blue,140,0,78,2023-12-17,Week-51,Q4,2023,5099,958,4025,73,0.188,Swipe ,Grocery,402.5,0
817960533,Blue,460,0,116,2023-12-17,Week-51,Q4,2023,1734,857,4741,84,0.494,Swipe ,Grocery,1185.25,0
817965858,Blue,275,0,107,2023-12-17,Week-51,Q4,2023,2757,1785,3766,69,0.647,Swipe ,Entertainment,790.86,0
817968783,Blue,460,1,77,2023-12-17,Week-51,Q4,2023,2927,1499,4670,70,0.512,Online ,Bills,467,0
817970208,Blue,420,0,84,2023-12-17,Week-51,Q4,2023,2705,1334,4501,67,0.493,Chip ,Grocery,495.11,0
817977933,Blue,140,0,42,2023-12-17,Week-51,Q4,2023,1931,1531,2288,48,0.793,Swipe ,Entertainment,228.8,0
817988433,Blue,200,1,75,2023-12-17,Week-51,Q4,2023,6941,1013,4097,78,0.146,Swipe ,Food,737.46,0
818007783,Blue,280,1,100,2023-12-17,Week-51,Q4,2023,2578,1590,4683,89,0.617,Chip ,Bills,515.13,0
818034558,Blue,110,1,80,2023-12-17,Week-51,Q4,2023,22075,1506,2337,40,0.068,Online ,Grocery,654.36,0
818045958,Blue,445,1,80,2023-12-17,Week-51,Q4,2023,6741,1745,1682,46,0.259,Swipe ,Entertainment,269.12,0
818235408,Silver,200,1,97,2023-12-17,Week-51,Q4,2023,19534,0,15634,118,0,Swipe ,Food,3908.5,0
818239983,Blue,250,0,72,2023-12-17,Week-51,Q4,2023,15594,1590,13016,118,0.102,Swipe ,Bills,2212.72,0
818248383,Blue,475,1,148,2023-12-17,Week-51,Q4,2023,4049,0,1742,35,0,Swipe ,Entertainment,383.24,0
818259558,Blue,405,0,101,2023-12-17,Week-51,Q4,2023,2294,1582,3951,79,0.69,Chip ,Bills,750.69,0
818280108,Blue,455,1,91,2023-12-17,Week-51,Q4,2023,1820,0,7714,91,0,Swipe ,Food,617.12,0
818294958,Blue,140,1,83,2023-12-17,Week-51,Q4,2023,27347,719,4040,77,0.026,Swipe ,Fuel,444.4,0
818305008,Blue,150,1,75,2023-12-17,Week-51,Q4,2023,11239,1375,3978,89,0.122,Swipe ,Fuel,835.38,0
818308533,Blue,250,0,83,2023-12-17,Week-51,Q4,2023,3532,0,3162,56,0,Swipe ,Grocery,695.64,0
818311533,Blue,200,1,80,2023-12-17,Week-51,Q4,2023,4908,1429,3535,65,0.291,Swipe ,Grocery,671.65,0
818316108,Blue,100,1,116,2023-12-17,Week-51,Q4,2023,2550,1421,8063,72,0.557,Swipe ,Bills,806.3,0
818322033,Blue,125,0,93,2023-12-17,Week-51,Q4,2023,2873,1247,3943,80,0.434,Chip ,Grocery,946.32,0
818326083,Blue,100,1,113,2023-12-17,Week-51,Q4,2023,1438.3,886,4385,91,0.616,Chip ,Grocery,701.6,0
818336508,Blue,440,0,74,2023-12-17,Week-51,Q4,2023,32719,1650,4037,60,0.05,Online ,Fuel,1009.25,0
818375733,Blue,125,0,64,2023-12-17,Week-51,Q4,2023,4882,695,1544,44,0.142,Swipe ,Food,401.44,0
818459733,Blue,200,0,92,2023-12-17,Week-51,Q4,2023,9220,0,2276,32,0,Swipe ,Grocery,295.88,0
818476383,Silver,325,0,93,2023-12-17,Week-51,Q4,2023,34516,1514,7333,72,0.044,Swipe ,Entertainment,513.31,0
818497758,Blue,365,0,107,2023-12-17,Week-51,Q4,2023,1906,1271,1343,37,0.667,Swipe ,Food,308.89,0
818502708,Blue,125,1,168,2023-12-17,Week-51,Q4,2023,2284,1674,4885,86,0.733,Chip ,Fuel,977,0
818687958,Blue,475,1,112,2023-12-17,Week-51,Q4,2023,6383,1436,4462,88,0.225,Swipe ,Fuel,713.92,0
818699208,Blue,245,1,95,2023-12-17,Week-51,Q4,2023,6451,0,2400,43,0,Swipe ,Food,360,1
818701383,Blue,480,0,89,2023-12-17,Week-51,Q4,2023,2253,1667,1641,45,0.74,Swipe ,Entertainment,98.46,1
818710233,Blue,110,1,76,2023-12-17,Week-51,Q4,2023,2329,1271,4382,70,0.546,Swipe ,Bills,1270.78,1
818712633,Silver,335,0,45,2023-12-17,Week-51,Q4,2023,4133,1067,16100,119,0.258,Chip ,Entertainment,3381,1
818729208,Blue,100,1,52,2023-12-17,Week-51,Q4,2023,8185,941,4525,77,0.115,Swipe ,Fuel,678.75,1
818763033,Blue,95,1,74,2023-12-17,Week-51,Q4,2023,6169,2517,4794,71,0.408,Swipe ,Fuel,910.86,1
818767458,Blue,125,0,89,2023-12-17,Week-51,Q4,2023,6565,1130,7729,97,0.172,Swipe ,Bills,2164.12,1
818770008,Blue,125,1,103,2023-12-17,Week-51,Q4,2023,8256,864,1291,33,0.105,Swipe ,Bills,154.92,1
818791833,Blue,250,0,87,2023-12-17,Week-51,Q4,2023,2730,1303,4750,76,0.477,Swipe ,Food,1377.5,0
818814933,Blue,195,1,111,2023-12-17,Week-51,Q4,2023,6960,1536,3112,79,0.221,Chip ,Grocery,902.48,0
818839983,Blue,325,1,66,2023-12-17,Week-51,Q4,2023,10916,1536,1592,34,0.141,Swipe ,Bills,398,0
818901708,Blue,340,0,84,2023-12-17,Week-51,Q4,2023,1438.3,0,4539,90,0,Swipe ,Grocery,272.34,0
818903583,Blue,125,1,44,2023-12-17,Week-51,Q4,2023,16034,1597,3628,59,0.1,Swipe ,Grocery,653.04,0
818906208,Silver,150,1,68,2023-12-17,Week-51,Q4,2023,29081,1396,1538,36,0.048,Swipe ,Bills,322.98,0
818908833,Blue,455,1,106,2023-12-17,Week-51,Q4,2023,2564,0,2038,45,0,Swipe ,Bills,550.26,0
818923158,Blue,300,1,77,2023-12-17,Week-51,Q4,2023,2145,1207,1275,31,0.563,Swipe ,Travel,280.5,0
818926833,Blue,140,0,101,2023-12-17,Week-51,Q4,2023,2000,0,1944,42,0,Swipe ,Bills,544.32,0
818929158,Blue,385,0,118,2023-12-17,Week-51,Q4,2023,11558,0,2220,53,0,Swipe ,Entertainment,488.4,0
818930808,Blue,470,0,82,2023-12-17,Week-51,Q4,2023,2754,1798,3937,70,0.653,Online ,Grocery,826.77,0
818942433,Blue,175,1,117,2023-12-17,Week-51,Q4,2023,9376,1288,1562,33,0.137,Swipe ,Bills,374.88,0
818960133,Blue,245,0,73,2023-12-17,Week-51,Q4,2023,13784,698,13120,91,0.051,Chip ,Entertainment,918.4,0
818987958,Gold,150,1,111,2023-12-17,Week-51,Q4,2023,3771,0,14662,125,0,Chip ,Travel,4251.98,0
818993508,Blue,190,0,71,2023-12-17,Week-51,Q4,2023,2577,879,5021,75,0.341,Swipe ,Fuel,652.73,0
819002508,Blue,320,1,136,2023-12-17,Week-51,Q4,2023,2037,0,2563,64,0,Swipe ,Bills,692.01,0
819051183,Silver,465,1,94,2023-12-17,Week-51,Q4,2023,16349,1925,16207,114,0.118,Swipe ,Travel,1620.7,0
819109308,Blue,365,0,106,2023-12-17,Week-51,Q4,2023,6103,2517,8080,92,0.412,Swipe ,Grocery,808,0
819117183,Blue,455,0,84,2023-12-17,Week-51,Q4,2023,1569,909,2169,48,0.579,Swipe ,Bills,303.66,0
819129858,Blue,125,0,65,2023-12-17,Week-51,Q4,2023,4745,1270,1519,31,0.268,Swipe ,Travel,227.85,0
819151083,Blue,285,0,87,2023-12-17,Week-51,Q4,2023,7478,1775,4042,79,0.237,Online ,Grocery,1010.5,0
819160158,Blue,150,0,68,2023-12-17,Week-51,Q4,2023,4960,1724,8218,88,0.348,Swipe ,Grocery,1479.24,0
819169683,Blue,175,1,96,2023-12-17,Week-51,Q4,2023,3436,1650,1972,37,0.48,Swipe ,Grocery,315.52,0
819189108,Blue,295,1,44,2023-12-17,Week-51,Q4,2023,9033,0,4456,85,0,Swipe ,Bills,802.08,0
819196158,Blue,245,1,107,2023-12-17,Week-51,Q4,2023,9797,998,15013,116,0.102,Chip ,Travel,1651.43,0
819200133,Blue,200,1,96,2023-12-17,Week-51,Q4,2023,2991,642,4646,62,0.215,Swipe ,Food,882.74,0
819202533,Blue,175,1,57,2023-12-17,Week-51,Q4,2023,10378,1540,1306,32,0.148,Swipe ,Bills,169.78,0
819214233,Blue,470,1,94,2023-12-17,Week-51,Q4,2023,1530,0,5138,84,0,Swipe ,Food,1233.12,0
819258408,Blue,175,0,78,2023-12-17,Week-51,Q4,2023,2224,1106,1698,41,0.497,Swipe ,Bills,220.74,0
819351258,Blue,270,1,135,2023-12-17,Week-51,Q4,2023,2238,1693,5339,86,0.756,Swipe ,Grocery,747.46,0
819352983,Blue,150,1,86,2023-12-17,Week-51,Q4,2023,21620,2008,1300,33,0.093,Swipe ,Travel,78,0
819363708,Blue,195,1,119,2023-12-17,Week-51,Q4,2023,2387,1482,3909,67,0.621,Chip ,Bills,1133.61,0
819376683,Blue,250,0,96,2023-12-17,Week-51,Q4,2023,28570,2027,15130,102,0.071,Chip ,Entertainment,1210.4,0
819409608,Blue,395,1,148,2023-12-17,Week-51,Q4,2023,2594,0,1457,43,0,Swipe ,Travel,320.54,0
819606258,Blue,245,1,93,2023-12-17,Week-51,Q4,2023,8737,1629,3876,55,0.186,Chip ,Entertainment,387.6,0
819610908,Blue,140,1,95,2023-12-17,Week-51,Q4,2023,32938,2089,1137,26,0.063,Swipe ,Entertainment,216.03,0
819612933,Blue,450,1,117,2023-12-17,Week-51,Q4,2023,25410,0,5472,70,0,Swipe ,Entertainment,1094.4,0
819616383,Blue,140,0,124,2023-12-17,Week-51,Q4,2023,4772,2004,14748,118,0.42,Swipe ,Grocery,4276.92,0
819628158,Blue,200,1,120,2023-12-17,Week-51,Q4,2023,17887,1821,14544,116,0.102,Swipe ,Bills,2181.6,0
819631158,Blue,200,0,74,2023-12-17,Week-51,Q4,2023,2802,2219,5924,88,0.792,Swipe ,Food,651.64,0
819634233,Blue,175,0,102,2023-12-17,Week-51,Q4,2023,6568,0,1507,33,0,Swipe ,Grocery,226.05,0
819647358,Blue,140,1,118,2023-12-17,Week-51,Q4,2023,12871,0,2413,53,0,Chip ,Food,193.04,0
819684183,Blue,100,1,76,2023-12-17,Week-51,Q4,2023,3492,1546,3043,53,0.443,Swipe ,Fuel,699.89,0
819688458,Blue,175,1,114,2023-12-17,Week-51,Q4,2023,1545,0,2646,39,0,Swipe ,Fuel,291.06,0
819690933,Blue,370,0,114,2023-12-17,Week-51,Q4,2023,16835,897,4059,80,0.053,Swipe ,Food,568.26,0
819700533,Silver,100,1,80,2023-12-17,Week-51,Q4,2023,14938,2303,949,27,0.154,Swipe ,Fuel,132.86,0
819714408,Blue,465,1,96,2023-12-17,Week-51,Q4,2023,5666,2386,1981,42,0.421,Swipe ,Bills,376.39,0
819752133,Blue,285,0,120,2023-12-17,Week-51,Q4,2023,1636,986,4695,73,0.603,Chip ,Food,751.2,0
819943458,Blue,175,1,97,2023-12-17,Week-51,Q4,2023,34516,1000,1777,37,0.029,Chip ,Bills,426.48,0
819966033,Blue,480,1,80,2023-12-17,Week-51,Q4,2023,9238,0,2522,68,0,Swipe ,Bills,378.3,0
819969933,Blue,485,0,89,2023-12-17,Week-51,Q4,2023,5070,0,4193,67,0,Chip ,Bills,1215.97,0
819975183,Silver,365,0,120,2023-12-17,Week-51,Q4,2023,17077,2179,7391,75,0.128,Swipe ,Entertainment,1182.56,0
819977058,Blue,175,0,102,2023-12-17,Week-51,Q4,2023,3150,1543,3432,71,0.49,Swipe ,Bills,617.76,0
819979458,Blue,200,0,88,2023-12-17,Week-51,Q4,2023,3976,1789,4419,75,0.45,Chip ,Bills,618.66,0
819997983,Blue,495,0,78,2023-12-17,Week-51,Q4,2023,9517,1869,1453,26,0.196,Online ,Grocery,145.3,0
820020258,Blue,245,1,161,2023-12-17,Week-51,Q4,2023,5379,962,1778,40,0.179,Swipe ,Grocery,391.16,0
820036533,Blue,125,0,112,2023-12-17,Week-51,Q4,2023,34516,1466,7223,87,0.042,Swipe ,Entertainment,1444.6,0
820044333,Blue,370,0,70,2023-12-17,Week-51,Q4,2023,2503,2185,4157,58,0.873,Online ,Fuel,748.26,0
820047858,Blue,325,1,134,2023-12-17,Week-51,Q4,2023,3017,1868,2096,50,0.619,Swipe ,Grocery,586.88,0
820060758,Blue,270,1,89,2023-12-17,Week-51,Q4,2023,4785,1965,3651,59,0.411,Swipe ,Grocery,803.22,0
820075983,Blue,140,0,70,2023-12-17,Week-51,Q4,2023,1585,1535,2299,49,0.968,Swipe ,Grocery,459.8,0
820085808,Blue,175,0,73,2023-12-17,Week-51,Q4,2023,2598,1343,4692,86,0.517,Online ,Entertainment,891.48,0
820108008,Blue,220,0,106,2023-12-17,Week-51,Q4,2023,12174,1361,14743,121,0.112,Swipe ,Entertainment,2948.6,0
820268358,Blue,200,0,95,2023-12-17,Week-51,Q4,2023,2357,1462,4534,75,0.62,Chip ,Entertainment,1133.5,0
820271208,Blue,290,1,103,2023-12-17,Week-51,Q4,2023,7064,1234,13791,103,0.175,Online ,Food,3999.39,0
820276908,Blue,345,0,88,2023-12-17,Week-51,Q4,2023,4139,0,2232,41,0,Chip ,Grocery,200.88,0
820282383,Blue,175,0,74,2023-12-17,Week-51,Q4,2023,5848,2517,2000,32,0.43,Chip ,Fuel,480,0
820288233,Blue,420,0,102,2023-12-17,Week-51,Q4,2023,1438.3,0,2731,39,0,Swipe ,Bills,764.68,0
820330008,Blue,455,1,152,2023-12-17,Week-51,Q4,2023,32926,1540,8231,98,0.047,Swipe ,Bills,2386.99,0
820346133,Blue,405,1,107,2023-12-17,Week-51,Q4,2023,9344,1334,4154,60,0.143,Swipe ,Grocery,913.88,0
820353558,Blue,350,0,75,2023-12-17,Week-51,Q4,2023,9797,1434,1503,34,0.146,Swipe ,Travel,225.45,0
820355433,Blue,125,0,93,2023-12-17,Week-51,Q4,2023,2615,0,1395,34,0,Swipe ,Entertainment,83.7,0
820383558,Blue,300,1,91,2023-12-17,Week-51,Q4,2023,6366,1344,3258,58,0.211,Swipe ,Bills,684.18,0
820394733,Gold,140,0,159,2023-12-17,Week-51,Q4,2023,34516,1464,7690,87,0.042,Swipe ,Fuel,1307.3,0
820582308,Blue,200,1,115,2023-12-17,Week-51,Q4,2023,22913,1528,1394,35,0.067,Swipe ,Bills,125.46,0
820584408,Blue,445,0,71,2023-12-17,Week-51,Q4,2023,4364,1507,1392,38,0.345,Swipe ,Bills,375.84,0
820587258,Silver,375,1,93,2023-12-17,Week-51,Q4,2023,10677,0,8637,94,0,Swipe ,Food,690.96,0
820593033,Silver,405,0,89,2023-12-17,Week-51,Q4,2023,18524,1736,4496,64,0.094,Chip ,Entertainment,1303.84,0
820596183,Blue,200,1,68,2023-12-17,Week-51,Q4,2023,24407,2395,2311,48,0.098,Swipe ,Bills,277.32,0
820599333,Blue,125,0,106,2023-12-17,Week-51,Q4,2023,1438.3,604,4469,85,0.42,Chip ,Entertainment,312.83,0
820622433,Blue,175,1,96,2023-12-17,Week-51,Q4,2023,3250,1698,2006,58,0.522,Swipe ,Bills,561.68,0
820633833,Blue,245,1,118,2023-12-17,Week-51,Q4,2023,5152,948,4074,72,0.184,Chip ,Bills,488.88,0
820637433,Blue,440,1,148,2023-12-17,Week-51,Q4,2023,1603,0,4041,66,0,Swipe ,Grocery,525.33,0
820639908,Blue,95,1,117,2023-12-17,Week-51,Q4,2023,2625,2517,4378,81,0.959,Swipe ,Entertainment,1182.06,0
820648608,Blue,125,1,172,2023-12-17,Week-51,Q4,2023,2552,1879,4153,79,0.736,Swipe ,Bills,622.95,0
820651908,Blue,470,1,95,2023-12-17,Week-51,Q4,2023,7457,0,3162,64,0,Swipe ,Entertainment,316.2,0
820657083,Silver,455,1,101,2023-12-17,Week-51,Q4,2023,34516,800,3819,72,0.023,Swipe ,Fuel,381.9,0
820666083,Blue,350,0,147,2023-12-17,Week-51,Q4,2023,27742,2517,8646,85,0.091,Swipe ,Bills,1815.66,0
820694133,Blue,370,0,107,2023-12-17,Week-51,Q4,2023,5549,0,2412,38,0,Swipe ,Food,554.76,0
820848408,Blue,110,1,97,2023-12-17,Week-51,Q4,2023,1438.3,771,5053,74,0.536,Swipe ,Bills,707.42,0
820868508,Blue,220,1,112,2023-12-17,Week-51,Q4,2023,7106,736,5192,75,0.104,Swipe ,Entertainment,1298,0
820906233,Blue,325,1,72,2023-12-17,Week-51,Q4,2023,8532,2165,3242,63,0.254,Swipe ,Fuel,907.76,0
820920408,Blue,295,1,71,2023-12-17,Week-51,Q4,2023,3685,0,4012,59,0,Chip ,Food,682.04,0
820922733,Gold,245,0,90,2023-12-17,Week-51,Q4,2023,34516,0,14160,124,0,Chip ,Grocery,849.6,0
820925433,Blue,250,0,75,2023-12-17,Week-51,Q4,2023,1529,710,4751,81,0.464,Swipe ,Food,855.18,0
820936533,Blue,110,0,89,2023-12-17,Week-51,Q4,2023,2781,1950,9331,93,0.701,Swipe ,Fuel,1399.65,0
820981383,Blue,390,1,61,2023-12-17,Week-51,Q4,2023,9235,1796,1739,42,0.194,Swipe ,Bills,295.63,0
821149008,Blue,425,1,132,2023-12-17,Week-51,Q4,2023,34516,0,1661,40,0,Swipe ,Bills,298.98,0
821150958,Blue,125,1,105,2023-12-17,Week-51,Q4,2023,2047,665,3452,66,0.325,Swipe ,Travel,621.36,0
821157183,Blue,355,1,91,2023-12-17,Week-51,Q4,2023,2541,1398,4698,88,0.55,Chip ,Fuel,1080.54,0
821163408,Blue,335,0,111,2023-12-17,Week-51,Q4,2023,16954,1588,3411,60,0.094,Swipe ,Grocery,545.76,0
821168733,Blue,300,0,74,2023-12-17,Week-51,Q4,2023,5323,2301,1783,33,0.432,Swipe ,Bills,285.28,0
821179233,Blue,250,1,76,2023-12-17,Week-51,Q4,2023,1493,932,1554,43,0.624,Swipe ,Food,341.88,0
821241708,Blue,445,0,65,2023-12-17,Week-51,Q4,2023,7953,0,8670,74,0,Swipe ,Entertainment,1560.6,0
821296083,Blue,250,1,102,2023-12-17,Week-51,Q4,2023,2617,1010,2003,47,0.386,Swipe ,Travel,180.27,0
821336133,Blue,365,1,117,2023-12-17,Week-51,Q4,2023,8708,996,3927,60,0.114,Chip ,Travel,981.75,0
821339433,Blue,300,1,67,2023-12-17,Week-51,Q4,2023,2777,2118,4442,64,0.763,Chip ,Bills,621.88,0
821351958,Blue,250,0,65,2023-12-17,Week-51,Q4,2023,1438.3,0,3308,54,0,Swipe ,Entertainment,827,0
821356083,Blue,300,1,73,2023-12-17,Week-51,Q4,2023,1626,0,4830,87,0,Swipe ,Entertainment,338.1,0
821370858,Blue,190,0,75,2023-12-17,Week-51,Q4,2023,6690,1884,1734,39,0.282,Swipe ,Fuel,398.82,0
821424483,Blue,125,0,136,2023-12-17,Week-51,Q4,2023,1438.3,0,4242,70,0,Chip ,Bills,466.62,0
821521983,Blue,245,1,116,2023-12-17,Week-51,Q4,2023,2286,1641,4321,89,0.718,Chip ,Bills,432.1,0
821710308,Blue,195,1,109,2023-12-17,Week-51,Q4,2023,2206,2018,1739,35,0.915,Swipe ,Bills,504.31,0
821724483,Silver,245,1,155,2023-12-17,Week-51,Q4,2023,11272,1744,1455,34,0.155,Chip ,Grocery,305.55,0
821749608,Blue,125,0,103,2023-12-17,Week-51,Q4,2023,19402,0,1937,51,0,Chip ,Fuel,135.59,0
821752908,Blue,395,0,86,2023-12-17,Week-51,Q4,2023,4142,2252,15078,117,0.544,Swipe ,Bills,1507.8,0
821755233,Blue,460,1,73,2023-12-17,Week-51,Q4,2023,14999,1123,3441,69,0.075,Swipe ,Grocery,378.51,0
821759658,Blue,270,1,45,2023-12-17,Week-51,Q4,2023,4650,204,2014,54,0.044,Chip ,Bills,563.92,0
821768658,Blue,295,0,69,2023-12-17,Week-51,Q4,2023,13114,2247,2474,51,0.171,Swipe ,Grocery,667.98,0
821771508,Blue,175,1,57,2023-12-17,Week-51,Q4,2023,3172,2055,1939,36,0.648,Swipe ,Travel,310.24,0
821797008,Blue,250,0,121,2023-12-17,Week-51,Q4,2023,1438.3,0,815,21,0,Swipe ,Travel,179.3,0
821813058,Blue,400,1,134,2023-12-17,Week-51,Q4,2023,11946,1172,4862,77,0.098,Swipe ,Grocery,875.16,0
821815458,Blue,440,0,64,2023-12-17,Week-51,Q4,2023,19272,1519,3398,67,0.079,Online ,Grocery,781.54,0
821836008,Blue,200,1,115,2023-12-17,Week-51,Q4,2023,34516,2099,1233,26,0.061,Online ,Bills,246.6,0
821837958,Blue,490,1,165,2023-12-17,Week-51,Q4,2023,24850,1662,1226,25,0.067,Swipe ,Bills,306.5,0
821872758,Silver,175,0,92,2023-12-17,Week-51,Q4,2023,12609,2517,2121,49,0.2,Swipe ,Entertainment,318.15,0
821889858,Blue,435,1,109,2023-12-17,Week-51,Q4,2023,1970,1477,2493,44,0.75,Chip ,Entertainment,149.58,0
822051858,Blue,175,1,86,2023-12-17,Week-51,Q4,2023,1486,0,4535,82,0,Swipe ,Entertainment,1088.4,0
822056583,Blue,125,1,134,2023-12-17,Week-51,Q4,2023,1572,874,4996,80,0.556,Swipe ,Food,999.2,0
822061683,Blue,175,0,105,2023-12-17,Week-51,Q4,2023,23391,1977,4106,85,0.085,Swipe ,Grocery,698.02,0
822063408,Blue,175,0,113,2023-12-17,Week-51,Q4,2023,6111,2517,1221,16,0.412,Swipe ,Travel,256.41,0
822068583,Blue,330,1,111,2023-12-24,Week-52,Q4,2023,2231,0,3946,48,0,Chip ,Fuel,512.98,0
822084333,Blue,100,1,93,2023-12-24,Week-52,Q4,2023,4041,0,8219,84,0,Chip ,Travel,657.52,0
822112383,Blue,425,1,56,2023-12-24,Week-52,Q4,2023,1438.3,0,3769,73,0,Swipe ,Bills,942.25,0
822121608,Blue,370,0,102,2023-12-24,Week-52,Q4,2023,7116,693,4759,81,0.097,Online ,Grocery,523.49,0
822125283,Blue,365,0,138,2023-12-24,Week-52,Q4,2023,4778,1351,7590,74,0.283,Swipe ,Fuel,1669.8,0
822127008,Blue,250,0,97,2023-12-24,Week-52,Q4,2023,19349,615,4351,79,0.032,Swipe ,Bills,1174.77,0
822130683,Blue,300,0,88,2023-12-24,Week-52,Q4,2023,8420,1389,1114,34,0.165,Online ,Entertainment,144.82,0
822132858,Blue,465,0,121,2023-12-24,Week-52,Q4,2023,23250,0,2205,43,0,Chip ,Grocery,418.95,0
822138333,Blue,435,0,120,2023-12-24,Week-52,Q4,2023,7118,813,3964,66,0.114,Swipe ,Bills,832.44,0
822170733,Blue,225,1,121,2023-12-24,Week-52,Q4,2023,3785,2517,2401,54,0.665,Swipe ,Food,312.13,0
822885033,Blue,470,1,135,2023-12-24,Week-52,Q4,2023,4328,1493,14731,120,0.345,Swipe ,Fuel,2356.96,0
822893133,Blue,195,1,57,2023-12-24,Week-52,Q4,2023,17561,0,1608,33,0,Swipe ,Bills,96.48,0
822898758,Blue,125,1,90,2023-12-24,Week-52,Q4,2023,4453,973,3239,66,0.219,Swipe ,Fuel,259.12,0
822902508,Blue,435,1,110,2023-12-24,Week-52,Q4,2023,8376,1219,4015,77,0.146,Swipe ,Fuel,963.6,0
822905058,Blue,175,0,55,2023-12-24,Week-52,Q4,2023,2732,1746,4702,85,0.639,Chip ,Entertainment,564.24,0
822948708,Blue,445,1,103,2023-12-24,Week-52,Q4,2023,3131,849,3108,62,0.271,Chip ,Fuel,901.32,0
822952158,Blue,430,1,151,2023-12-24,Week-52,Q4,2023,1520,0,4256,73,0,Swipe ,Grocery,340.48,0
822955008,Blue,280,0,64,2023-12-24,Week-52,Q4,2023,9569,0,2287,49,0,Swipe ,Entertainment,411.66,0
822959133,Blue,385,1,115,2023-12-24,Week-52,Q4,2023,3174,2084,4508,83,0.657,Online ,Grocery,315.56,0
822961533,Blue,200,0,66,2023-12-24,Week-52,Q4,2023,13666,0,3998,70,0,Chip ,Grocery,759.62,0
822964683,Blue,275,1,118,2023-12-24,Week-52,Q4,2023,2469,1491,4351,62,0.604,Swipe ,Bills,261.06,0
822969858,Blue,125,1,68,2023-12-24,Week-52,Q4,2023,5585,1465,1787,31,0.262,Swipe ,Bills,160.83,0
822984108,Blue,300,0,133,2023-12-24,Week-52,Q4,2023,3046,2279,2330,69,0.748,Swipe ,Entertainment,302.9,0
823149483,Blue,490,1,89,2023-12-24,Week-52,Q4,2023,1766,0,4643,76,0,Swipe ,Entertainment,975.03,0
823507833,Blue,345,1,106,2023-12-24,Week-52,Q4,2023,14370,945,4510,79,0.066,Chip ,Entertainment,360.8,0
823519458,Blue,270,1,65,2023-12-24,Week-52,Q4,2023,6441,2151,7123,94,0.334,Swipe ,Grocery,569.84,0
823528833,Blue,245,1,95,2023-12-24,Week-52,Q4,2023,2081,1235,1337,29,0.593,Swipe ,Bills,187.18,0
823535133,Blue,445,1,83,2023-12-24,Week-52,Q4,2023,23271,1262,1402,34,0.054,Swipe ,Fuel,406.58,0
823539558,Silver,140,1,71,2023-12-24,Week-52,Q4,2023,33565,1627,8360,94,0.048,Swipe ,Grocery,2006.4,0
823548858,Blue,125,0,84,2023-12-24,Week-52,Q4,2023,10533,330,2585,48,0.031,Swipe ,Grocery,387.75,0
823554783,Blue,140,1,117,2023-12-24,Week-52,Q4,2023,3269,0,5022,85,0,Swipe ,Food,1104.84,0
823557333,Blue,95,0,71,2023-12-24,Week-52,Q4,2023,2734,2517,4457,86,0.921,Chip ,Travel,1025.11,0
823566408,Blue,480,1,94,2023-12-24,Week-52,Q4,2023,1438.3,0,4625,93,0,Swipe ,Bills,693.75,0
823578483,Blue,300,1,112,2023-12-24,Week-52,Q4,2023,1438.3,1169,4429,78,0.813,Swipe ,Food,575.77,0
823590483,Blue,150,0,61,2023-12-24,Week-52,Q4,2023,2230,1716,4027,75,0.77,Chip ,Food,1087.29,0
823606983,Blue,420,1,74,2023-12-24,Week-52,Q4,2023,7410,2517,2398,37,0.34,Swipe ,Bills,143.88,0
823609383,Blue,460,1,104,2023-12-24,Week-52,Q4,2023,1438.3,0,4528,83,0,Swipe ,Bills,407.52,0
823615983,Blue,475,0,122,2023-12-24,Week-52,Q4,2023,3682,2517,1642,35,0.684,Swipe ,Grocery,98.52,0
823621083,Blue,175,1,77,2023-12-24,Week-52,Q4,2023,9227,938,3948,74,0.102,Swipe ,Grocery,1065.96,0
823624158,Blue,220,1,124,2023-12-24,Week-52,Q4,2023,4500,0,4579,78,0,Chip ,Fuel,366.32,0
823629333,Blue,175,0,89,2023-12-24,Week-52,Q4,2023,2444,0,4220,50,0,Swipe ,Entertainment,1012.8,0
823635033,Blue,330,1,98,2023-12-24,Week-52,Q4,2023,8353,1535,4200,83,0.184,Swipe ,Bills,1176,0
823648983,Blue,330,0,112,2023-12-24,Week-52,Q4,2023,5182,1459,7960,112,0.282,Swipe ,Bills,1194,0
823833483,Blue,400,0,76,2023-12-24,Week-52,Q4,2023,7839,1544,7904,83,0.197,Swipe ,Food,1580.8,0
823837158,Blue,245,1,89,2023-12-24,Week-52,Q4,2023,9199,1230,15367,123,0.134,Swipe ,Bills,1997.71,0
823840458,Blue,100,0,105,2023-12-24,Week-52,Q4,2023,1828,1517,4542,82,0.83,Swipe ,Fuel,1044.66,0
823845783,Blue,110,1,63,2023-12-24,Week-52,Q4,2023,3386,1984,1318,37,0.586,Swipe ,Fuel,263.6,0
823848183,Platinum,350,1,115,2023-12-24,Week-52,Q4,2023,15987,1494,8438,92,0.093,Swipe ,Grocery,1434.46,0
823863033,Silver,245,1,50,2023-12-24,Week-52,Q4,2023,34516,1473,4254,73,0.043,Chip ,Bills,382.86,0
823878408,Blue,380,1,100,2023-12-24,Week-52,Q4,2023,2981,757,4824,76,0.254,Swipe ,Entertainment,337.68,0
823904133,Blue,125,1,111,2023-12-24,Week-52,Q4,2023,10195,0,2489,54,0,Chip ,Bills,597.36,0
823908858,Blue,125,1,123,2023-12-24,Week-52,Q4,2023,3861,622,4816,81,0.161,Swipe ,Entertainment,577.92,0
823912308,Blue,450,0,97,2023-12-24,Week-52,Q4,2023,3402,1813,1767,28,0.533,Swipe ,Fuel,159.03,0
823922208,Blue,150,0,119,2023-12-24,Week-52,Q4,2023,2122,1101,7404,103,0.519,Swipe ,Bills,1554.84,0
823928058,Blue,200,0,71,2023-12-24,Week-52,Q4,2023,5299,578,4509,79,0.109,Chip ,Entertainment,676.35,0
823948308,Blue,285,1,110,2023-12-24,Week-52,Q4,2023,6710,1942,1727,37,0.289,Swipe ,Entertainment,345.4,0
824140908,Blue,460,1,117,2023-12-24,Week-52,Q4,2023,20974,0,1246,27,0,Chip ,Grocery,211.82,0
824150733,Silver,100,0,78,2023-12-24,Week-52,Q4,2023,34516,1987,16177,122,0.058,Online ,Travel,4691.33,0
824155458,Blue,455,0,72,2023-12-24,Week-52,Q4,2023,11332,1647,4674,72,0.145,Chip ,Bills,560.88,0
824157858,Blue,435,0,85,2023-12-24,Week-52,Q4,2023,18713,1022,1524,42,0.055,Swipe ,Grocery,411.48,0
824160333,Blue,200,1,97,2023-12-24,Week-52,Q4,2023,23362,1453,15399,116,0.062,Online ,Travel,2771.82,0
824163333,Blue,410,1,112,2023-12-24,Week-52,Q4,2023,3161,2424,4307,66,0.767,Chip ,Travel,818.33,0
824165658,Blue,200,1,118,2023-12-24,Week-52,Q4,2023,19259,2266,1388,27,0.118,Swipe ,Entertainment,305.36,0
824168808,Blue,175,1,77,2023-12-24,Week-52,Q4,2023,3647,1480,2271,60,0.406,Swipe ,Grocery,317.94,0
824172258,Blue,150,0,105,2023-12-24,Week-52,Q4,2023,4408,1510,4495,77,0.343,Chip ,Grocery,1303.55,0
824177733,Blue,200,1,82,2023-12-24,Week-52,Q4,2023,9678,1710,7682,90,0.177,Swipe ,Fuel,1920.5,0
824192658,Blue,110,1,94,2023-12-24,Week-52,Q4,2023,8886,0,4148,79,0,Swipe ,Entertainment,497.76,0
824560758,Blue,225,1,107,2023-12-24,Week-52,Q4,2023,1678,0,2475,61,0,Swipe ,Entertainment,668.25,0
824667708,Blue,410,1,89,2023-12-24,Week-52,Q4,2023,2428,1027,3007,84,0.423,Swipe ,Entertainment,631.47,0
824761458,Blue,125,0,41,2023-12-24,Week-52,Q4,2023,9519,1936,2489,62,0.203,Swipe ,Entertainment,672.03,0
824763783,Blue,450,1,140,2023-12-24,Week-52,Q4,2023,2645,1127,4251,76,0.426,Swipe ,Food,1105.26,0
824770683,Blue,370,1,65,2023-12-24,Week-52,Q4,2023,3049,1151,4027,76,0.378,Swipe ,Entertainment,966.48,0
824782008,Blue,110,1,58,2023-12-24,Week-52,Q4,2023,10239,510,1228,26,0.05,Swipe ,Entertainment,98.24,0
824789283,Blue,475,1,75,2023-12-24,Week-52,Q4,2023,2683,1533,2373,73,0.571,Swipe ,Bills,593.25,0
824795358,Blue,320,0,104,2023-12-24,Week-52,Q4,2023,1638,1038,4150,70,0.634,Swipe ,Grocery,871.5,0
824799108,Blue,175,1,44,2023-12-24,Week-52,Q4,2023,10901,1874,7498,90,0.172,Swipe ,Food,2024.46,0
824805858,Blue,300,1,106,2023-12-24,Week-52,Q4,2023,9235,1479,1537,49,0.16,Swipe ,Entertainment,153.7,0
824807658,Blue,110,1,96,2023-12-24,Week-52,Q4,2023,9106,2477,1239,33,0.272,Swipe ,Entertainment,74.34,0
824812983,Blue,110,1,163,2023-12-24,Week-52,Q4,2023,6318,1397,4166,86,0.221,Swipe ,Food,666.56,0
824816358,Gold,250,0,66,2023-12-24,Week-52,Q4,2023,3277,0,14252,127,0,Swipe ,Food,1710.24,0
824915208,Blue,300,0,83,2023-12-24,Week-52,Q4,2023,7212,1008,5169,82,0.14,Swipe ,Entertainment,1292.25,0
825368658,Blue,150,1,114,2023-12-24,Week-52,Q4,2023,2932,1664,4795,82,0.568,Swipe ,Food,719.25,0
825743583,Silver,390,0,135,2023-12-24,Week-52,Q4,2023,32089,1971,13796,121,0.061,Swipe ,Bills,1103.68,0
825753258,Blue,280,0,83,2023-12-24,Week-52,Q4,2023,6519,1525,4495,81,0.234,Swipe ,Food,809.1,0
825756333,Blue,150,0,78,2023-12-24,Week-52,Q4,2023,2041,1885,2118,48,0.924,Swipe ,Bills,614.22,0
825767658,Gold,275,1,68,2023-12-24,Week-52,Q4,2023,34516,913,7711,80,0.026,Swipe ,Bills,2081.97,0
825785508,Blue,250,0,142,2023-12-24,Week-52,Q4,2023,14699,1049,4890,64,0.071,Swipe ,Fuel,1124.7,0
825811158,Blue,225,0,88,2023-12-24,Week-52,Q4,2023,3069,2517,4512,83,0.82,Swipe ,Entertainment,902.4,0
825831933,Blue,455,1,126,2023-12-24,Week-52,Q4,2023,3136,1103,4528,81,0.352,Chip ,Bills,271.68,0
825838908,Blue,395,0,88,2023-12-24,Week-52,Q4,2023,1961,0,4846,92,0,Swipe ,Grocery,823.82,0
825850383,Blue,355,1,103,2023-12-24,Week-52,Q4,2023,6074,0,4303,77,0,Swipe ,Entertainment,1161.81,0
825856083,Blue,450,1,43,2023-12-24,Week-52,Q4,2023,2623,2121,4078,70,0.809,Swipe ,Bills,978.72,0
826061508,Blue,175,0,114,2023-12-24,Week-52,Q4,2023,5975,2045,13090,102,0.342,Swipe ,Food,2879.8,0
826065258,Gold,480,1,140,2023-12-24,Week-52,Q4,2023,19033,1555,16033,116,0.082,Swipe ,Entertainment,3687.59,0
826068183,Blue,270,1,62,2023-12-24,Week-52,Q4,2023,15488,1463,2916,50,0.094,Online ,Bills,349.92,0
826069983,Blue,425,0,95,2023-12-24,Week-52,Q4,2023,13376,1633,4515,63,0.122,Swipe ,Bills,496.65,0
826077033,Blue,280,0,104,2023-12-24,Week-52,Q4,2023,2002,0,2423,39,0,Chip ,Entertainment,460.37,0
826079508,Blue,250,0,78,2023-12-24,Week-52,Q4,2023,8904,1886,3654,65,0.212,Swipe ,Fuel,913.5,0
826130133,Blue,495,1,50,2023-12-24,Week-52,Q4,2023,31680,1812,1121,25,0.057,Swipe ,Fuel,134.52,0
826136283,Blue,125,1,84,2023-12-24,Week-52,Q4,2023,2450,1981,4352,66,0.809,Swipe ,Fuel,478.72,0
826148883,Blue,345,1,72,2023-12-24,Week-52,Q4,2023,16453,1660,14762,108,0.101,Swipe ,Travel,885.72,0
826150608,Silver,150,1,109,2023-12-24,Week-52,Q4,2023,18072,1378,8199,98,0.076,Swipe ,Food,2295.72,0
826168083,Blue,100,1,87,2023-12-24,Week-52,Q4,2023,1757,1307,4750,72,0.744,Chip ,Grocery,1187.5,0
826245858,Silver,470,0,85,2023-12-24,Week-52,Q4,2023,34516,0,7661,79,0,Chip ,Food,612.88,0
826261008,Blue,200,1,91,2023-12-24,Week-52,Q4,2023,1438.3,0,2054,46,0,Chip ,Travel,164.32,0
826266483,Blue,175,0,80,2023-12-24,Week-52,Q4,2023,10600,598,4586,81,0.056,Chip ,Fuel,1192.36,0
826401858,Blue,335,0,81,2023-12-24,Week-52,Q4,2023,3687,1655,2448,63,0.449,Online ,Grocery,416.16,0
826410708,Blue,490,0,45,2023-12-24,Week-52,Q4,2023,22956,1407,5554,64,0.061,Swipe ,Entertainment,1388.5,0
826414083,Blue,450,1,84,2023-12-24,Week-52,Q4,2023,4798,1017,4225,79,0.212,Swipe ,Fuel,887.25,0
826417233,Blue,200,1,68,2023-12-24,Week-52,Q4,2023,2933,1011,5089,71,0.345,Online ,Grocery,407.12,0
826421958,Blue,430,1,71,2023-12-24,Week-52,Q4,2023,1438.3,0,1843,44,0,Swipe ,Food,313.31,0
826451433,Silver,200,1,91,2023-12-24,Week-52,Q4,2023,34516,2273,8502,103,0.066,Swipe ,Fuel,765.18,0
826467333,Blue,95,0,123,2023-12-24,Week-52,Q4,2023,7976,585,4082,74,0.073,Swipe ,Bills,449.02,0
826471458,Blue,220,1,112,2023-12-24,Week-52,Q4,2023,6967,1767,1919,38,0.254,Swipe ,Fuel,402.99,0
826473858,Blue,220,1,79,2023-12-24,Week-52,Q4,2023,4274,1680,4820,60,0.393,Chip ,Entertainment,1205,0
826477083,Blue,475,1,93,2023-12-24,Week-52,Q4,2023,4570,2439,1520,34,0.534,Swipe ,Entertainment,167.2,0
826478958,Blue,150,1,104,2023-12-24,Week-52,Q4,2023,2066,1601,1578,41,0.775,Swipe ,Entertainment,205.14,0
826480308,Blue,475,1,171,2023-12-24,Week-52,Q4,2023,4778,1869,5489,74,0.391,Swipe ,Entertainment,1097.8,0
826490133,Blue,450,1,86,2023-12-24,Week-52,Q4,2023,10039,1600,4685,76,0.159,Swipe ,Fuel,609.05,0
826513233,Blue,190,1,90,2023-12-24,Week-52,Q4,2023,3796,2396,2069,54,0.631,Swipe ,Fuel,537.94,0
826548708,Blue,250,1,147,2023-12-24,Week-52,Q4,2023,5965,622,4637,91,0.104,Swipe ,Fuel,695.55,0
826706208,Blue,100,1,98,2023-12-24,Week-52,Q4,2023,17198,0,4042,62,0,Swipe ,Bills,485.04,0
826709658,Blue,455,0,78,2023-12-24,Week-52,Q4,2023,1477,0,2214,43,0,Swipe ,Grocery,487.08,0
826717533,Blue,200,1,65,2023-12-24,Week-52,Q4,2023,16105,724,4631,76,0.045,Swipe ,Grocery,879.89,0
826723308,Blue,100,1,71,2023-12-24,Week-52,Q4,2023,3452,2088,1008,21,0.605,Swipe ,Entertainment,201.6,0
826762908,Blue,345,1,85,2023-12-24,Week-52,Q4,2023,11976,1273,2089,36,0.106,Swipe ,Entertainment,167.12,0
826775058,Blue,360,1,113,2023-12-24,Week-52,Q4,2023,4175,2517,1520,36,0.603,Swipe ,Bills,243.2,0
826780683,Blue,300,0,162,2023-12-24,Week-52,Q4,2023,15008,0,3943,85,0,Swipe ,Grocery,906.89,0
826783233,Blue,110,1,47,2023-12-24,Week-52,Q4,2023,3029,2214,4750,89,0.731,Swipe ,Travel,1330,0
826808208,Blue,225,1,114,2023-12-24,Week-52,Q4,2023,2213,829,4210,84,0.375,Swipe ,Entertainment,631.5,0
827049558,Blue,295,1,51,2023-12-24,Week-52,Q4,2023,2158,1170,4421,89,0.542,Swipe ,Bills,707.36,0
827051808,Blue,450,1,94,2023-12-24,Week-52,Q4,2023,7499,1083,2478,45,0.144,Swipe ,Entertainment,569.94,0
827055333,Blue,200,1,119,2023-12-24,Week-52,Q4,2023,8513,1042,2015,37,0.122,Swipe ,Grocery,544.05,0
827062158,Blue,485,1,150,2023-12-24,Week-52,Q4,2023,22981,1696,4192,66,0.074,Swipe ,Entertainment,335.36,0
827074758,Blue,125,0,67,2023-12-24,Week-52,Q4,2023,1538,868,5228,61,0.564,Chip ,Grocery,1516.12,0
827100333,Blue,355,1,128,2023-12-24,Week-52,Q4,2023,1438.3,726,5208,93,0.505,Swipe ,Bills,3302,0
827108583,Blue,275,0,113,2023-12-24,Week-52,Q4,2023,34516,1266,1161,26,0.037,Swipe ,Bills,150.93,0
827111283,Blue,445,1,96,2023-12-24,Week-52,Q4,2023,32426,578,1109,28,0.018,Swipe ,Travel,210.71,0
827114058,Blue,270,0,162,2023-12-24,Week-52,Q4,2023,11634,0,4447,74,0,Swipe ,Entertainment,755.99,0
827117808,Blue,475,1,94,2023-12-24,Week-52,Q4,2023,9904,2513,1152,28,0.254,Swipe ,Grocery,241.92,0
827123883,Blue,405,1,102,2023-12-24,Week-52,Q4,2023,3858,0,4472,92,0,Swipe ,Grocery,1073.28,0
827318958,Blue,110,1,106,2023-12-24,Week-52,Q4,2023,9431,1785,14261,99,0.189,Swipe ,Travel,3422.64,0
827332983,Silver,400,1,88,2023-12-24,Week-52,Q4,2023,34516,2113,1362,31,0.061,Swipe ,Bills,272.4,0
827341383,Blue,455,0,41,2023-12-24,Week-52,Q4,2023,3094,1317,3607,81,0.426,Swipe ,Grocery,432.84,0
827360883,Blue,100,0,89,2023-12-24,Week-52,Q4,2023,13473,1335,1593,46,0.099,Swipe ,Entertainment,366.39,0
827408058,Blue,320,1,120,2023-12-24,Week-52,Q4,2023,2232,2002,3803,68,0.897,Swipe ,Bills,570.45,0
827423433,Blue,270,0,116,2023-12-24,Week-52,Q4,2023,7492,1399,3668,67,0.187,Swipe ,Bills,843.64,0
827436483,Blue,125,1,92,2023-12-24,Week-52,Q4,2023,2916,0,4336,72,0,Swipe ,Travel,780.48,0
827440458,Blue,125,0,43,2023-12-24,Week-52,Q4,2023,9524,1449,7527,58,0.152,Online ,Bills,1655.94,0
827442858,Blue,425,1,145,2023-12-24,Week-52,Q4,2023,8111,2051,3719,69,0.253,Swipe ,Food,595.04,0
827451333,Blue,495,1,124,2023-12-24,Week-52,Q4,2023,2247,0,2615,37,0,Chip ,Grocery,366.1,0
827476983,Blue,245,0,76,2023-12-24,Week-52,Q4,2023,3639,2178,1865,42,0.599,Swipe ,Travel,503.55,0
827619933,Blue,335,1,119,2023-12-24,Week-52,Q4,2023,9673,0,3541,87,0,Swipe ,Bills,354.1,0
827628408,Blue,195,1,84,2023-12-24,Week-52,Q4,2023,2165,1465,3672,64,0.677,Chip ,Grocery,991.44,0
827631483,Blue,300,0,78,2023-12-24,Week-52,Q4,2023,25058,1710,2053,55,0.068,Swipe ,Bills,513.25,0
827635083,Blue,175,0,116,2023-12-24,Week-52,Q4,2023,1438.3,755,4222,75,0.525,Chip ,Bills,844.4,0
827643858,Blue,435,1,115,2023-12-24,Week-52,Q4,2023,5596,0,3212,64,0,Swipe ,Grocery,449.68,0
827683383,Gold,95,0,106,2023-12-24,Week-52,Q4,2023,4107,2517,16027,112,0.613,Chip ,Grocery,4487.56,0
827691858,Blue,150,1,117,2023-12-24,Week-52,Q4,2023,7616,1251,2006,52,0.164,Swipe ,Grocery,461.38,0
827695683,Blue,340,1,106,2023-12-24,Week-52,Q4,2023,34516,1329,3906,77,0.039,Swipe ,Fuel,546.84,0
827703258,Blue,395,1,104,2023-12-24,Week-52,Q4,2023,13426,0,4674,66,0,Swipe ,Grocery,607.62,0
827712108,Blue,125,1,107,2023-12-24,Week-52,Q4,2023,2346,1373,4432,72,0.585,Swipe ,Bills,797.76,0
827888433,Blue,410,0,96,2023-12-24,Week-52,Q4,2023,6648,2242,2089,60,0.337,Swipe ,Bills,146.23,0
827890758,Blue,100,0,43,2023-12-24,Week-52,Q4,2023,2062,1302,3785,63,0.631,Chip ,Bills,1059.8,0
963607849,Blue,300,1,108,2023-12-31,Week-53,Q4,2023,14315,690,9603,56,0.048,Swipe ,Entertainment,598.69,0
932954954,Blue,175,1,96,2023-12-31,Week-53,Q4,2023,5711,0,4325,72,0,Swipe ,Fuel,691.2,0
961650885,Blue,195,0,76,2023-12-31,Week-53,Q4,2023,3104,1766,9353,24,0.569,Swipe ,Travel,216.48,0
917695309,Blue,495,1,72,2023-12-31,Week-53,Q4,2023,2553,1823,3853,69,0.714,Chip ,Grocery,1001.78,0
957309271,Blue,100,0,172,2023-12-31,Week-53,Q4,2023,2476,1944,4025,65,0.785,Chip ,Fuel,845.25,0
967838008,Blue,95,0,117,2023-12-31,Week-53,Q4,2023,13362,0,4155,79,0,Online ,Grocery,1080.3,0
953057861,Blue,400,0,103,2023-12-31,Week-53,Q4,2023,3868,1384,4716,79,0.358,Swipe ,Food,943.2,0
945043270,Blue,335,1,62,2023-12-31,Week-53,Q4,2023,1764,0,8540,47,0,Chip ,Entertainment,794.6,0
947028265,Blue,365,0,115,2023-12-31,Week-53,Q4,2023,26108,1146,3677,70,0.044,Chip ,Entertainment,956.02,0
949911663,Blue,410,1,102,2023-12-31,Week-53,Q4,2023,16199,0,4254,82,0,Chip ,Food,1148.58,0
943996401,Blue,330,0,145,2023-12-31,Week-53,Q4,2023,6162,943,9527,35,0.153,Online ,Bills,259.59,0
929315398,Blue,140,1,119,2023-12-31,Week-53,Q4,2023,13429,1246,3929,66,0.093,Swipe ,Grocery,1060.83,0
943593234,Blue,325,1,104,2023-12-31,Week-53,Q4,2023,8230,1333,7736,84,0.162,Swipe ,Grocery,464.16,0
934327500,Blue,150,1,85,2023-12-31,Week-53,Q4,2023,13349,0,3534,78,0,Swipe ,Entertainment,353.4,0
911454729,Blue,375,0,87,2023-12-31,Week-53,Q4,2023,2646,872,4246,80,0.33,Swipe ,Grocery,509.52,0
935287245,Blue,480,0,79,2023-12-31,Week-53,Q4,2023,5384,1396,4338,75,0.259,Swipe ,Entertainment,390.42,0
961848959,Blue,295,1,48,2023-12-31,Week-53,Q4,2023,2421,1029,2377,56,0.425,Swipe ,Bills,356.55,0
947702871,Blue,110,1,59,2023-12-31,Week-53,Q4,2023,2667,1590,4596,85,0.596,Swipe ,Bills,689.4,0
922362219,Blue,430,1,89,2023-12-31,Week-53,Q4,2023,1438.3,0,2614,49,0,Online ,Grocery,522.8,0
924088631,Blue,485,0,73,2023-12-31,Week-53,Q4,2023,3114,1059,4342,62,0.34,Chip ,Travel,1128.92,0
950336899,Blue,150,0,76,2023-12-31,Week-53,Q4,2023,31668,810,1802,36,0.026,Swipe ,Grocery,145.76,0
925516289,Blue,355,1,75,2023-12-31,Week-53,Q4,2023,4589,1240,1637,61,0.27,Swipe ,Bills,114.59,0
943430295,Blue,150,0,90,2023-12-31,Week-53,Q4,2023,2170,1498,4569,79,0.69,Chip ,Entertainment,548.28,0
915913364,Blue,415,0,46,2023-12-31,Week-53,Q4,2023,16043,2036,5394,28,0.127,Online ,Entertainment,236.98,0
966969386,Blue,335,0,123,2023-12-31,Week-53,Q4,2023,2210,759,2755,53,0.343,Swipe ,Entertainment,440.8,0
913497216,Blue,200,1,76,2023-12-31,Week-53,Q4,2023,2363,978,2635,40,0.414,Swipe ,Fuel,395.25,0
956347577,Blue,490,1,116,2023-12-31,Week-53,Q4,2023,1438.3,0,1445,38,0,Swipe ,Bills,245.65,0
953007255,Blue,430,0,141,2023-12-31,Week-53,Q4,2023,3116,0,2768,45,0,Swipe ,Bills,553.6,0
955406656,Blue,300,0,111,2023-12-31,Week-53,Q4,2023,3232,1564,13142,112,0.484,Swipe ,Fuel,1971.3,0
947484249,Blue,300,1,103,2023-12-31,Week-53,Q4,2023,6145,1349,4893,93,0.22,Chip ,Entertainment,733.95,0
941380773,Blue,150,1,148,2023-12-31,Week-53,Q4,2023,1738,0,2572,62,0,Swipe ,Bills,540.12,0
931132980,Blue,320,1,110,2023-12-31,Week-53,Q4,2023,2601,1888,4899,62,0.726,Chip ,Food,832.83,0
917790215,Blue,325,1,111,2023-12-31,Week-53,Q4,2023,3024,1649,4463,89,0.545,Swipe ,Entertainment,267.78,0
956622169,Blue,200,0,42,2023-12-31,Week-53,Q4,2023,2084,1647,19597,37,0.79,Swipe ,Fuel,159.7,0
951838000,Blue,125,0,98,2023-12-31,Week-53,Q4,2023,3809,1165,2306,46,0.306,Chip ,Fuel,184.48,1
945116424,Blue,225,1,75,2023-12-31,Week-53,Q4,2023,8940,1518,14459,97,0.17,Swipe ,Entertainment,3903.93,0
968501827,Blue,95,1,124,2023-12-31,Week-53,Q4,2023,2761,1950,4510,88,0.706,Swipe ,Grocery,992.2,0
931999941,Blue,355,0,147,2023-12-31,Week-53,Q4,2023,15468,1187,4484,81,0.077,Chip ,Food,538.08,0
941573611,Blue,465,0,118,2023-12-31,Week-53,Q4,2023,2157,721,4250,85,0.334,Swipe ,Grocery,510,0
916963751,Blue,275,0,88,2023-12-31,Week-53,Q4,2023,8398,1892,1489,29,0.225,Swipe ,Bills,387.14,1
918786049,Blue,330,0,119,2023-12-31,Week-53,Q4,2023,3186,968,4077,75,0.304,Swipe ,Bills,1060.02,0
913812366,Blue,125,0,117,2023-12-31,Week-53,Q4,2023,2694,1833,3366,56,0.68,Chip ,Fuel,403.92,0
915143266,Blue,175,1,75,2023-12-31,Week-53,Q4,2023,13301,0,15385,50,0,Swipe ,Bills,96.95,0
930291935,Blue,245,1,86,2023-12-31,Week-53,Q4,2023,2722,1473,3129,69,0.541,Swipe ,Bills,281.61,0
915205717,Blue,250,1,85,2023-12-31,Week-53,Q4,2023,1706,0,2320,42,0,Swipe ,Bills,580,0
958819124,Blue,125,0,81,2023-12-31,Week-53,Q4,2023,5268,2191,2138,40,0.416,Swipe ,Grocery,299.32,0
952357833,Blue,175,0,100,2023-12-31,Week-53,Q4,2023,2209,0,3292,52,0,Swipe ,Bills,460.88,0
916571137,Blue,125,0,108,2023-12-31,Week-53,Q4,2023,14324,2507,2083,56,0.175,Swipe ,Fuel,479.09,0
949434569,Blue,245,1,73,2023-12-31,Week-53,Q4,2023,5349,1228,1343,30,0.23,Swipe ,Bills,335.75,0
932064980,Blue,175,0,103,2023-12-31,Week-53,Q4,2023,7970,0,1284,30,0,Swipe ,Entertainment,269.64,0
945888653,Blue,425,1,155,2023-12-31,Week-53,Q4,2023,5073,1533,13420,122,0.302,Chip ,Food,2415.6,0
966959006,Blue,360,0,108,2023-12-31,Week-53,Q4,2023,3377,948,1407,44,0.281,Swipe ,Fuel,281.4,0
940222172,Blue,445,1,73,2023-12-31,Week-53,Q4,2023,1462,0,2299,42,0,Swipe ,Food,390.83,0
945679996,Blue,110,1,116,2023-12-31,Week-53,Q4,2023,4131,785,906,22,0.19,Swipe ,Grocery,244.62,0
943617000,Blue,175,1,113,2023-12-31,Week-53,Q4,2023,4311,822,4965,94,0.191,Swipe ,Food,1241.25,0
915597750,Blue,220,0,112,2023-12-31,Week-53,Q4,2023,21322,2216,8693,91,0.104,Swipe ,Entertainment,2651.67,0
922338165,Blue,445,1,83,2023-12-31,Week-53,Q4,2023,4606,1556,4363,78,0.338,Swipe ,Food,741.71,0
960285137,Blue,290,0,86,2023-12-31,Week-53,Q4,2023,5219,1081,3481,78,0.207,Swipe ,Food,661.39,0
925267022,Blue,270,1,106,2023-12-31,Week-53,Q4,2023,4637,0,4583,86,0,Swipe ,Bills,366.64,0
911841712,Blue,245,0,110,2023-12-31,Week-53,Q4,2023,1438.3,1025,9702,12,0.713,Swipe ,Travel,189.54,0
964700464,Blue,275,0,101,2023-12-31,Week-53,Q4,2023,4216,1290,13787,121,0.306,Swipe ,Bills,1792.31,0
936122170,Blue,410,0,106,2023-12-31,Week-53,Q4,2023,3512,2517,1801,48,0.717,Chip ,Bills,306.17,0
923514448,Blue,480,1,81,2023-12-31,Week-53,Q4,2023,1801,0,5047,79,0,Swipe ,Fuel,1261.75,0
926012720,Blue,340,0,89,2023-12-31,Week-53,Q4,2023,5330,1161,1441,43,0.218,Swipe ,Bills,417.89,0
941519974,Blue,385,1,76,2023-12-31,Week-53,Q4,2023,31762,2517,1515,36,0.079,Swipe ,Fuel,121.2,0
916567210,Blue,435,0,64,2023-12-31,Week-53,Q4,2023,2691,811,4413,80,0.301,Swipe ,Entertainment,441.3,0
944464634,Gold,95,0,91,2023-12-31,Week-53,Q4,2023,4003,1851,15476,117,0.462,Online ,Travel,2476.16,0
952224747,Blue,250,1,42,2023-12-31,Week-53,Q4,2023,9959,2377,1560,39,0.239,Swipe ,Entertainment,374.4,0
925793959,Blue,290,0,160,2023-12-31,Week-53,Q4,2023,2302,1593,2689,49,0.692,Swipe ,Food,161.34,0
967293518,Blue,125,0,112,2023-12-31,Week-53,Q4,2023,8314,1349,5028,80,0.162,Swipe ,Grocery,1156.44,0
955565234,Blue,250,1,110,2023-12-31,Week-53,Q4,2023,3616,1054,687,17,0.291,Swipe ,Food,192.36,0
918805142,Blue,245,1,110,2023-12-31,Week-53,Q4,2023,7359,0,2869,43,0,Chip ,Bills,717.25,0
925079819,Silver,100,0,114,2023-12-31,Week-53,Q4,2023,34516,1433,1966,31,0.042,Swipe ,Grocery,432.52,0
915620067,Blue,440,0,73,2023-12-31,Week-53,Q4,2023,2517,0,3569,62,0,Swipe ,Grocery,856.56,0
928594927,Silver,100,1,83,2023-12-31,Week-53,Q4,2023,34516,1118,7734,74,0.032,Swipe ,Fuel,1237.44,0
924230663,Blue,405,0,76,2023-12-31,Week-53,Q4,2023,1654,0,1730,30,0,Swipe ,Bills,173,0
967647198,Blue,125,1,85,2023-12-31,Week-53,Q4,2023,3400,2307,4742,90,0.679,Chip ,Bills,1185.5,0
916404493,Blue,95,0,139,2023-12-31,Week-53,Q4,2023,2926,716,4219,78,0.245,Swipe ,Grocery,1181.32,0
951324437,Blue,245,1,47,2023-12-31,Week-53,Q4,2023,3065,1570,1130,28,0.512,Swipe ,Bills,259.9,1
948632519,Blue,365,1,80,2023-12-31,Week-53,Q4,2023,34516,1440,7168,88,0.042,Swipe ,Travel,716.8,0
935734897,Blue,125,1,79,2023-12-31,Week-53,Q4,2023,6854,0,4578,72,0,Swipe ,Entertainment,1098.72,0
927629610,Blue,410,0,147,2023-12-31,Week-53,Q4,2023,3853,696,2443,38,0.181,Chip ,Grocery,610.75,0
957268333,Blue,100,0,99,2023-12-31,Week-53,Q4,2023,7570,1388,3849,70,0.183,Swipe ,Entertainment,230.94,0
951939025,Blue,125,1,82,2023-12-31,Week-53,Q4,2023,4402,1640,1774,46,0.373,Swipe ,Entertainment,195.14,0
912062417,Blue,300,1,105,2023-12-31,Week-53,Q4,2023,4254,1204,5385,93,0.283,Swipe ,Entertainment,700.05,0
931204683,Blue,195,1,108,2023-12-31,Week-53,Q4,2023,4426,1530,1231,34,0.346,Swipe ,Bills,123.1,0
955413495,Blue,455,0,123,2023-12-31,Week-53,Q4,2023,18004,2517,2030,45,0.14,Swipe ,Bills,365.4,0
926366819,Blue,100,1,60,2023-12-31,Week-53,Q4,2023,21927,1291,1946,37,0.059,Swipe ,Entertainment,311.36,0
946988891,Blue,125,0,72,2023-12-31,Week-53,Q4,2023,4092,996,2298,48,0.243,Swipe ,Fuel,298.74,0
932566259,Blue,460,0,88,2023-12-31,Week-53,Q4,2023,5342,2005,14738,94,0.375,Chip ,Entertainment,2358.08,0
931860481,Blue,300,1,114,2023-12-31,Week-53,Q4,2023,8795,2517,4552,81,0.286,Chip ,Entertainment,773.84,0
929882675,Blue,460,0,84,2023-12-31,Week-53,Q4,2023,3131,2379,2315,63,0.76,Swipe ,Bills,370.4,0
943527510,Blue,450,1,97,2023-12-31,Week-53,Q4,2023,10533,1689,3651,69,0.16,Chip ,Food,584.16,0
916639558,Blue,330,0,116,2023-12-31,Week-53,Q4,2023,1741,0,2546,42,0,Swipe ,Grocery,458.28,0
952877527,Blue,200,1,69,2023-12-31,Week-53,Q4,2023,6630,916,842,24,0.138,Swipe ,Bills,92.62,0
965133642,Blue,430,0,157,2023-12-31,Week-53,Q4,2023,2022,0,4623,65,0,Chip ,Entertainment,924.6,0
943332935,Blue,285,1,154,2023-12-31,Week-53,Q4,2023,5095,0,3808,89,0,Chip ,Grocery,723.52,1
911356906,Blue,345,1,70,2023-12-31,Week-53,Q4,2023,33472,2517,4719,70,0.075,Swipe ,Fuel,566.28,0
914100961,Blue,490,0,86,2023-12-31,Week-53,Q4,2023,5293,1236,4572,90,0.234,Swipe ,Fuel,365.76,0
928202998,Blue,300,1,99,2023-12-31,Week-53,Q4,2023,2799,0,2311,43,0,Swipe ,Bills,184.88,0
927325578,Blue,340,0,63,2023-12-31,Week-53,Q4,2023,7191,0,1654,30,0,Chip ,Food,314.26,0
967889522,Blue,300,0,117,2023-12-31,Week-53,Q4,2023,2904,2203,3848,66,0.759,Chip ,Fuel,384.8,0
957165213,Blue,125,1,83,2023-12-31,Week-53,Q4,2023,3136,2138,4930,80,0.682,Swipe ,Fuel,887.4,0
942626947,Blue,175,0,143,2023-12-31,Week-53,Q4,2023,3187,1937,5111,90,0.608,Swipe ,Food,664.43,0
953470068,Blue,100,1,114,2023-12-31,Week-53,Q4,2023,12114,1379,3964,90,0.114,Swipe ,Bills,317.12,0
922719672,Gold,150,0,102,2023-12-31,Week-53,Q4,2023,15261,1109,15442,125,0.073,Chip ,Travel,2316.3,0
931891072,Blue,300,1,93,2023-12-31,Week-53,Q4,2023,23034,1992,2514,32,0.086,Swipe ,Grocery,175.98,0
946247323,Blue,150,1,70,2023-12-31,Week-53,Q4,2023,4514,2016,4107,59,0.447,Swipe ,Entertainment,1067.82,0
930197610,Blue,150,0,84,2023-12-31,Week-53,Q4,2023,3454,1200,1313,30,0.347,Swipe ,Travel,196.95,0
949774711,Blue,475,1,46,2023-12-31,Week-53,Q4,2023,8167,1740,2141,51,0.213,Swipe ,Bills,578.07,0
943826301,Blue,490,1,103,2023-12-31,Week-53,Q4,2023,4623,1366,14730,118,0.295,Swipe ,Grocery,4124.4,0
940281207,Blue,395,1,44,2023-12-31,Week-53,Q4,2023,2800,1834,15971,36,0.655,Swipe ,Bills,361.33,0
917125667,Blue,245,0,114,2023-12-31,Week-53,Q4,2023,2404,1887,4489,75,0.785,Chip ,Bills,628.46,0
943190439,Blue,125,1,117,2023-12-31,Week-53,Q4,2023,2248,0,4439,77,0,Swipe ,Grocery,355.12,0
922320730,Blue,415,0,128,2023-12-31,Week-53,Q4,2023,7234,2055,5051,83,0.284,Swipe ,Bills,1363.77,0
929595858,Blue,125,0,78,2023-12-31,Week-53,Q4,2023,16037,0,3048,70,0,Swipe ,Entertainment,883.92,0
959893136,Blue,300,1,86,2023-12-31,Week-53,Q4,2023,5638,808,2036,50,0.143,Swipe ,Entertainment,244.32,0
914645436,Blue,125,0,68,2023-12-31,Week-53,Q4,2023,2642,2035,1761,42,0.77,Swipe ,Entertainment,140.88,0
955643267,Blue,200,1,137,2023-12-31,Week-53,Q4,2023,8404,1498,4811,56,0.178,Swipe ,Fuel,769.76,0
930834378,Blue,150,0,97,2023-12-31,Week-53,Q4,2023,18800,2517,1575,23,0.134,Chip ,Food,456.75,0
941473935,Gold,270,0,116,2023-12-31,Week-53,Q4,2023,8416,1549,13988,124,0.184,Chip ,Travel,3077.36,0
915493311,Blue,250,1,90,2023-12-31,Week-53,Q4,2023,6275,1579,1585,43,0.252,Swipe ,Entertainment,142.65,0
968936158,Blue,270,1,84,2023-12-31,Week-53,Q4,2023,3791,1648,2058,34,0.435,Online ,Bills,555.66,0
933392675,Blue,405,1,108,2023-12-31,Week-53,Q4,2023,17655,1720,16293,120,0.097,Chip ,Fuel,3910.32,0
928419817,Blue,245,0,83,2023-12-31,Week-53,Q4,2023,24499,2517,7667,84,0.103,Swipe ,Entertainment,1686.74,0
915483449,Blue,125,1,75,2023-12-31,Week-53,Q4,2023,13709,813,2511,40,0.059,Swipe ,Food,728.19,0
946714401,Blue,250,1,79,2023-12-31,Week-53,Q4,2023,2885,1895,1366,31,0.657,Swipe ,Bills,232.22,0
956874871,Blue,385,1,71,2023-12-31,Week-53,Q4,2023,21165,735,3343,60,0.035,Online ,Grocery,334.3,0
958764892,Blue,150,0,96,2023-12-31,Week-53,Q4,2023,7081,1874,2249,47,0.265,Swipe ,Fuel,292.37,0
934634748,Blue,355,1,120,2023-12-31,Week-53,Q4,2023,31383,1688,1721,56,0.054,Swipe ,Entertainment,344.2,0
912083085,Blue,200,1,161,2023-12-31,Week-53,Q4,2023,2201,651,3165,65,0.296,Online ,Entertainment,189.9,0
911365112,Blue,440,0,102,2023-12-31,Week-53,Q4,2023,6130,1741,4264,63,0.284,Swipe ,Fuel,1236.56,0
953753052,Blue,385,1,151,2023-12-31,Week-53,Q4,2023,27374,1509,4231,60,0.055,Chip ,Travel,676.96,0
958974616,Blue,415,1,115,2023-12-31,Week-53,Q4,2023,27169,0,3906,87,0,Swipe ,Food,234.36,0
950813526,Blue,455,1,142,2023-12-31,Week-53,Q4,2023,2632,1480,4787,89,0.562,Swipe ,Food,1148.88,0
942716217,Blue,320,1,83,2023-12-31,Week-53,Q4,2023,2257,896,4618,94,0.397,Swipe ,Food,461.8,0
916095724,Gold,470,0,148,2023-12-31,Week-53,Q4,2023,34516,1342,7283,89,0.039,Swipe ,Bills,1893.58,0
916347080,Blue,250,0,87,2023-12-31,Week-53,Q4,2023,7357,1069,3943,64,0.145,Chip ,Food,828.03,1
933846978,Blue,140,0,77,2023-12-31,Week-53,Q4,2023,20543,0,1874,42,0,Chip ,Fuel,449.76,0
964803228,Silver,110,1,97,2023-12-31,Week-53,Q4,2023,34516,802,1823,27,0.023,Swipe ,Grocery,255.22,0
948820628,Blue,370,0,151,2023-12-31,Week-53,Q4,2023,3144,2216,4717,75,0.705,Chip ,Travel,1179.25,1
941121418,Blue,125,0,80,2023-12-31,Week-53,Q4,2023,1467,896,1731,54,0.611,Swipe ,Entertainment,138.48,0
924616697,Blue,390,1,119,2023-12-31,Week-53,Q4,2023,25516,1363,2317,38,0.053,Swipe ,Bills,509.74,0
925419962,Blue,460,0,95,2023-12-31,Week-53,Q4,2023,3011,2138,4439,75,0.71,Chip ,Fuel,1198.53,0
940119296,Blue,340,1,78,2023-12-31,Week-53,Q4,2023,3797,1202,4191,65,0.317,Swipe ,Grocery,1089.66,0
926247280,Silver,175,1,85,2023-12-31,Week-53,Q4,2023,17304,2517,1756,33,0.145,Swipe ,Travel,403.88,1
924777883,Blue,140,1,66,2023-12-31,Week-53,Q4,2023,3261,814,4739,89,0.25,Chip ,Entertainment,1089.97,0
920819113,Blue,175,0,95,2023-12-31,Week-53,Q4,2023,4063,0,79463,70,0,Chip ,Fuel,1492.6,0
929774594,Blue,125,1,74,2023-12-31,Week-53,Q4,2023,8074,2426,5372,93,0.3,Swipe ,Grocery,698.36,1
966406115,Gold,370,1,87,2023-12-31,Week-53,Q4,2023,34516,0,15095,102,0,Chip ,Travel,1207.6,0
933574623,Blue,405,1,80,2023-12-31,Week-53,Q4,2023,1677,0,2437,41,0,Chip ,Grocery,463.03,0
912085260,Blue,150,1,51,2023-12-31,Week-53,Q4,2023,2498,2258,1839,29,0.904,Swipe ,Fuel,202.29,0
924433213,Blue,140,0,100,2023-12-31,Week-53,Q4,2023,7128,1457,3534,70,0.204,Chip ,Entertainment,742.14,0
953669287,Blue,405,0,46,2023-12-31,Week-53,Q4,2023,13427,0,1337,27,0,Swipe ,Grocery,374.36,0
946760890,Blue,470,1,95,2023-12-31,Week-53,Q4,2023,3085,966,4765,79,0.313,Swipe ,Entertainment,905.35,1
929300195,Silver,355,1,119,2023-12-31,Week-53,Q4,2023,32535,1722,15738,116,0.053,Swipe ,Bills,3934.5,0
954136712,Blue,150,1,112,2023-12-31,Week-53,Q4,2023,7475,1473,1592,30,0.197,Swipe ,Entertainment,111.44,0
966386176,Blue,340,1,109,2023-12-31,Week-53,Q4,2023,24765,1999,1544,36,0.081,Swipe ,Fuel,154.4,0
911017231,Blue,125,1,107,2023-12-31,Week-53,Q4,2023,4752,1230,15678,103,0.259,Chip ,Travel,2038.14,0
936476946,Blue,125,1,118,2023-12-31,Week-53,Q4,2023,2338,1566,3964,69,0.67,Chip ,Bills,1030.64,1
927921459,Blue,430,0,128,2023-12-31,Week-53,Q4,2023,14670,1900,4221,83,0.13,Swipe ,Entertainment,1055.25,0
925316884,Blue,325,0,89,2023-12-31,Week-53,Q4,2023,2711,1793,5084,79,0.661,Swipe ,Entertainment,1321.84,0
924336171,Blue,390,0,116,2023-12-31,Week-53,Q4,2023,5479,1200,7960,86,0.219,Swipe ,Food,1432.8,0
944505505,Silver,350,1,95,2023-12-31,Week-53,Q4,2023,34516,1298,1906,39,0.038,Swipe ,Bills,476.5,0
958702412,Blue,150,1,111,2023-12-31,Week-53,Q4,2023,2826,2070,16025,28,0.732,Swipe ,Travel,82,0
958902812,Blue,100,1,150,2023-12-31,Week-53,Q4,2023,4945,0,2743,69,0,Swipe ,Bills,795.47,0
959842077,Blue,245,1,103,2023-12-31,Week-53,Q4,2023,1438.3,0,2075,66,0,Swipe ,Bills,249,0
965083879,Blue,175,1,98,2023-12-31,Week-53,Q4,2023,8571,1616,1397,28,0.189,Online ,Entertainment,349.25,0
927808848,Blue,125,1,80,2023-12-31,Week-53,Q4,2023,3673,2292,17257,34,0.624,Swipe ,Travel,150.84,0
966885391,Silver,125,1,109,2023-12-31,Week-53,Q4,2023,15677,1227,3818,81,0.078,Swipe ,Entertainment,534.52,0
915796666,Blue,495,1,105,2023-12-31,Week-53,Q4,2023,4206,1100,1144,22,0.262,Swipe ,Bills,137.28,0
956387227,Blue,430,1,167,2023-12-31,Week-53,Q4,2023,2192,1569,4010,79,0.716,Swipe ,Fuel,721.8,0
916680535,Blue,190,1,100,2023-12-31,Week-53,Q4,2023,7050,1008,2176,39,0.143,Chip ,Food,130.56,0
967367842,Silver,445,1,101,2023-12-31,Week-53,Q4,2023,2405,1540,15087,29,0.64,Swipe ,Bills,217.4,0
935378181,Silver,225,0,111,2023-12-31,Week-53,Q4,2023,34516,1588,7512,81,0.046,Swipe ,Grocery,1577.52,0
959015924,Blue,430,1,115,2023-12-31,Week-53,Q4,2023,6443,2073,9277,92,0.322,Swipe ,Fuel,1206.01,0
931655537,Blue,225,1,101,2023-12-31,Week-53,Q4,2023,1621,0,7400,86,0,Swipe ,Grocery,740,0
918979142,Blue,475,1,112,2023-12-31,Week-53,Q4,2023,23507,1990,2650,65,0.085,Swipe ,Bills,583,0
941614504,Blue,455,1,41,2023-12-31,Week-53,Q4,2023,4597,2442,18504,38,0.531,Online ,Entertainment,240.64,0
956303078,Blue,410,0,73,2023-12-31,Week-53,Q4,2023,6228,1738,8284,77,0.279,Swipe ,Fuel,1822.48,0
964474458,Blue,100,0,72,2023-12-31,Week-53,Q4,2023,1438.3,0,4928,84,0,Online ,Grocery,788.48,0
962482385,Silver,100,1,150,2023-12-31,Week-53,Q4,2023,34516,2052,3510,62,0.059,Swipe ,Grocery,772.2,0
919695363,Blue,475,1,99,2023-12-31,Week-53,Q4,2023,3807,2517,19739,36,0.661,Swipe ,Entertainment,504.31,0
931822111,Blue,275,0,99,2023-12-31,Week-53,Q4,2023,11548,0,7781,72,0,Swipe ,Food,1167.15,0
925168075,Blue,245,1,74,2023-12-31,Week-53,Q4,2023,20769,901,1835,43,0.043,Chip ,Fuel,201.85,0
